%Time [ms]	Commanded Torque [mNm]	Angular Velocity [RPM]	Actual Current [Amp]	%12/3/201912:49 PM
0.000	0.000	0.000	0.000
20.000	20.000	0.000	0.008
30.000	20.000	0.000	0.004
40.000	20.000	0.000	0.007
50.000	20.000	0.000	0.006
60.000	20.000	0.000	0.009
70.000	20.000	0.000	0.008
80.000	20.000	0.000	0.008
90.000	20.000	0.000	0.004
100.000	20.000	0.000	0.008
110.000	20.000	0.000	0.007
120.000	20.000	0.000	0.008
130.000	20.000	0.000	0.007
140.000	20.000	0.000	0.006
150.000	20.000	0.000	0.007
160.000	20.000	0.000	0.006
170.000	20.000	0.000	0.007
180.000	20.000	0.000	0.002
190.000	20.000	0.000	0.006
200.000	20.000	0.000	0.009
210.000	20.000	0.000	0.007
220.000	20.000	0.000	0.004
230.000	20.000	0.000	0.006
240.000	20.000	0.000	0.008
250.000	20.000	0.000	0.007
260.000	20.000	0.000	0.007
270.000	20.000	0.000	0.006
280.000	20.000	0.000	0.006
290.000	20.000	0.000	0.009
300.000	20.000	0.000	0.003
310.000	20.000	0.000	0.007
320.000	20.000	0.000	0.007
330.000	20.000	0.000	0.008
340.000	20.000	0.000	0.006
350.000	20.000	0.000	0.008
360.000	20.000	0.000	0.006
370.000	20.000	0.000	0.006
380.000	20.000	0.000	0.007
390.000	20.000	0.000	0.007
400.000	20.000	0.000	0.007
410.000	20.000	0.000	0.006
420.000	20.000	0.000	0.006
430.000	20.000	0.000	0.008
440.000	20.000	0.000	0.006
450.000	20.000	0.000	0.004
460.000	20.000	0.000	0.008
470.000	20.000	0.000	0.004
480.000	20.000	0.000	0.003
490.000	20.000	0.000	0.006
500.000	20.000	0.000	0.006
510.000	20.000	0.000	0.008
520.000	20.000	0.000	0.008
530.000	20.000	0.000	0.008
540.000	20.000	0.000	0.008
550.000	20.000	-0.073	0.006
560.000	20.000	-0.073	0.006
570.000	20.000	-0.073	0.007
580.000	20.000	-0.073	0.006
590.000	20.000	-0.073	0.008
600.000	20.000	-0.073	0.008
610.000	20.000	-0.073	0.007
620.000	20.000	-0.073	0.007
630.000	20.000	-0.073	0.007
640.000	20.000	-0.073	0.007
650.000	20.000	0.000	0.008
660.000	20.000	0.000	0.006
670.000	20.000	0.000	0.007
680.000	20.000	0.000	0.007
690.000	20.000	0.000	0.007
700.000	20.000	0.000	0.007
710.000	20.000	0.000	0.007
720.000	20.000	0.000	0.004
730.000	20.000	0.000	0.002
740.000	20.000	0.000	0.002
750.000	20.000	0.000	0.006
760.000	20.000	0.000	0.007
770.000	20.000	0.000	0.008
780.000	20.000	0.000	0.008
790.000	20.000	0.000	0.003
800.000	20.000	0.000	0.003
810.000	20.000	0.000	0.006
820.000	20.000	0.000	0.007
830.000	20.000	0.000	0.007
840.000	20.000	0.000	0.006
850.000	20.000	0.000	0.008
860.000	20.000	0.000	0.008
870.000	20.000	0.000	0.007
880.000	20.000	0.000	0.007
890.000	20.000	0.000	0.007
900.000	20.000	0.000	0.006
910.000	20.000	0.000	0.006
920.000	20.000	0.000	0.006
930.000	20.000	0.000	0.003
940.000	20.000	0.000	0.007
950.000	20.000	0.000	0.007
960.000	20.000	0.000	0.006
970.000	20.000	0.000	0.006
980.000	20.000	0.000	0.006
990.000	20.000	0.000	0.007
1000.000	20.000	0.000	0.006
1010.000	20.000	0.000	0.003
1020.000	20.000	0.000	0.007
1030.000	20.000	0.000	0.006
1040.000	20.000	-0.073	0.112
1050.000	20.000	-0.073	0.294
1060.000	20.000	-0.146	0.428
1070.000	20.000	-0.293	0.524
1080.000	20.000	-0.513	0.595
1090.000	20.000	-0.732	0.648
1100.000	20.000	-1.099	0.687
1110.000	20.000	-1.465	0.714
1120.000	20.000	-1.758	0.736
1130.000	20.000	-2.051	0.749
1140.000	20.000	-2.344	0.759
1150.000	20.000	-2.710	0.767
1160.000	20.000	-3.223	0.780
1170.000	20.000	-3.662	0.780
1180.000	20.000	-3.955	0.780
1190.000	20.000	-4.395	0.783
1200.000	20.000	-4.907	0.786
1210.000	20.000	-5.200	0.787
1220.000	20.000	-5.420	0.787
1230.000	20.000	-5.786	0.788
1240.000	20.000	-6.372	0.795
1250.000	20.000	-6.738	0.787
1260.000	20.000	-7.178	0.787
1270.000	20.000	-7.471	0.788
1280.000	20.000	-7.764	0.787
1290.000	20.000	-8.276	0.787
1300.000	20.000	-8.276	0.788
1310.000	20.000	-8.936	0.788
1320.000	20.000	-9.302	0.787
1330.000	20.000	-9.814	0.788
1340.000	20.000	-9.961	0.789
1350.000	20.000	-10.620	0.787
1360.000	20.000	-10.620	0.791
1370.000	20.000	-11.206	0.788
1380.000	20.000	-11.646	0.786
1390.000	20.000	-12.012	0.788
1400.000	20.000	-12.305	0.789
1410.000	20.000	-12.451	0.788
1420.000	20.000	-13.257	0.787
1430.000	20.000	-13.257	0.788
1440.000	20.000	-13.843	0.789
1450.000	20.000	-14.282	0.788
1460.000	20.000	-14.575	0.789
1470.000	20.000	-14.795	0.793
1480.000	20.000	-15.454	0.787
1490.000	20.000	-15.527	0.788
1500.000	20.000	-16.113	0.789
1510.000	20.000	-16.479	0.786
1520.000	20.000	-16.699	0.787
1530.000	20.000	-17.505	0.784
1540.000	20.000	-17.505	0.786
1550.000	20.000	-17.725	0.788
1560.000	20.000	-18.311	0.786
1570.000	20.000	-18.677	0.789
1580.000	20.000	-18.970	0.792
1590.000	20.000	-19.409	0.787
1600.000	20.000	-19.995	0.789
1610.000	20.000	-20.142	0.788
1620.000	20.000	-20.581	0.792
1630.000	20.000	-20.728	0.788
1640.000	20.000	-21.606	0.788
1650.000	20.000	-21.606	0.786
1660.000	20.000	-22.192	0.791
1670.000	20.000	-22.559	0.789
1680.000	20.000	-22.925	0.788
1690.000	20.000	-23.145	0.794
1700.000	20.000	-23.511	0.788
1710.000	20.000	-23.950	0.788
1720.000	20.000	-24.170	0.787
1730.000	20.000	-24.609	0.789
1740.000	20.000	-24.609	0.792
1750.000	20.000	-25.415	0.792
1760.000	20.000	-25.708	0.794
1770.000	20.000	-26.147	0.786
1780.000	20.000	-26.221	0.788
1790.000	20.000	-26.880	0.788
1800.000	20.000	-26.953	0.786
1810.000	20.000	-27.539	0.789
1820.000	20.000	-28.125	0.788
1830.000	20.000	-28.198	0.788
1840.000	20.000	-28.711	0.789
1850.000	20.000	-29.370	0.787
1860.000	20.000	-29.297	0.788
1870.000	20.000	-29.590	0.789
1880.000	20.000	-30.396	0.792
1890.000	20.000	-30.469	0.791
1900.000	20.000	-30.981	0.792
1910.000	20.000	-31.348	0.789
1920.000	20.000	-31.494	0.793
1930.000	20.000	-32.227	0.788
1940.000	20.000	-32.446	0.788
1950.000	20.000	-32.666	0.789
1960.000	20.000	-33.325	0.791
1970.000	20.000	-33.765	0.789
1980.000	20.000	-33.691	0.787
1990.000	20.000	-34.570	0.787
2000.000	20.000	-35.010	0.788
2010.000	20.000	-35.083	0.786
2020.000	20.000	-35.522	0.788
2030.000	20.000	-35.889	0.789
2040.000	20.000	-36.621	0.789
2050.000	20.000	-36.475	0.788
2060.000	20.000	-37.134	0.789
2070.000	20.000	-37.427	0.787
2080.000	20.000	-37.866	0.791
2090.000	20.000	-38.086	0.787
2100.000	20.000	-38.452	0.787
2110.000	20.000	-39.258	0.788
2120.000	20.000	-39.258	0.788
2130.000	20.000	-39.697	0.792
2140.000	20.000	-39.844	0.795
2150.000	20.000	-40.503	0.789
2160.000	20.000	-40.576	0.787
2170.000	20.000	-40.942	0.787
2180.000	20.000	-41.528	0.788
2190.000	20.000	-41.748	0.780
2200.000	20.000	-42.187	0.787
2210.000	20.000	-42.480	0.794
2220.000	20.000	-43.140	0.787
2230.000	20.000	-43.286	0.791
2240.000	20.000	-43.872	0.788
2250.000	20.000	-44.238	0.791
2260.000	20.000	-44.238	0.791
2270.000	20.000	-44.751	0.789
2280.000	20.000	-44.897	0.789
2290.000	20.000	-45.190	0.793
2300.000	20.000	-45.410	0.787
2310.000	20.000	-45.630	0.787
2320.000	20.000	-46.069	0.786
2330.000	20.000	-46.509	0.787
2340.000	20.000	-46.655	0.792
2350.000	20.000	-47.388	0.789
2360.000	20.000	-48.047	0.793
2370.000	20.000	-47.974	0.794
2380.000	20.000	-48.413	0.789
2390.000	20.000	-48.706	0.786
2400.000	20.000	-48.853	0.789
2410.000	20.000	-49.072	0.786
2420.000	20.000	-49.731	0.791
2430.000	20.000	-49.951	0.789
2440.000	20.000	-50.171	0.795
2450.000	20.000	-50.537	0.791
2460.000	20.000	-50.537	0.786
2470.000	20.000	-51.416	0.787
2480.000	20.000	-51.562	0.789
2490.000	20.000	-51.855	0.787
2500.000	20.000	-52.734	0.787
2510.000	20.000	-52.734	0.787
2520.000	20.000	-52.661	0.789
2530.000	20.000	-53.760	0.788
2540.000	20.000	-53.760	0.788
2550.000	20.000	-53.760	0.787
2560.000	20.000	-54.199	0.789
2570.000	20.000	-54.639	0.787
2580.000	20.000	-55.444	0.789
2590.000	20.000	-55.518	0.793
2600.000	20.000	-55.518	0.793
2610.000	20.000	-55.884	0.786
2620.000	20.000	-56.763	0.789
2630.000	20.000	-56.763	0.789
2640.000	20.000	-56.763	0.787
2650.000	20.000	-57.642	0.786
2660.000	20.000	-58.154	0.792
2670.000	20.000	-58.228	0.786
2680.000	20.000	-58.374	0.791
2690.000	20.000	-58.374	0.791
2700.000	20.000	-59.033	0.791
2710.000	20.000	-59.692	0.789
2720.000	20.000	-59.692	0.789
2730.000	20.000	-59.912	0.788
2740.000	20.000	-60.645	0.791
2750.000	20.000	-60.645	0.791
2760.000	20.000	-61.304	0.791
2770.000	20.000	-61.523	0.791
2780.000	20.000	-62.109	0.789
2790.000	20.000	-62.256	0.784
2800.000	20.000	-62.695	0.786
2810.000	20.000	-63.135	0.794
2820.000	20.000	-63.721	0.791
2830.000	20.000	-63.647	0.791
2840.000	20.000	-63.940	0.788
2850.000	20.000	-64.600	0.787
2860.000	20.000	-64.893	0.787
2870.000	20.000	-65.186	0.789
2880.000	20.000	-65.552	0.787
2890.000	20.000	-66.138	0.791
2900.000	20.000	-66.211	0.788
2910.000	20.000	-66.357	0.797
2920.000	20.000	-66.724	0.788
2930.000	20.000	-67.676	0.787
2940.000	20.000	-67.896	0.786
2950.000	20.000	-68.481	0.789
2960.000	20.000	-68.481	0.789
2970.000	20.000	-68.774	0.792
2980.000	20.000	-69.141	0.789
2990.000	20.000	-69.580	0.789
3000.000	20.000	-70.020	0.789
3010.000	20.000	-70.605	0.787
3020.000	20.000	-70.972	0.789
3030.000	20.000	-71.045	0.789
3040.000	20.000	-71.484	0.792
3050.000	20.000	-72.363	0.795
3060.000	20.000	-72.217	0.793
3070.000	20.000	-72.510	0.787
3080.000	20.000	-73.169	0.792
3090.000	20.000	-73.169	0.789
3100.000	20.000	-74.048	0.789
3110.000	20.000	-74.268	0.787
3120.000	20.000	-74.194	0.784
3130.000	20.000	-74.634	0.791
3140.000	20.000	-75.366	0.792
3150.000	20.000	-75.220	0.791
3160.000	20.000	-75.952	0.789
3170.000	20.000	-76.392	0.788
3180.000	20.000	-76.465	0.792
3190.000	20.000	-76.685	0.791
3200.000	20.000	-77.271	0.789
3210.000	20.000	-77.417	0.789
3220.000	20.000	-78.149	0.787
3230.000	20.000	-78.516	0.792
3240.000	20.000	-78.369	0.791
3250.000	20.000	-79.028	0.787
3260.000	20.000	-79.102	0.788
3270.000	20.000	-79.468	0.789
3280.000	20.000	-79.980	0.789
3290.000	20.000	-80.200	0.784
3300.000	20.000	-80.566	0.786
3310.000	20.000	-81.006	0.789
3320.000	20.000	-81.006	0.789
3330.000	20.000	-81.445	0.793
3340.000	20.000	-81.885	0.788
3350.000	20.000	-81.885	0.788
3360.000	20.000	-82.397	0.791
3370.000	20.000	-83.130	0.791
3380.000	20.000	-82.983	0.787
3390.000	20.000	-82.983	0.787
3400.000	20.000	-84.009	0.793
3410.000	20.000	-84.009	0.793
3420.000	20.000	-84.302	0.786
3430.000	20.000	-84.888	0.791
3440.000	20.000	-84.888	0.791
3450.000	20.000	-85.181	0.787
3460.000	20.000	-85.693	0.791
3470.000	20.000	-85.693	0.791
3480.000	20.000	-85.986	0.789
3490.000	20.000	-87.012	0.787
3500.000	20.000	-87.012	0.787
3510.000	20.000	-87.524	0.789
3520.000	20.000	-87.744	0.788
3530.000	20.000	-88.330	0.791
3540.000	20.000	-88.330	0.791
3550.000	20.000	-88.989	0.789
3560.000	20.000	-88.989	0.789
3570.000	20.000	-89.429	0.787
3580.000	20.000	-89.795	0.789
3590.000	20.000	-89.795	0.789
3600.000	20.000	-90.088	0.788
3610.000	20.000	-91.040	0.789
3620.000	20.000	-91.040	0.789
3630.000	20.000	-91.333	0.792
3640.000	20.000	-92.065	0.788
3650.000	20.000	-92.065	0.788
3660.000	20.000	-92.358	0.792
3670.000	20.000	-93.237	0.786
3680.000	20.000	-93.237	0.786
3690.000	20.000	-93.604	0.786
3700.000	20.000	-94.409	0.787
3710.000	20.000	-94.409	0.787
3720.000	20.000	-94.849	0.788
3730.000	20.000	-95.508	0.792
3740.000	20.000	-95.508	0.792
3750.000	20.000	-95.874	0.791
3760.000	20.000	-96.753	0.789
3770.000	20.000	-96.753	0.789
3780.000	20.000	-97.192	0.784
3790.000	20.000	-97.778	0.788
3800.000	20.000	-97.778	0.788
3810.000	20.000	-97.925	0.792
3820.000	20.000	-98.511	0.784
3830.000	20.000	-98.511	0.784
3840.000	20.000	-98.950	0.791
3850.000	20.000	-99.902	0.789
3860.000	20.000	-99.902	0.789
3870.000	20.000	-99.976	0.793
3880.000	20.000	-100.562	0.784
3890.000	20.000	-100.562	0.784
3900.000	20.000	-101.001	0.789
3910.000	20.000	-101.733	0.787
3920.000	20.000	-101.733	0.787
3930.000	20.000	-101.953	0.787
3940.000	20.000	-102.466	0.789
3950.000	20.000	-102.466	0.789
3960.000	20.000	-102.905	0.787
3970.000	20.000	-103.711	0.791
3980.000	20.000	-103.711	0.791
3990.000	20.000	-103.711	0.787
4000.000	20.000	-104.150	0.793
4010.000	20.000	-104.150	0.793
4020.000	20.000	-104.736	0.792
4030.000	20.000	-105.029	0.788
4040.000	20.000	-105.542	0.788
4050.000	20.000	-105.542	0.788
4060.000	20.000	-105.615	0.791
4070.000	20.000	-106.714	0.788
4080.000	20.000	-106.494	0.791
4090.000	20.000	-106.860	0.786
4100.000	20.000	-106.787	0.787
4110.000	20.000	-107.373	0.791
4120.000	20.000	-107.300	0.787
4130.000	20.000	-108.398	0.788
4140.000	20.000	-108.179	0.782
4150.000	20.000	-108.691	0.789
4160.000	20.000	-108.911	0.787
4170.000	20.000	-108.765	0.788
4180.000	20.000	-109.570	0.789
4190.000	20.000	-110.156	0.789
4200.000	20.000	-110.303	0.793
4210.000	20.000	-111.182	0.789
4220.000	20.000	-111.182	0.789
4230.000	20.000	-110.815	0.788
4240.000	20.000	-111.768	0.789
4250.000	20.000	-111.768	0.789
4260.000	20.000	-112.280	0.787
4270.000	20.000	-112.939	0.791
4280.000	20.000	-112.939	0.791
4290.000	20.000	-113.159	0.788
4300.000	20.000	-114.185	0.795
4310.000	20.000	-114.185	0.795
4320.000	20.000	-114.478	0.789
4330.000	20.000	-115.283	0.789
4340.000	20.000	-115.283	0.789
4350.000	20.000	-115.942	0.791
4360.000	20.000	-116.455	0.787
4370.000	20.000	-116.455	0.787
4380.000	20.000	-116.602	0.786
4390.000	20.000	-117.480	0.789
4400.000	20.000	-117.700	0.789
4410.000	20.000	-117.920	0.788
4420.000	20.000	-117.993	0.797
4430.000	20.000	-117.993	0.797
4440.000	20.000	-118.506	0.793
4450.000	20.000	-119.312	0.793
4460.000	20.000	-119.312	0.793
4470.000	20.000	-119.385	0.792
4480.000	20.000	-119.897	0.792
4490.000	20.000	-120.264	0.792
4500.000	20.000	-120.703	0.794
4510.000	20.000	-121.069	0.787
4520.000	20.000	-121.069	0.787
4530.000	20.000	-121.436	0.787
4540.000	20.000	-121.802	0.788
4550.000	20.000	-121.802	0.788
4560.000	20.000	-122.241	0.787
4570.000	20.000	-122.461	0.793
4580.000	20.000	-122.461	0.793
4590.000	20.000	-123.120	0.792
4600.000	20.000	-123.267	0.791
4610.000	20.000	-123.267	0.791
4620.000	20.000	-123.706	0.789
4630.000	20.000	-124.292	0.787
4640.000	20.000	-124.292	0.787
4650.000	20.000	-124.951	0.789
4660.000	20.000	-125.171	0.798
4670.000	20.000	-125.830	0.786
4680.000	20.000	-125.830	0.786
4690.000	20.000	-126.196	0.792
4700.000	20.000	-126.196	0.792
4710.000	20.000	-126.562	0.788
4720.000	20.000	-127.222	0.789
4730.000	20.000	-127.661	0.789
4740.000	20.000	-127.661	0.789
4750.000	20.000	-128.540	0.793
4760.000	20.000	-128.540	0.793
4770.000	20.000	-128.687	0.792
4780.000	20.000	-129.199	0.789
4790.000	20.000	-129.199	0.789
4800.000	20.000	-129.932	0.789
4810.000	20.000	-130.444	0.792
4820.000	20.000	-130.957	0.786
4830.000	20.000	-130.957	0.792
4840.000	20.000	-131.396	0.789
4850.000	20.000	-132.056	0.788
4860.000	20.000	-131.836	0.789
4870.000	20.000	-132.642	0.792
4880.000	20.000	-133.374	0.787
4890.000	20.000	-133.154	0.793
4900.000	20.000	-133.081	0.784
4910.000	20.000	-133.813	0.788
4920.000	20.000	-133.081	0.787
4930.000	20.000	-133.887	0.791
4940.000	20.000	-134.619	0.791
4950.000	20.000	-134.473	0.792
4960.000	20.000	-135.059	0.791
4970.000	20.000	-135.352	0.786
4980.000	20.000	-134.692	0.788
4990.000	20.000	-135.498	0.787
5000.000	20.000	-136.304	0.788
5010.000	20.000	-135.718	0.784
5020.000	20.000	-136.377	0.793
5030.000	20.000	-137.183	0.791
5040.000	20.000	-136.450	0.792
5050.000	20.000	-136.890	0.787
5060.000	20.000	-137.183	0.787
5070.000	20.000	-137.183	0.789
5080.000	20.000	-137.988	0.791
5090.000	20.000	-138.428	0.789
5100.000	20.000	-138.208	0.793
5110.000	20.000	-138.867	0.787
5120.000	20.000	-139.233	0.791
5130.000	20.000	-139.160	0.791
5140.000	20.000	-139.893	0.788
5150.000	20.000	-140.186	0.786
5160.000	20.000	-140.332	0.792
5170.000	20.000	-140.771	0.792
5180.000	20.000	-140.991	0.794
5190.000	20.000	-141.211	0.784
5200.000	20.000	-141.577	0.789
5210.000	20.000	-142.017	0.791
5220.000	20.000	-142.456	0.788
5230.000	20.000	-142.676	0.793
5240.000	20.000	-143.188	0.789
5250.000	20.000	-143.408	0.792
5260.000	20.000	-144.214	0.791
5270.000	20.000	-144.214	0.791
5280.000	20.000	-144.653	0.787
5290.000	20.000	-145.093	0.787
5300.000	20.000	-145.093	0.787
5310.000	20.000	-145.312	0.795
5320.000	20.000	-145.972	0.786
5330.000	20.000	-145.972	0.786
5340.000	20.000	-146.191	0.792
5350.000	20.000	-146.924	0.789
5360.000	20.000	-146.924	0.789
5370.000	20.000	-146.924	0.787
5380.000	20.000	-147.729	0.794
5390.000	20.000	-147.729	0.794
5400.000	20.000	-148.169	0.787
5410.000	20.000	-148.462	0.789
5420.000	20.000	-148.462	0.789
5430.000	20.000	-148.755	0.791
5440.000	20.000	-148.828	0.788
5450.000	20.000	-149.854	0.789
5460.000	20.000	-149.707	0.789
5470.000	20.000	-149.927	0.787
5480.000	20.000	-150.073	0.789
5490.000	20.000	-150.366	0.788
5500.000	20.000	-150.732	0.789
5510.000	20.000	-150.732	0.791
5520.000	20.000	-151.392	0.787
5530.000	20.000	-151.538	0.792
5540.000	20.000	-152.124	0.787
5550.000	20.000	-151.025	0.789
5560.000	20.000	-152.051	0.791
5570.000	20.000	-153.369	0.787
5580.000	20.000	-152.930	0.786
5590.000	20.000	-153.442	0.791
5600.000	20.000	-153.296	0.797
5610.000	20.000	-154.028	0.791
5620.000	20.000	-153.882	0.789
5630.000	20.000	-155.127	0.792
5640.000	20.000	-154.907	0.786
5650.000	20.000	-155.566	0.794
5660.000	20.000	-155.713	0.788
5670.000	20.000	-155.200	0.788
5680.000	20.000	-156.226	0.795
5690.000	20.000	-156.226	0.795
5700.000	20.000	-156.738	0.789
5710.000	20.000	-157.764	0.789
5720.000	20.000	-157.764	0.789
5730.000	20.000	-156.885	0.792
5740.000	20.000	-157.690	0.792
5750.000	20.000	-158.643	0.788
5760.000	20.000	-158.643	0.793
5770.000	20.000	-159.082	0.788
5780.000	20.000	-159.302	0.786
5790.000	20.000	-159.521	0.789
5800.000	20.000	-159.668	0.788
5810.000	20.000	-159.668	0.788
5820.000	20.000	-159.888	0.791
5830.000	20.000	-160.254	0.787
5840.000	20.000	-161.133	0.784
5850.000	20.000	-160.327	0.786
5860.000	20.000	-160.986	0.789
5870.000	20.000	-160.767	0.792
5880.000	20.000	-161.060	0.789
5890.000	20.000	-161.279	0.791
5900.000	20.000	-162.598	0.792
5910.000	20.000	-162.305	0.789
5920.000	20.000	-162.598	0.789
5930.000	20.000	-162.817	0.789
5940.000	20.000	-162.231	0.786
5950.000	20.000	-162.964	0.788
5960.000	20.000	-163.550	0.797
5970.000	20.000	-163.696	0.791
5980.000	20.000	-164.209	0.787
5990.000	20.000	-165.381	0.787
6000.000	20.000	-164.355	0.788
6010.000	20.000	-165.234	0.787
6020.000	20.000	-165.894	0.789
6030.000	20.000	-165.967	0.792
6040.000	20.000	-166.406	0.787
6050.000	20.000	-166.553	0.665
6060.000	20.000	-166.113	0.489
6070.000	20.000	-166.919	0.363
6080.000	20.000	-167.651	0.260
6090.000	20.000	-166.772	0.195
6100.000	20.000	-166.992	0.107
6110.000	20.000	-166.333	0.079
6120.000	20.000	-166.333	0.079
6130.000	20.000	-166.772	0.047
6140.000	20.000	-166.772	0.047
6150.000	20.000	-166.553	0.036
6160.000	20.000	-166.479	0.018
6170.000	20.000	-165.894	0.018
6180.000	20.000	-165.894	0.018
6190.000	20.000	-165.967	0.015
6200.000	20.000	-165.967	0.015
6210.000	20.000	-165.894	0.007
6220.000	20.000	-165.527	0.008
6230.000	20.000	-165.308	0.009
6240.000	20.000	-165.308	0.007
6250.000	20.000	-165.088	0.007
6260.000	20.000	-165.088	0.007
6270.000	20.000	-164.941	0.008
6280.000	20.000	-164.575	0.007
6290.000	20.000	-164.502	0.006
6300.000	20.000	-164.502	0.006
6310.000	20.000	-164.282	0.007
6320.000	20.000	-164.282	0.007
6330.000	20.000	-164.282	0.008
6340.000	20.000	-164.136	0.003
6350.000	20.000	-164.136	0.003
6360.000	20.000	-163.989	0.004
6370.000	20.000	-164.136	0.008
6380.000	20.000	-164.575	0.007
6390.000	20.000	-164.136	0.006
6400.000	20.000	-163.916	0.006
6410.000	20.000	-164.209	0.007
6420.000	20.000	-163.843	0.007
6430.000	20.000	-163.623	0.008
6440.000	20.000	-163.989	0.002
6450.000	20.000	-163.550	0.006
6460.000	20.000	-163.403	0.006
6470.000	20.000	-163.403	0.007
6480.000	20.000	-162.231	0.004
6490.000	20.000	-162.378	0.003
6500.000	20.000	-162.964	0.006
6510.000	20.000	-161.865	0.007
6520.000	20.000	-161.719	0.008
6530.000	20.000	-162.451	0.004
6540.000	20.000	-161.279	0.004
6550.000	20.000	-161.572	0.007
6560.000	20.000	-161.206	0.006
6570.000	20.000	-160.547	0.004
6580.000	20.000	-160.840	0.003
6590.000	20.000	-161.499	0.006
6600.000	20.000	-160.327	0.007
6610.000	20.000	-160.767	0.008
6620.000	20.000	-160.840	0.007
6630.000	20.000	-159.814	0.006
6640.000	20.000	-160.181	0.008
6650.000	20.000	-160.034	0.007
6660.000	20.000	-159.961	0.007
6670.000	20.000	-160.181	0.004
6680.000	20.000	-160.547	0.004
6690.000	20.000	-159.302	0.008
6700.000	20.000	-159.668	0.008
6710.000	20.000	-159.595	0.008
6720.000	20.000	-159.595	0.004
6730.000	20.000	-159.448	0.003
6740.000	20.000	-159.448	0.007
6750.000	20.000	-159.448	0.008
6760.000	20.000	-159.448	0.008
6770.000	20.000	-159.521	0.007
6780.000	20.000	-158.423	0.007
6790.000	20.000	-158.789	0.007
6800.000	20.000	-159.375	0.007
6810.000	20.000	-158.862	0.006
6820.000	20.000	-158.716	0.004
6830.000	20.000	-158.862	0.006
6840.000	20.000	-158.423	0.004
6850.000	20.000	-158.057	0.006
6860.000	20.000	-158.643	0.004
6870.000	20.000	-157.910	0.003
6880.000	20.000	-158.496	0.007
6890.000	20.000	-158.130	0.007
6900.000	20.000	-157.178	0.007
6910.000	20.000	-157.617	0.003
6920.000	20.000	-157.178	0.004
6930.000	20.000	-157.104	0.006
6940.000	20.000	-157.324	0.007
6950.000	20.000	-156.958	0.007
6960.000	20.000	-156.079	0.002
6970.000	20.000	-156.738	0.006
6980.000	20.000	-156.006	0.008
6990.000	20.000	-156.226	0.007
7000.000	20.000	-156.299	0.003
7010.000	20.000	-155.713	0.003
7020.000	20.000	-155.859	0.004
