%Time [ms]	Commanded Torque [mNm]	Angular Velocity [RPM]	Actual Current [Amp]	%12/3/201912:47 PM
0.000	0.000	0.000	0.000
20.000	10.000	0.000	0.008
30.000	10.000	0.000	0.008
40.000	10.000	0.000	0.006
50.000	10.000	0.000	0.002
60.000	10.000	0.000	0.002
70.000	10.000	0.000	0.008
80.000	10.000	0.000	0.003
90.000	10.000	0.000	0.006
100.000	10.000	0.000	0.004
110.000	10.000	0.000	0.008
120.000	10.000	0.000	0.006
130.000	10.000	0.000	0.007
140.000	10.000	0.000	0.008
150.000	10.000	0.000	0.007
160.000	10.000	0.000	0.006
170.000	10.000	0.000	0.007
180.000	10.000	0.000	0.006
190.000	10.000	0.000	0.007
200.000	10.000	0.000	0.006
210.000	10.000	0.000	0.006
220.000	10.000	0.000	0.008
230.000	10.000	0.000	0.007
240.000	10.000	0.000	0.007
250.000	10.000	0.000	0.006
260.000	10.000	0.000	0.004
270.000	10.000	0.000	0.004
280.000	10.000	0.000	0.008
290.000	10.000	0.000	0.007
300.000	10.000	0.000	0.007
310.000	10.000	0.000	0.007
320.000	10.000	0.000	0.006
330.000	10.000	0.000	0.006
340.000	10.000	0.000	0.008
350.000	10.000	0.000	0.007
360.000	10.000	0.000	0.007
370.000	10.000	0.000	0.006
380.000	10.000	0.000	0.007
390.000	10.000	0.000	0.008
400.000	10.000	0.000	0.007
410.000	10.000	0.000	0.008
420.000	10.000	0.000	0.006
430.000	10.000	0.000	0.008
440.000	10.000	0.000	0.008
450.000	10.000	0.000	0.008
460.000	10.000	0.000	0.004
470.000	10.000	0.000	0.007
480.000	10.000	0.000	0.006
490.000	10.000	0.000	0.006
500.000	10.000	0.000	0.007
510.000	10.000	0.000	0.007
520.000	10.000	0.000	0.007
530.000	10.000	0.000	0.007
540.000	10.000	0.000	0.006
550.000	10.000	0.000	0.006
560.000	10.000	0.000	0.006
570.000	10.000	0.000	0.007
580.000	10.000	0.000	0.008
590.000	10.000	0.000	0.006
600.000	10.000	0.000	0.008
610.000	10.000	0.000	0.006
620.000	10.000	0.000	0.008
630.000	10.000	0.000	0.004
640.000	10.000	0.000	0.006
650.000	10.000	0.000	0.006
660.000	10.000	0.000	0.006
670.000	10.000	0.000	0.006
680.000	10.000	0.000	0.007
690.000	10.000	0.000	0.006
700.000	10.000	0.000	0.008
710.000	10.000	0.000	0.006
720.000	10.000	0.000	0.007
730.000	10.000	0.000	0.006
740.000	10.000	0.000	0.006
750.000	10.000	0.000	0.004
760.000	10.000	0.000	0.008
770.000	10.000	0.000	0.007
780.000	10.000	0.000	0.007
790.000	10.000	0.000	0.008
800.000	10.000	0.000	0.007
810.000	10.000	0.000	0.008
820.000	10.000	0.000	0.007
830.000	10.000	0.000	0.006
840.000	10.000	0.000	0.003
850.000	10.000	0.000	0.009
860.000	10.000	0.000	0.006
870.000	10.000	0.000	0.006
880.000	10.000	0.000	0.003
890.000	10.000	0.000	0.007
900.000	10.000	0.000	0.008
910.000	10.000	0.000	0.006
920.000	10.000	0.000	0.008
930.000	10.000	0.000	0.007
940.000	10.000	0.000	0.008
950.000	10.000	0.000	0.006
960.000	10.000	0.000	0.007
970.000	10.000	0.000	0.009
980.000	10.000	0.000	0.006
990.000	10.000	0.000	0.007
1000.000	10.000	0.000	0.007
1010.000	10.000	0.000	0.006
1020.000	10.000	0.000	0.006
1030.000	10.000	0.000	0.006
1040.000	10.000	-0.073	0.052
1050.000	10.000	-0.073	0.147
1060.000	10.000	-0.073	0.213
1070.000	10.000	-0.220	0.263
1080.000	10.000	-0.293	0.299
1090.000	10.000	-0.439	0.327
1100.000	10.000	-0.513	0.346
1110.000	10.000	-0.659	0.362
1120.000	10.000	-0.806	0.369
1130.000	10.000	-0.952	0.379
1140.000	10.000	-1.025	0.385
1150.000	10.000	-1.172	0.388
1160.000	10.000	-1.245	0.391
1170.000	10.000	-1.318	0.393
1180.000	10.000	-1.392	0.390
1190.000	10.000	-1.392	0.396
1200.000	10.000	-1.611	0.400
1210.000	10.000	-1.685	0.397
1220.000	10.000	-1.904	0.399
1230.000	10.000	-2.124	0.399
1240.000	10.000	-2.271	0.400
1250.000	10.000	-2.417	0.400
1260.000	10.000	-2.637	0.400
1270.000	10.000	-2.783	0.397
1280.000	10.000	-3.149	0.400
1290.000	10.000	-3.516	0.400
1300.000	10.000	-3.589	0.399
1310.000	10.000	-3.662	0.400
1320.000	10.000	-3.662	0.397
1330.000	10.000	-3.735	0.399
1340.000	10.000	-4.028	0.400
1350.000	10.000	-4.321	0.397
1360.000	10.000	-4.468	0.399
1370.000	10.000	-4.614	0.397
1380.000	10.000	-4.907	0.397
1390.000	10.000	-4.980	0.399
1400.000	10.000	-5.054	0.397
1410.000	10.000	-5.273	0.399
1420.000	10.000	-5.566	0.400
1430.000	10.000	-5.859	0.400
1440.000	10.000	-5.859	0.401
1450.000	10.000	-5.933	0.399
1460.000	10.000	-6.445	0.400
1470.000	10.000	-6.519	0.399
1480.000	10.000	-6.299	0.399
1490.000	10.000	-6.665	0.399
1500.000	10.000	-6.958	0.401
1510.000	10.000	-7.178	0.397
1520.000	10.000	-7.544	0.400
1530.000	10.000	-7.544	0.397
1540.000	10.000	-7.617	0.399
1550.000	10.000	-7.910	0.399
1560.000	10.000	-7.764	0.399
1570.000	10.000	-8.203	0.401
1580.000	10.000	-8.569	0.401
1590.000	10.000	-8.350	0.400
1600.000	10.000	-8.643	0.399
1610.000	10.000	-8.862	0.399
1620.000	10.000	-9.009	0.399
1630.000	10.000	-9.155	0.400
1640.000	10.000	-9.302	0.400
1650.000	10.000	-9.521	0.397
1660.000	10.000	-9.595	0.399
1670.000	10.000	-9.888	0.397
1680.000	10.000	-9.814	0.400
1690.000	10.000	-10.254	0.401
1700.000	10.000	-10.327	0.400
1710.000	10.000	-10.767	0.399
1720.000	10.000	-10.474	0.400
1730.000	10.000	-10.620	0.397
1740.000	10.000	-11.060	0.400
1750.000	10.000	-11.206	0.400
1760.000	10.000	-11.426	0.399
1770.000	10.000	-11.426	0.399
1780.000	10.000	-11.719	0.400
1790.000	10.000	-12.085	0.400
1800.000	10.000	-12.012	0.399
1810.000	10.000	-11.938	0.397
1820.000	10.000	-12.305	0.400
1830.000	10.000	-12.817	0.400
1840.000	10.000	-12.744	0.401
1850.000	10.000	-12.891	0.399
1860.000	10.000	-13.477	0.400
1870.000	10.000	-13.184	0.399
1880.000	10.000	-13.477	0.400
1890.000	10.000	-13.550	0.401
1900.000	10.000	-13.843	0.399
1910.000	10.000	-14.062	0.401
1920.000	10.000	-14.429	0.397
1930.000	10.000	-14.282	0.397
1940.000	10.000	-14.648	0.397
1950.000	10.000	-14.648	0.399
1960.000	10.000	-14.575	0.400
1970.000	10.000	-15.161	0.401
1980.000	10.000	-15.381	0.399
1990.000	10.000	-15.308	0.400
2000.000	10.000	-15.527	0.400
2010.000	10.000	-15.747	0.399
2020.000	10.000	-15.601	0.400
2030.000	10.000	-15.967	0.399
2040.000	10.000	-16.406	0.401
2050.000	10.000	-16.333	0.399
2060.000	10.000	-16.333	0.399
2070.000	10.000	-16.699	0.399
2080.000	10.000	-16.553	0.399
2090.000	10.000	-17.139	0.399
2100.000	10.000	-17.139	0.399
2110.000	10.000	-17.139	0.396
2120.000	10.000	-17.505	0.402
2130.000	10.000	-17.432	0.400
2140.000	10.000	-17.285	0.399
2150.000	10.000	-18.091	0.397
2160.000	10.000	-18.164	0.397
2170.000	10.000	-18.091	0.399
2180.000	10.000	-18.237	0.397
2190.000	10.000	-18.457	0.396
2200.000	10.000	-18.604	0.400
2210.000	10.000	-18.750	0.397
2220.000	10.000	-19.043	0.400
2230.000	10.000	-19.043	0.400
2240.000	10.000	-19.336	0.396
2250.000	10.000	-19.263	0.399
2260.000	10.000	-19.409	0.400
2270.000	10.000	-19.702	0.400
2280.000	10.000	-19.995	0.397
2290.000	10.000	-20.288	0.397
2300.000	10.000	-20.068	0.399
2310.000	10.000	-20.288	0.400
2320.000	10.000	-20.142	0.401
2330.000	10.000	-20.654	0.397
2340.000	10.000	-20.654	0.397
2350.000	10.000	-20.801	0.397
2360.000	10.000	-21.021	0.401
2370.000	10.000	-21.094	0.397
2380.000	10.000	-21.387	0.399
2390.000	10.000	-21.167	0.397
2400.000	10.000	-21.680	0.401
2410.000	10.000	-21.680	0.400
2420.000	10.000	-22.192	0.400
2430.000	10.000	-21.973	0.400
2440.000	10.000	-22.339	0.400
2450.000	10.000	-22.266	0.397
2460.000	10.000	-22.632	0.399
2470.000	10.000	-22.485	0.399
2480.000	10.000	-22.632	0.400
2490.000	10.000	-22.705	0.400
2500.000	10.000	-22.998	0.396
2510.000	10.000	-22.925	0.397
2520.000	10.000	-23.145	0.400
2530.000	10.000	-23.364	0.399
2540.000	10.000	-23.511	0.400
2550.000	10.000	-23.584	0.399
2560.000	10.000	-23.657	0.399
2570.000	10.000	-23.877	0.401
2580.000	10.000	-24.097	0.397
2590.000	10.000	-24.170	0.399
2600.000	10.000	-24.463	0.402
2610.000	10.000	-24.463	0.402
2620.000	10.000	-24.390	0.399
2630.000	10.000	-24.463	0.400
2640.000	10.000	-24.463	0.400
2650.000	10.000	-24.902	0.400
2660.000	10.000	-25.122	0.400
2670.000	10.000	-25.122	0.400
2680.000	10.000	-25.122	0.400
2690.000	10.000	-25.562	0.400
2700.000	10.000	-25.562	0.400
2710.000	10.000	-25.854	0.399
2720.000	10.000	-26.074	0.400
2730.000	10.000	-26.074	0.400
2740.000	10.000	-26.147	0.397
2750.000	10.000	-26.733	0.400
2760.000	10.000	-26.733	0.400
2770.000	10.000	-26.587	0.400
2780.000	10.000	-26.514	0.399
2790.000	10.000	-26.514	0.399
2800.000	10.000	-26.807	0.397
2810.000	10.000	-27.246	0.400
2820.000	10.000	-27.246	0.400
2830.000	10.000	-27.539	0.397
2840.000	10.000	-27.612	0.400
2850.000	10.000	-27.612	0.400
2860.000	10.000	-27.832	0.399
2870.000	10.000	-28.125	0.397
2880.000	10.000	-28.125	0.397
2890.000	10.000	-28.345	0.400
2900.000	10.000	-28.711	0.399
2910.000	10.000	-28.711	0.399
2920.000	10.000	-28.711	0.396
2930.000	10.000	-29.077	0.399
2940.000	10.000	-29.077	0.399
2950.000	10.000	-29.370	0.399
2960.000	10.000	-29.224	0.396
2970.000	10.000	-29.517	0.396
2980.000	10.000	-29.663	0.401
2990.000	10.000	-29.956	0.397
3000.000	10.000	-29.956	0.396
3010.000	10.000	-30.029	0.397
3020.000	10.000	-30.469	0.399
3030.000	10.000	-30.396	0.397
3040.000	10.000	-30.469	0.397
3050.000	10.000	-30.908	0.399
3060.000	10.000	-30.835	0.397
3070.000	10.000	-31.055	0.399
3080.000	10.000	-31.274	0.401
3090.000	10.000	-31.201	0.399
3100.000	10.000	-31.641	0.401
3110.000	10.000	-31.641	0.397
3120.000	10.000	-31.641	0.401
3130.000	10.000	-32.080	0.397
3140.000	10.000	-32.227	0.399
3150.000	10.000	-32.227	0.397
3160.000	10.000	-32.446	0.400
3170.000	10.000	-32.446	0.397
3180.000	10.000	-32.739	0.399
3190.000	10.000	-32.959	0.400
3200.000	10.000	-33.032	0.400
3210.000	10.000	-33.105	0.397
3220.000	10.000	-33.398	0.399
3230.000	10.000	-33.765	0.399
3240.000	10.000	-33.765	0.399
3250.000	10.000	-33.765	0.400
3260.000	10.000	-34.277	0.399
3270.000	10.000	-34.277	0.399
3280.000	10.000	-34.277	0.399
3290.000	10.000	-34.863	0.399
3300.000	10.000	-34.863	0.399
3310.000	10.000	-34.863	0.402
3320.000	10.000	-35.303	0.400
3330.000	10.000	-35.303	0.400
3340.000	10.000	-35.522	0.399
3350.000	10.000	-35.596	0.400
3360.000	10.000	-35.742	0.402
3370.000	10.000	-36.182	0.396
3380.000	10.000	-36.401	0.397
3390.000	10.000	-36.255	0.399
3400.000	10.000	-36.255	0.399
3410.000	10.000	-36.694	0.399
3420.000	10.000	-36.694	0.399
3430.000	10.000	-37.134	0.400
3440.000	10.000	-37.354	0.399
3450.000	10.000	-37.354	0.399
3460.000	10.000	-37.573	0.399
3470.000	10.000	-37.793	0.399
3480.000	10.000	-37.793	0.399
3490.000	10.000	-38.086	0.399
3500.000	10.000	-38.379	0.401
3510.000	10.000	-38.818	0.397
3520.000	10.000	-38.599	0.402
3530.000	10.000	-38.818	0.400
3540.000	10.000	-38.818	0.400
3550.000	10.000	-39.331	0.399
3560.000	10.000	-39.551	0.399
3570.000	10.000	-39.551	0.399
3580.000	10.000	-39.624	0.400
3590.000	10.000	-39.771	0.400
3600.000	10.000	-39.771	0.397
3610.000	10.000	-40.137	0.404
3620.000	10.000	-40.356	0.400
3630.000	10.000	-40.796	0.400
3640.000	10.000	-41.016	0.402
3650.000	10.000	-40.576	0.396
3660.000	10.000	-40.942	0.399
3670.000	10.000	-41.235	0.399
3680.000	10.000	-41.382	0.399
3690.000	10.000	-41.382	0.399
3700.000	10.000	-41.675	0.399
3710.000	10.000	-41.968	0.400
3720.000	10.000	-41.968	0.400
3730.000	10.000	-42.187	0.400
3740.000	10.000	-42.773	0.397
3750.000	10.000	-42.773	0.397
3760.000	10.000	-42.480	0.400
3770.000	10.000	-42.920	0.400
3780.000	10.000	-42.920	0.400
3790.000	10.000	-43.359	0.399
3800.000	10.000	-43.652	0.400
3810.000	10.000	-43.652	0.400
3820.000	10.000	-43.726	0.399
3830.000	10.000	-43.872	0.401
3840.000	10.000	-43.872	0.401
3850.000	10.000	-44.019	0.401
3860.000	10.000	-44.604	0.400
3870.000	10.000	-44.604	0.400
3880.000	10.000	-44.897	0.400
3890.000	10.000	-45.117	0.397
3900.000	10.000	-45.117	0.397
3910.000	10.000	-45.264	0.400
3920.000	10.000	-45.776	0.400
3930.000	10.000	-45.776	0.400
3940.000	10.000	-45.996	0.399
3950.000	10.000	-46.362	0.397
3960.000	10.000	-46.362	0.397
3970.000	10.000	-46.362	0.399
3980.000	10.000	-46.655	0.397
3990.000	10.000	-46.655	0.397
4000.000	10.000	-46.875	0.397
4010.000	10.000	-47.021	0.397
4020.000	10.000	-47.021	0.397
4030.000	10.000	-47.168	0.400
4040.000	10.000	-47.388	0.399
4050.000	10.000	-47.388	0.399
4060.000	10.000	-47.461	0.400
4070.000	10.000	-47.681	0.402
4080.000	10.000	-47.974	0.402
4090.000	10.000	-48.193	0.396
4100.000	10.000	-48.193	0.397
4110.000	10.000	-48.486	0.400
4120.000	10.000	-48.560	0.399
4130.000	10.000	-48.706	0.399
4140.000	10.000	-48.999	0.399
4150.000	10.000	-48.999	0.401
4160.000	10.000	-49.072	0.397
4170.000	10.000	-49.438	0.399
4180.000	10.000	-49.292	0.397
4190.000	10.000	-49.585	0.397
4200.000	10.000	-49.658	0.400
4210.000	10.000	-49.658	0.399
4220.000	10.000	-49.731	0.401
4230.000	10.000	-49.878	0.397
4240.000	10.000	-49.805	0.397
4250.000	10.000	-50.171	0.401
4260.000	10.000	-50.464	0.399
4270.000	10.000	-50.244	0.395
4280.000	10.000	-50.391	0.400
4290.000	10.000	-50.537	0.400
4300.000	10.000	-50.830	0.402
4310.000	10.000	-50.977	0.400
4320.000	10.000	-51.270	0.397
4330.000	10.000	-51.196	0.397
4340.000	10.000	-51.343	0.400
4350.000	10.000	-51.489	0.397
4360.000	10.000	-51.489	0.400
4370.000	10.000	-51.709	0.399
4380.000	10.000	-52.002	0.400
4390.000	10.000	-52.075	0.396
4400.000	10.000	-52.222	0.397
4410.000	10.000	-52.295	0.400
4420.000	10.000	-52.222	0.400
4430.000	10.000	-52.588	0.400
4440.000	10.000	-52.881	0.399
4450.000	10.000	-52.881	0.400
4460.000	10.000	-53.101	0.400
4470.000	10.000	-53.467	0.397
4480.000	10.000	-53.320	0.400
4490.000	10.000	-53.174	0.401
4500.000	10.000	-53.394	0.399
4510.000	10.000	-53.687	0.401
4520.000	10.000	-53.906	0.399
4530.000	10.000	-54.346	0.399
4540.000	10.000	-54.272	0.399
4550.000	10.000	-54.346	0.399
4560.000	10.000	-54.565	0.400
4570.000	10.000	-54.492	0.397
4580.000	10.000	-54.785	0.397
4590.000	10.000	-55.371	0.397
4600.000	10.000	-55.151	0.399
4610.000	10.000	-55.151	0.397
4620.000	10.000	-55.737	0.399
4630.000	10.000	-55.444	0.397
4640.000	10.000	-55.957	0.397
4650.000	10.000	-56.104	0.400
4660.000	10.000	-56.250	0.400
4670.000	10.000	-56.323	0.396
4680.000	10.000	-56.763	0.399
4690.000	10.000	-56.543	0.396
4700.000	10.000	-56.763	0.400
4710.000	10.000	-57.275	0.400
4720.000	10.000	-56.982	0.397
4730.000	10.000	-57.642	0.397
4740.000	10.000	-57.495	0.400
4750.000	10.000	-57.788	0.399
4760.000	10.000	-57.935	0.399
4770.000	10.000	-58.374	0.404
4780.000	10.000	-58.008	0.399
4790.000	10.000	-58.521	0.399
4800.000	10.000	-58.887	0.397
4810.000	10.000	-58.813	0.389
4820.000	10.000	-58.960	0.400
4830.000	10.000	-59.033	0.401
4840.000	10.000	-59.473	0.396
4850.000	10.000	-59.399	0.399
4860.000	10.000	-59.546	0.397
4870.000	10.000	-59.619	0.397
4880.000	10.000	-60.059	0.399
4890.000	10.000	-60.278	0.399
4900.000	10.000	-60.205	0.401
4910.000	10.000	-60.571	0.397
4920.000	10.000	-60.718	0.401
4930.000	10.000	-60.791	0.397
4940.000	10.000	-60.937	0.402
4950.000	10.000	-61.230	0.397
4960.000	10.000	-61.670	0.399
4970.000	10.000	-61.523	0.399
4980.000	10.000	-61.523	0.399
4990.000	10.000	-61.670	0.400
5000.000	10.000	-61.963	0.396
5010.000	10.000	-61.963	0.396
5020.000	10.000	-62.476	0.400
5030.000	10.000	-62.402	0.399
5040.000	10.000	-62.402	0.399
5050.000	10.000	-62.842	0.399
5060.000	10.000	-63.062	0.400
5070.000	10.000	-63.062	0.400
5080.000	10.000	-63.501	0.399
5090.000	10.000	-63.501	0.402
5100.000	10.000	-63.501	0.402
5110.000	10.000	-64.087	0.401
5120.000	10.000	-63.867	0.397
5130.000	10.000	-63.867	0.397
5140.000	10.000	-64.526	0.399
5150.000	10.000	-64.307	0.399
5160.000	10.000	-64.307	0.399
5170.000	10.000	-64.600	0.399
5180.000	10.000	-64.966	0.400
5190.000	10.000	-64.966	0.400
5200.000	10.000	-64.893	0.400
5210.000	10.000	-65.259	0.400
5220.000	10.000	-65.259	0.400
5230.000	10.000	-65.405	0.400
5240.000	10.000	-65.625	0.405
5250.000	10.000	-65.625	0.405
5260.000	10.000	-65.771	0.399
5270.000	10.000	-65.918	0.397
5280.000	10.000	-65.918	0.397
5290.000	10.000	-66.064	0.401
5300.000	10.000	-66.504	0.397
5310.000	10.000	-66.504	0.397
5320.000	10.000	-66.431	0.399
5330.000	10.000	-66.431	0.400
5340.000	10.000	-66.431	0.400
5350.000	10.000	-66.797	0.399
5360.000	10.000	-67.090	0.400
5370.000	10.000	-67.383	0.397
5380.000	10.000	-67.236	0.397
5390.000	10.000	-67.529	0.400
5400.000	10.000	-67.236	0.400
5410.000	10.000	-67.822	0.400
5420.000	10.000	-67.822	0.397
5430.000	10.000	-67.969	0.399
5440.000	10.000	-68.042	0.400
5450.000	10.000	-68.188	0.400
5460.000	10.000	-68.408	0.397
5470.000	10.000	-68.262	0.397
5480.000	10.000	-68.701	0.399
5490.000	10.000	-68.701	0.399
5500.000	10.000	-68.774	0.399
5510.000	10.000	-69.141	0.399
5520.000	10.000	-69.141	0.399
5530.000	10.000	-69.580	0.397
5540.000	10.000	-69.800	0.397
5550.000	10.000	-69.800	0.397
5560.000	10.000	-69.800	0.399
5570.000	10.000	-70.166	0.399
5580.000	10.000	-70.166	0.399
5590.000	10.000	-70.312	0.395
5600.000	10.000	-70.605	0.397
5610.000	10.000	-70.605	0.397
5620.000	10.000	-70.825	0.399
5630.000	10.000	-70.972	0.399
5640.000	10.000	-70.972	0.399
5650.000	10.000	-71.118	0.400
5660.000	10.000	-71.484	0.399
5670.000	10.000	-71.924	0.404
5680.000	10.000	-71.924	0.400
5690.000	10.000	-71.924	0.399
5700.000	10.000	-72.656	0.401
5710.000	10.000	-72.363	0.397
5720.000	10.000	-72.510	0.399
5730.000	10.000	-72.656	0.400
5740.000	10.000	-72.876	0.400
5750.000	10.000	-73.315	0.400
5760.000	10.000	-73.242	0.397
5770.000	10.000	-73.169	0.399
5780.000	10.000	-73.462	0.401
5790.000	10.000	-73.755	0.399
5800.000	10.000	-73.462	0.399
5810.000	10.000	-73.828	0.399
5820.000	10.000	-74.341	0.400
5830.000	10.000	-74.487	0.400
5840.000	10.000	-74.707	0.399
5850.000	10.000	-74.707	0.400
5860.000	10.000	-74.927	0.401
5870.000	10.000	-75.146	0.401
5880.000	10.000	-75.146	0.401
5890.000	10.000	-75.220	0.397
5900.000	10.000	-75.732	0.401
5910.000	10.000	-75.732	0.401
5920.000	10.000	-75.586	0.400
5930.000	10.000	-76.025	0.399
5940.000	10.000	-76.025	0.399
5950.000	10.000	-76.392	0.396
5960.000	10.000	-76.245	0.399
5970.000	10.000	-76.245	0.399
5980.000	10.000	-76.904	0.401
5990.000	10.000	-76.904	0.400
6000.000	10.000	-76.978	0.402
6010.000	10.000	-77.417	0.400
6020.000	10.000	-77.344	0.399
6030.000	10.000	-77.344	0.399
6040.000	10.000	-77.637	0.344
6050.000	10.000	-77.344	0.255
6060.000	10.000	-77.563	0.186
6070.000	10.000	-78.076	0.136
6080.000	10.000	-77.563	0.103
6090.000	10.000	-77.710	0.076
6100.000	10.000	-77.637	0.056
6110.000	10.000	-77.490	0.047
6120.000	10.000	-77.563	0.036
6130.000	10.000	-77.271	0.023
6140.000	10.000	-77.417	0.013
6150.000	10.000	-77.417	0.013
6160.000	10.000	-77.197	0.008
6170.000	10.000	-77.197	0.010
6180.000	10.000	-76.904	0.009
6190.000	10.000	-76.904	0.009
6200.000	10.000	-76.831	0.012
6210.000	10.000	-76.831	0.012
6220.000	10.000	-76.758	0.007
6230.000	10.000	-76.685	0.006
6240.000	10.000	-76.685	0.006
6250.000	10.000	-76.538	0.003
6260.000	10.000	-76.538	0.007
6270.000	10.000	-76.099	0.006
6280.000	10.000	-76.685	0.008
6290.000	10.000	-76.465	0.008
6300.000	10.000	-76.465	0.008
6310.000	10.000	-76.099	0.006
6320.000	10.000	-76.172	0.008
6330.000	10.000	-76.611	0.007
6340.000	10.000	-76.392	0.004
6350.000	10.000	-76.172	0.006
6360.000	10.000	-75.952	0.004
6370.000	10.000	-76.245	0.007
6380.000	10.000	-76.172	0.006
6390.000	10.000	-76.025	0.006
6400.000	10.000	-76.099	0.007
6410.000	10.000	-76.025	0.008
6420.000	10.000	-76.172	0.004
6430.000	10.000	-75.513	0.008
6440.000	10.000	-75.586	0.004
6450.000	10.000	-75.952	0.006
6460.000	10.000	-75.879	0.006
6470.000	10.000	-75.732	0.004
6480.000	10.000	-75.659	0.008
6490.000	10.000	-75.293	0.006
6500.000	10.000	-75.732	0.007
6510.000	10.000	-75.586	0.008
6520.000	10.000	-75.293	0.009
6530.000	10.000	-75.293	0.008
6540.000	10.000	-75.659	0.003
6550.000	10.000	-75.513	0.006
6560.000	10.000	-75.366	0.003
6570.000	10.000	-75.293	0.003
6580.000	10.000	-75.220	0.003
6590.000	10.000	-75.220	0.007
6600.000	10.000	-75.220	0.007
6610.000	10.000	-75.220	0.007
6620.000	10.000	-75.220	0.004
6630.000	10.000	-75.220	0.004
6640.000	10.000	-74.780	0.006
6650.000	10.000	-75.073	0.004
6660.000	10.000	-75.073	0.004
6670.000	10.000	-75.000	0.007
6680.000	10.000	-74.927	0.007
6690.000	10.000	-74.927	0.007
6700.000	10.000	-74.927	0.006
6710.000	10.000	-74.780	0.006
6720.000	10.000	-74.780	0.006
6730.000	10.000	-74.780	0.006
6740.000	10.000	-74.561	0.006
6750.000	10.000	-74.561	0.006
6760.000	10.000	-74.487	0.004
6770.000	10.000	-74.487	0.006
6780.000	10.000	-74.487	0.006
6790.000	10.000	-74.487	0.006
6800.000	10.000	-74.048	0.010
6810.000	10.000	-74.048	0.010
6820.000	10.000	-74.268	0.008
6830.000	10.000	-74.341	0.004
6840.000	10.000	-74.341	0.004
6850.000	10.000	-73.755	0.003
6860.000	10.000	-73.755	0.004
6870.000	10.000	-73.975	0.003
6880.000	10.000	-73.682	0.006
6890.000	10.000	-73.975	0.006
6900.000	10.000	-73.682	0.004
6910.000	10.000	-73.755	0.008
6920.000	10.000	-73.315	0.007
6930.000	10.000	-73.389	0.009
6940.000	10.000	-72.949	0.003
6950.000	10.000	-72.949	0.004
6960.000	10.000	-73.315	0.004
6970.000	10.000	-72.510	0.003
6980.000	10.000	-73.096	0.004
6990.000	10.000	-72.510	0.007
7000.000	10.000	-72.729	0.009
7010.000	10.000	-72.437	0.008
7020.000	10.000	-72.656	0.007
