%Time [ms]	Commanded Torque [mNm]	Angular Velocity [RPM]	Actual Current [Amp]	%12/3/201912:48 PM
0.000	0.000	0.000	0.000
20.000	15.000	0.000	0.008
30.000	15.000	0.000	0.007
40.000	15.000	0.000	0.006
50.000	15.000	0.000	0.007
60.000	15.000	0.000	0.008
70.000	15.000	0.000	0.007
80.000	15.000	0.000	0.008
90.000	15.000	0.000	0.008
100.000	15.000	0.000	0.006
110.000	15.000	0.000	0.006
120.000	15.000	0.000	0.008
130.000	15.000	0.000	0.008
140.000	15.000	0.000	0.008
150.000	15.000	0.000	0.009
160.000	15.000	0.000	0.009
170.000	15.000	0.000	0.006
180.000	15.000	0.000	0.007
190.000	15.000	0.000	0.008
200.000	15.000	0.000	0.007
210.000	15.000	0.000	0.007
220.000	15.000	0.000	0.007
230.000	15.000	0.000	0.007
240.000	15.000	0.000	0.006
250.000	15.000	0.000	0.008
260.000	15.000	0.000	0.007
270.000	15.000	0.000	0.006
280.000	15.000	0.000	0.007
290.000	15.000	0.000	0.006
300.000	15.000	0.000	0.007
310.000	15.000	0.000	0.004
320.000	15.000	0.000	0.007
330.000	15.000	0.000	0.008
340.000	15.000	0.000	0.009
350.000	15.000	0.000	0.006
360.000	15.000	0.000	0.007
370.000	15.000	0.000	0.007
380.000	15.000	0.000	0.008
390.000	15.000	0.000	0.007
400.000	15.000	0.000	0.009
410.000	15.000	0.000	0.006
420.000	15.000	0.000	0.003
430.000	15.000	0.000	0.009
440.000	15.000	0.000	0.004
450.000	15.000	0.000	0.007
460.000	15.000	0.000	0.006
470.000	15.000	0.000	0.004
480.000	15.000	0.000	0.007
490.000	15.000	0.000	0.007
500.000	15.000	0.000	0.008
510.000	15.000	0.000	0.008
520.000	15.000	0.000	0.008
530.000	15.000	0.000	0.007
540.000	15.000	0.000	0.008
550.000	15.000	0.000	0.007
560.000	15.000	0.000	0.004
570.000	15.000	0.000	0.008
580.000	15.000	0.000	0.003
590.000	15.000	0.000	0.006
600.000	15.000	0.000	0.007
610.000	15.000	0.000	0.006
620.000	15.000	0.000	0.008
630.000	15.000	0.000	0.008
640.000	15.000	0.000	0.006
650.000	15.000	0.000	0.007
660.000	15.000	0.000	0.006
670.000	15.000	0.000	0.008
680.000	15.000	0.000	0.008
690.000	15.000	0.000	0.008
700.000	15.000	0.000	0.007
710.000	15.000	0.000	0.006
720.000	15.000	0.000	0.007
730.000	15.000	0.000	0.007
740.000	15.000	0.000	0.007
750.000	15.000	0.000	0.008
760.000	15.000	0.000	0.007
770.000	15.000	0.000	0.007
780.000	15.000	0.000	0.007
790.000	15.000	0.000	0.008
800.000	15.000	0.000	0.009
810.000	15.000	0.000	0.004
820.000	15.000	0.000	0.008
830.000	15.000	0.000	0.007
840.000	15.000	0.000	0.008
850.000	15.000	0.000	0.008
860.000	15.000	0.000	0.008
870.000	15.000	0.000	0.006
880.000	15.000	0.000	0.009
890.000	15.000	0.000	0.007
900.000	15.000	0.000	0.008
910.000	15.000	0.000	0.009
920.000	15.000	0.000	0.007
930.000	15.000	0.000	0.004
940.000	15.000	0.000	0.006
950.000	15.000	0.000	0.009
960.000	15.000	0.000	0.007
970.000	15.000	0.000	0.007
980.000	15.000	0.000	0.007
990.000	15.000	0.000	0.008
1000.000	15.000	0.000	0.006
1010.000	15.000	0.000	0.003
1020.000	15.000	0.000	0.007
1030.000	15.000	0.000	0.008
1040.000	15.000	-0.073	0.087
1050.000	15.000	-0.073	0.223
1060.000	15.000	-0.073	0.321
1070.000	15.000	-0.146	0.396
1080.000	15.000	-0.220	0.451
1090.000	15.000	-0.366	0.484
1100.000	15.000	-0.513	0.512
1110.000	15.000	-0.732	0.537
1120.000	15.000	-0.952	0.551
1130.000	15.000	-1.245	0.562
1140.000	15.000	-1.392	0.571
1150.000	15.000	-1.611	0.578
1160.000	15.000	-1.904	0.578
1170.000	15.000	-2.124	0.583
1180.000	15.000	-2.344	0.588
1190.000	15.000	-2.710	0.588
1200.000	15.000	-3.076	0.592
1210.000	15.000	-3.296	0.589
1220.000	15.000	-3.442	0.594
1230.000	15.000	-3.516	0.590
1240.000	15.000	-3.735	0.593
1250.000	15.000	-4.248	0.593
1260.000	15.000	-4.468	0.592
1270.000	15.000	-4.687	0.592
1280.000	15.000	-5.054	0.592
1290.000	15.000	-5.347	0.593
1300.000	15.000	-5.420	0.594
1310.000	15.000	-5.566	0.594
1320.000	15.000	-5.933	0.594
1330.000	15.000	-6.299	0.592
1340.000	15.000	-6.592	0.593
1350.000	15.000	-6.885	0.594
1360.000	15.000	-7.178	0.589
1370.000	15.000	-7.324	0.592
1380.000	15.000	-7.690	0.594
1390.000	15.000	-7.690	0.593
1400.000	15.000	-8.203	0.590
1410.000	15.000	-8.643	0.590
1420.000	15.000	-8.569	0.593
1430.000	15.000	-9.009	0.593
1440.000	15.000	-9.155	0.592
1450.000	15.000	-9.375	0.592
1460.000	15.000	-9.595	0.592
1470.000	15.000	-9.888	0.592
1480.000	15.000	-10.107	0.592
1490.000	15.000	-10.693	0.592
1500.000	15.000	-10.620	0.590
1510.000	15.000	-10.693	0.593
1520.000	15.000	-11.279	0.593
1530.000	15.000	-11.499	0.592
1540.000	15.000	-11.719	0.595
1550.000	15.000	-11.938	0.594
1560.000	15.000	-12.085	0.593
1570.000	15.000	-12.671	0.592
1580.000	15.000	-12.598	0.592
1590.000	15.000	-12.671	0.592
1600.000	15.000	-13.257	0.593
1610.000	15.000	-13.403	0.592
1620.000	15.000	-13.770	0.593
1630.000	15.000	-14.062	0.596
1640.000	15.000	-14.282	0.596
1650.000	15.000	-14.429	0.593
1660.000	15.000	-14.941	0.592
1670.000	15.000	-14.868	0.593
1680.000	15.000	-15.454	0.594
1690.000	15.000	-15.894	0.593
1700.000	15.000	-15.674	0.592
1710.000	15.000	-16.187	0.593
1720.000	15.000	-16.479	0.592
1730.000	15.000	-16.553	0.592
1740.000	15.000	-17.065	0.590
1750.000	15.000	-17.139	0.589
1760.000	15.000	-17.432	0.593
1770.000	15.000	-18.018	0.592
1780.000	15.000	-18.091	0.590
1790.000	15.000	-18.237	0.594
1800.000	15.000	-18.604	0.588
1810.000	15.000	-18.750	0.592
1820.000	15.000	-19.116	0.590
1830.000	15.000	-19.775	0.595
1840.000	15.000	-19.775	0.595
1850.000	15.000	-20.142	0.594
1860.000	15.000	-20.361	0.592
1870.000	15.000	-20.288	0.590
1880.000	15.000	-20.874	0.594
1890.000	15.000	-20.728	0.589
1900.000	15.000	-21.240	0.592
1910.000	15.000	-21.606	0.594
1920.000	15.000	-21.680	0.589
1930.000	15.000	-21.899	0.595
1940.000	15.000	-22.192	0.592
1950.000	15.000	-22.412	0.592
1960.000	15.000	-22.778	0.594
1970.000	15.000	-23.145	0.592
1980.000	15.000	-23.364	0.593
1990.000	15.000	-23.804	0.594
2000.000	15.000	-24.390	0.592
2010.000	15.000	-24.390	0.594
2020.000	15.000	-24.683	0.589
2030.000	15.000	-25.049	0.594
2040.000	15.000	-25.122	0.592
2050.000	15.000	-25.415	0.590
2060.000	15.000	-25.562	0.590
2070.000	15.000	-26.221	0.598
2080.000	15.000	-26.147	0.593
2090.000	15.000	-26.733	0.592
2100.000	15.000	-26.514	0.594
2110.000	15.000	-26.953	0.592
2120.000	15.000	-27.466	0.593
2130.000	15.000	-27.612	0.592
2140.000	15.000	-27.979	0.592
2150.000	15.000	-28.271	0.595
2160.000	15.000	-28.418	0.595
2170.000	15.000	-28.711	0.590
2180.000	15.000	-29.004	0.593
2190.000	15.000	-29.736	0.594
2200.000	15.000	-29.736	0.594
2210.000	15.000	-30.029	0.593
2220.000	15.000	-29.810	0.592
2230.000	15.000	-30.542	0.593
2240.000	15.000	-30.542	0.592
2250.000	15.000	-30.835	0.592
2260.000	15.000	-31.494	0.592
2270.000	15.000	-31.201	0.590
2280.000	15.000	-31.714	0.593
2290.000	15.000	-32.227	0.594
2300.000	15.000	-32.153	0.593
2310.000	15.000	-32.446	0.593
2320.000	15.000	-32.812	0.593
2330.000	15.000	-33.105	0.592
2340.000	15.000	-33.398	0.593
2350.000	15.000	-33.765	0.592
2360.000	15.000	-33.765	0.596
2370.000	15.000	-34.497	0.592
2380.000	15.000	-34.351	0.593
2390.000	15.000	-34.717	0.592
2400.000	15.000	-34.790	0.592
2410.000	15.000	-35.303	0.590
2420.000	15.000	-35.889	0.596
2430.000	15.000	-35.449	0.592
2440.000	15.000	-36.108	0.592
2450.000	15.000	-36.182	0.594
2460.000	15.000	-36.621	0.598
2470.000	15.000	-36.914	0.593
2480.000	15.000	-37.280	0.592
2490.000	15.000	-37.646	0.593
2500.000	15.000	-37.866	0.592
2510.000	15.000	-37.866	0.592
2520.000	15.000	-38.159	0.596
2530.000	15.000	-38.672	0.593
2540.000	15.000	-38.672	0.593
2550.000	15.000	-39.111	0.598
2560.000	15.000	-39.185	0.592
2570.000	15.000	-39.185	0.592
2580.000	15.000	-39.844	0.592
2590.000	15.000	-40.796	0.592
2600.000	15.000	-40.796	0.592
2610.000	15.000	-41.016	0.593
2620.000	15.000	-41.162	0.590
2630.000	15.000	-41.162	0.590
2640.000	15.000	-41.602	0.590
2650.000	15.000	-42.041	0.592
2660.000	15.000	-42.041	0.592
2670.000	15.000	-42.480	0.590
2680.000	15.000	-42.627	0.594
2690.000	15.000	-42.773	0.592
2700.000	15.000	-43.066	0.593
2710.000	15.000	-43.286	0.593
2720.000	15.000	-44.019	0.592
2730.000	15.000	-44.238	0.593
2740.000	15.000	-44.531	0.593
2750.000	15.000	-44.604	0.590
2760.000	15.000	-45.044	0.590
2770.000	15.000	-45.337	0.592
2780.000	15.000	-45.703	0.592
2790.000	15.000	-45.923	0.593
2800.000	15.000	-46.069	0.590
2810.000	15.000	-46.216	0.595
2820.000	15.000	-46.289	0.593
2830.000	15.000	-46.509	0.592
2840.000	15.000	-46.875	0.594
2850.000	15.000	-47.095	0.590
2860.000	15.000	-47.241	0.590
2870.000	15.000	-47.388	0.590
2880.000	15.000	-47.388	0.590
2890.000	15.000	-47.607	0.590
2900.000	15.000	-48.047	0.593
2910.000	15.000	-48.193	0.596
2920.000	15.000	-48.560	0.594
2930.000	15.000	-49.072	0.590
2940.000	15.000	-48.926	0.598
2950.000	15.000	-49.292	0.592
2960.000	15.000	-49.585	0.590
2970.000	15.000	-49.878	0.592
2980.000	15.000	-50.244	0.593
2990.000	15.000	-50.903	0.590
3000.000	15.000	-50.684	0.592
3010.000	15.000	-50.977	0.590
3020.000	15.000	-50.977	0.593
3030.000	15.000	-51.050	0.596
3040.000	15.000	-51.562	0.592
3050.000	15.000	-51.709	0.593
3060.000	15.000	-51.855	0.592
3070.000	15.000	-52.295	0.592
3080.000	15.000	-52.515	0.589
3090.000	15.000	-52.148	0.592
3100.000	15.000	-52.515	0.590
3110.000	15.000	-53.320	0.590
3120.000	15.000	-53.320	0.592
3130.000	15.000	-53.613	0.592
3140.000	15.000	-53.906	0.590
3150.000	15.000	-53.979	0.592
3160.000	15.000	-54.053	0.592
3170.000	15.000	-54.492	0.592
3180.000	15.000	-54.565	0.590
3190.000	15.000	-55.225	0.589
3200.000	15.000	-55.518	0.598
3210.000	15.000	-55.078	0.593
3220.000	15.000	-55.737	0.592
3230.000	15.000	-56.104	0.592
3240.000	15.000	-56.250	0.590
3250.000	15.000	-56.470	0.592
3260.000	15.000	-56.982	0.592
3270.000	15.000	-56.689	0.590
3280.000	15.000	-57.349	0.592
3290.000	15.000	-57.349	0.593
3300.000	15.000	-57.568	0.598
3310.000	15.000	-58.081	0.592
3320.000	15.000	-58.374	0.593
3330.000	15.000	-58.228	0.592
3340.000	15.000	-58.447	0.592
3350.000	15.000	-59.253	0.592
3360.000	15.000	-59.326	0.593
3370.000	15.000	-59.546	0.593
3380.000	15.000	-59.546	0.590
3390.000	15.000	-60.205	0.592
3400.000	15.000	-60.278	0.590
3410.000	15.000	-60.571	0.593
3420.000	15.000	-60.937	0.594
3430.000	15.000	-61.011	0.590
3440.000	15.000	-61.670	0.593
3450.000	15.000	-61.743	0.590
3460.000	15.000	-61.743	0.590
3470.000	15.000	-62.329	0.592
3480.000	15.000	-62.842	0.593
3490.000	15.000	-62.622	0.594
3500.000	15.000	-63.062	0.594
3510.000	15.000	-63.501	0.593
3520.000	15.000	-63.501	0.592
3530.000	15.000	-64.307	0.590
3540.000	15.000	-63.867	0.589
3550.000	15.000	-64.819	0.592
3560.000	15.000	-64.966	0.592
3570.000	15.000	-64.966	0.592
3580.000	15.000	-65.259	0.592
3590.000	15.000	-65.259	0.592
3600.000	15.000	-65.698	0.595
3610.000	15.000	-66.138	0.592
3620.000	15.000	-66.138	0.592
3630.000	15.000	-66.357	0.590
3640.000	15.000	-67.236	0.593
3650.000	15.000	-67.236	0.593
3660.000	15.000	-67.383	0.590
3670.000	15.000	-67.749	0.592
3680.000	15.000	-67.749	0.592
3690.000	15.000	-68.628	0.590
3700.000	15.000	-68.628	0.595
3710.000	15.000	-69.287	0.593
3720.000	15.000	-69.214	0.593
3730.000	15.000	-69.580	0.592
3740.000	15.000	-69.727	0.593
3750.000	15.000	-69.873	0.590
3760.000	15.000	-70.020	0.589
3770.000	15.000	-70.679	0.594
3780.000	15.000	-70.825	0.595
3790.000	15.000	-70.898	0.592
3800.000	15.000	-71.191	0.593
3810.000	15.000	-70.972	0.592
3820.000	15.000	-71.558	0.594
3830.000	15.000	-71.777	0.588
3840.000	15.000	-72.070	0.593
3850.000	15.000	-72.217	0.592
3860.000	15.000	-73.022	0.593
3870.000	15.000	-72.510	0.593
3880.000	15.000	-73.022	0.599
3890.000	15.000	-73.096	0.595
3900.000	15.000	-73.389	0.593
3910.000	15.000	-73.828	0.594
3920.000	15.000	-74.341	0.593
3930.000	15.000	-74.121	0.590
3940.000	15.000	-74.341	0.592
3950.000	15.000	-74.634	0.592
3960.000	15.000	-74.707	0.590
3970.000	15.000	-74.927	0.592
3980.000	15.000	-75.293	0.596
3990.000	15.000	-75.439	0.595
4000.000	15.000	-75.879	0.594
4010.000	15.000	-76.025	0.592
4020.000	15.000	-75.659	0.596
4030.000	15.000	-76.025	0.590
4040.000	15.000	-76.904	0.590
4050.000	15.000	-76.758	0.590
4060.000	15.000	-76.685	0.593
4070.000	15.000	-77.490	0.593
4080.000	15.000	-77.271	0.595
4090.000	15.000	-77.637	0.592
4100.000	15.000	-77.930	0.593
4110.000	15.000	-77.783	0.592
4120.000	15.000	-78.442	0.590
4130.000	15.000	-78.809	0.593
4140.000	15.000	-78.516	0.596
4150.000	15.000	-79.102	0.593
4160.000	15.000	-79.321	0.590
4170.000	15.000	-79.395	0.593
4180.000	15.000	-79.687	0.594
4190.000	15.000	-80.420	0.593
4200.000	15.000	-80.200	0.585
4210.000	15.000	-80.859	0.592
4220.000	15.000	-81.079	0.590
4230.000	15.000	-81.152	0.590
4240.000	15.000	-81.372	0.592
4250.000	15.000	-81.738	0.593
4260.000	15.000	-81.812	0.590
4270.000	15.000	-81.958	0.594
4280.000	15.000	-82.690	0.593
4290.000	15.000	-82.544	0.593
4300.000	15.000	-83.203	0.594
4310.000	15.000	-83.057	0.594
4320.000	15.000	-83.276	0.594
4330.000	15.000	-83.569	0.590
4340.000	15.000	-84.082	0.594
4350.000	15.000	-84.302	0.592
4360.000	15.000	-84.595	0.592
4370.000	15.000	-84.888	0.598
4380.000	15.000	-84.814	0.592
4390.000	15.000	-84.961	0.592
4400.000	15.000	-85.620	0.593
4410.000	15.000	-85.986	0.592
4420.000	15.000	-86.060	0.592
4430.000	15.000	-86.865	0.593
4440.000	15.000	-86.719	0.593
4450.000	15.000	-86.865	0.590
4460.000	15.000	-87.378	0.593
4470.000	15.000	-87.451	0.595
4480.000	15.000	-87.964	0.588
4490.000	15.000	-88.403	0.593
4500.000	15.000	-88.110	0.592
4510.000	15.000	-88.403	0.592
4520.000	15.000	-89.209	0.595
4530.000	15.000	-88.696	0.588
4540.000	15.000	-89.136	0.593
4550.000	15.000	-89.429	0.594
4560.000	15.000	-89.722	0.590
4570.000	15.000	-90.015	0.596
4580.000	15.000	-90.527	0.590
4590.000	15.000	-90.308	0.592
4600.000	15.000	-90.601	0.592
4610.000	15.000	-91.187	0.594
4620.000	15.000	-90.820	0.590
4630.000	15.000	-91.406	0.592
4640.000	15.000	-91.772	0.590
4650.000	15.000	-91.846	0.590
4660.000	15.000	-92.139	0.593
4670.000	15.000	-92.358	0.596
4680.000	15.000	-92.212	0.593
4690.000	15.000	-92.725	0.592
4700.000	15.000	-92.944	0.592
4710.000	15.000	-92.871	0.592
4720.000	15.000	-93.237	0.593
4730.000	15.000	-93.530	0.592
4740.000	15.000	-93.530	0.590
4750.000	15.000	-93.750	0.594
4760.000	15.000	-94.116	0.593
4770.000	15.000	-94.116	0.593
4780.000	15.000	-94.189	0.593
4790.000	15.000	-94.775	0.593
4800.000	15.000	-94.775	0.593
4810.000	15.000	-94.995	0.593
4820.000	15.000	-95.654	0.592
4830.000	15.000	-95.435	0.593
4840.000	15.000	-95.728	0.592
4850.000	15.000	-96.313	0.593
4860.000	15.000	-96.094	0.592
4870.000	15.000	-96.533	0.592
4880.000	15.000	-97.339	0.592
4890.000	15.000	-97.046	0.594
4900.000	15.000	-97.339	0.593
4910.000	15.000	-97.632	0.593
4920.000	15.000	-97.339	0.596
4930.000	15.000	-97.998	0.600
4940.000	15.000	-98.218	0.590
4950.000	15.000	-98.218	0.590
4960.000	15.000	-98.730	0.592
4970.000	15.000	-98.877	0.592
4980.000	15.000	-99.170	0.592
4990.000	15.000	-99.170	0.592
5000.000	15.000	-100.122	0.593
5010.000	15.000	-100.049	0.592
5020.000	15.000	-100.342	0.592
5030.000	15.000	-101.147	0.592
5040.000	15.000	-100.708	0.590
5050.000	15.000	-101.221	0.592
5060.000	15.000	-101.953	0.592
5070.000	15.000	-101.294	0.596
5080.000	15.000	-102.173	0.588
5090.000	15.000	-102.832	0.592
5100.000	15.000	-102.173	0.593
5110.000	15.000	-102.832	0.593
5120.000	15.000	-103.491	0.590
5130.000	15.000	-103.125	0.590
5140.000	15.000	-103.418	0.594
5150.000	15.000	-104.297	0.599
5160.000	15.000	-103.711	0.589
5170.000	15.000	-104.443	0.592
5180.000	15.000	-104.663	0.593
5190.000	15.000	-104.517	0.592
5200.000	15.000	-104.956	0.593
5210.000	15.000	-105.615	0.592
5220.000	15.000	-105.029	0.594
5230.000	15.000	-105.396	0.596
5240.000	15.000	-106.274	0.593
5250.000	15.000	-105.835	0.593
5260.000	15.000	-106.055	0.592
5270.000	15.000	-106.348	0.593
5280.000	15.000	-106.421	0.596
5290.000	15.000	-106.567	0.594
5300.000	15.000	-107.373	0.593
5310.000	15.000	-106.714	0.592
5320.000	15.000	-107.446	0.592
5330.000	15.000	-107.812	0.594
5340.000	15.000	-107.153	0.594
5350.000	15.000	-107.739	0.592
5360.000	15.000	-108.472	0.590
5370.000	15.000	-108.105	0.590
5380.000	15.000	-108.472	0.592
5390.000	15.000	-109.131	0.593
5400.000	15.000	-108.472	0.590
5410.000	15.000	-109.204	0.594
5420.000	15.000	-109.644	0.592
5430.000	15.000	-109.204	0.595
5440.000	15.000	-109.937	0.594
5450.000	15.000	-110.303	0.593
5460.000	15.000	-110.156	0.594
5470.000	15.000	-110.376	0.593
5480.000	15.000	-110.962	0.592
5490.000	15.000	-110.815	0.593
5500.000	15.000	-111.401	0.593
5510.000	15.000	-111.987	0.593
5520.000	15.000	-111.328	0.592
5530.000	15.000	-111.987	0.594
5540.000	15.000	-112.573	0.593
5550.000	15.000	-112.280	0.593
5560.000	15.000	-112.793	0.594
5570.000	15.000	-113.599	0.594
5580.000	15.000	-113.232	0.598
5590.000	15.000	-113.232	0.592
5600.000	15.000	-114.111	0.590
5610.000	15.000	-113.525	0.593
5620.000	15.000	-114.478	0.599
5630.000	15.000	-114.990	0.592
5640.000	15.000	-114.551	0.594
5650.000	15.000	-115.063	0.593
5660.000	15.000	-115.576	0.596
5670.000	15.000	-115.430	0.596
5680.000	15.000	-115.723	0.593
5690.000	15.000	-116.455	0.590
5700.000	15.000	-116.089	0.594
5710.000	15.000	-116.675	0.594
5720.000	15.000	-116.748	0.592
5730.000	15.000	-116.748	0.590
5740.000	15.000	-117.334	0.592
5750.000	15.000	-117.554	0.590
5760.000	15.000	-117.334	0.592
5770.000	15.000	-117.627	0.590
5780.000	15.000	-117.993	0.590
5790.000	15.000	-117.993	0.594
5800.000	15.000	-118.286	0.592
5810.000	15.000	-118.433	0.593
5820.000	15.000	-119.092	0.590
5830.000	15.000	-119.019	0.593
5840.000	15.000	-119.238	0.592
5850.000	15.000	-119.312	0.594
5860.000	15.000	-119.531	0.593
5870.000	15.000	-119.751	0.590
5880.000	15.000	-119.678	0.592
5890.000	15.000	-120.264	0.596
5900.000	15.000	-120.410	0.594
5910.000	15.000	-120.483	0.590
5920.000	15.000	-120.190	0.594
5930.000	15.000	-121.069	0.592
5940.000	15.000	-121.069	0.593
5950.000	15.000	-121.289	0.594
5960.000	15.000	-121.582	0.592
5970.000	15.000	-121.655	0.587
5980.000	15.000	-122.095	0.596
5990.000	15.000	-122.388	0.594
6000.000	15.000	-122.388	0.593
6010.000	15.000	-122.681	0.594
6020.000	15.000	-123.413	0.594
6030.000	15.000	-122.900	0.594
6040.000	15.000	-123.120	0.500
6050.000	15.000	-123.706	0.371
6060.000	15.000	-123.706	0.273
6070.000	15.000	-123.999	0.201
6080.000	15.000	-124.146	0.147
6090.000	15.000	-123.926	0.111
6100.000	15.000	-124.219	0.081
6110.000	15.000	-124.365	0.063
6120.000	15.000	-124.072	0.047
6130.000	15.000	-124.438	0.035
6140.000	15.000	-124.365	0.026
6150.000	15.000	-123.779	0.020
6160.000	15.000	-124.146	0.018
6170.000	15.000	-124.512	0.015
6180.000	15.000	-123.999	0.014
6190.000	15.000	-124.146	0.007
6200.000	15.000	-123.926	0.008
6210.000	15.000	-123.853	0.010
6220.000	15.000	-123.633	0.009
6230.000	15.000	-123.560	0.008
6240.000	15.000	-123.633	0.007
6250.000	15.000	-123.486	0.008
6260.000	15.000	-123.633	0.003
6270.000	15.000	-123.120	0.002
6280.000	15.000	-123.193	0.006
6290.000	15.000	-122.754	0.009
6300.000	15.000	-122.681	0.008
6310.000	15.000	-122.388	0.008
6320.000	15.000	-123.120	0.003
6330.000	15.000	-122.388	0.003
6340.000	15.000	-122.241	0.006
6350.000	15.000	-122.314	0.009
6360.000	15.000	-121.655	0.007
6370.000	15.000	-121.875	0.008
6380.000	15.000	-122.168	0.006
6390.000	15.000	-121.802	0.006
6400.000	15.000	-121.729	0.007
6410.000	15.000	-122.095	0.006
6420.000	15.000	-121.143	0.008
6430.000	15.000	-121.436	0.008
6440.000	15.000	-121.729	0.006
6450.000	15.000	-121.289	0.003
6460.000	15.000	-121.143	0.012
6470.000	15.000	-120.850	0.006
6480.000	15.000	-120.483	0.007
6490.000	15.000	-121.069	0.004
6500.000	15.000	-120.996	0.006
6510.000	15.000	-120.703	0.006
6520.000	15.000	-120.557	0.007
6530.000	15.000	-120.557	0.007
6540.000	15.000	-120.264	0.008
6550.000	15.000	-120.483	0.006
6560.000	15.000	-120.850	0.003
6570.000	15.000	-120.557	0.004
6580.000	15.000	-120.776	0.003
6590.000	15.000	-120.264	0.008
6600.000	15.000	-120.190	0.004
6610.000	15.000	-120.044	0.004
6620.000	15.000	-120.703	0.007
6630.000	15.000	-120.483	0.003
6640.000	15.000	-120.264	0.004
6650.000	15.000	-120.703	0.006
6660.000	15.000	-119.971	0.008
6670.000	15.000	-120.117	0.006
6680.000	15.000	-120.190	0.008
6690.000	15.000	-119.971	0.003
6700.000	15.000	-119.971	0.006
6710.000	15.000	-120.264	0.008
6720.000	15.000	-119.604	0.007
6730.000	15.000	-119.458	0.006
6740.000	15.000	-119.971	0.008
6750.000	15.000	-119.238	0.006
6760.000	15.000	-119.531	0.003
6770.000	15.000	-119.531	0.004
6780.000	15.000	-118.945	0.006
6790.000	15.000	-118.945	0.006
6800.000	15.000	-119.238	0.007
6810.000	15.000	-118.506	0.004
6820.000	15.000	-118.286	0.003
6830.000	15.000	-118.579	0.002
6840.000	15.000	-117.847	0.006
6850.000	15.000	-117.920	0.006
6860.000	15.000	-118.140	0.007
6870.000	15.000	-117.627	0.004
6880.000	15.000	-117.627	0.003
6890.000	15.000	-118.066	0.002
6900.000	15.000	-117.334	0.006
6910.000	15.000	-117.480	0.006
6920.000	15.000	-117.847	0.008
6930.000	15.000	-117.334	0.004
6940.000	15.000	-117.261	0.004
6950.000	15.000	-117.773	0.004
6960.000	15.000	-116.968	0.003
6970.000	15.000	-117.041	0.008
6980.000	15.000	-117.407	0.007
6990.000	15.000	-116.821	0.006
7000.000	15.000	-117.041	0.008
7010.000	15.000	-117.261	0.004
7020.000	15.000	-116.675	0.004
