%Time [ms]	Commanded Torque [mNm]	Angular Velocity [RPM]	Actual Current [Amp]	%3/17/202011:39 AM
0.000	0.000	0.000	0.000
20.000	8.000	-0.146	-0.003
30.000	8.000	-0.146	-0.003
40.000	8.000	-0.146	0.002
50.000	8.000	-0.146	0.006
60.000	8.000	-0.146	0.006
70.000	8.000	-0.073	0.001
80.000	8.000	-0.146	0.008
90.000	8.000	-0.146	0.008
100.000	8.000	-0.146	0.002
110.000	8.000	-0.220	-0.002
120.000	8.000	-0.220	-0.002
130.000	8.000	-0.146	0.002
140.000	8.000	-0.220	-0.002
150.000	8.000	-0.220	-0.002
160.000	8.000	-0.220	-0.003
170.000	8.000	-0.146	0.003
180.000	8.000	-0.146	0.003
190.000	8.000	-0.146	-0.000
200.000	8.000	-0.220	0.004
210.000	8.000	-0.220	0.004
220.000	8.000	-0.146	0.007
230.000	8.000	-0.146	0.001
240.000	8.000	-0.146	0.001
250.000	8.000	-0.073	0.004
260.000	8.000	-0.146	0.001
270.000	8.000	-0.146	0.001
280.000	8.000	-0.146	-0.002
290.000	8.000	-0.073	0.006
300.000	8.000	-0.073	0.006
310.000	8.000	-0.073	-0.002
320.000	8.000	-0.146	0.004
330.000	8.000	-0.146	0.004
340.000	8.000	-0.146	0.004
350.000	8.000	-0.073	0.002
360.000	8.000	-0.073	0.002
370.000	8.000	-0.073	0.003
380.000	8.000	-0.073	-0.000
390.000	8.000	-0.073	-0.000
400.000	8.000	-0.073	-0.002
410.000	8.000	-0.073	0.003
420.000	8.000	-0.073	0.003
430.000	8.000	0.000	-0.000
440.000	8.000	0.000	0.007
450.000	8.000	0.000	0.007
460.000	8.000	0.000	0.004
470.000	8.000	0.000	0.002
480.000	8.000	0.000	0.002
490.000	8.000	0.000	0.006
500.000	8.000	0.000	-0.000
510.000	8.000	0.000	-0.000
520.000	8.000	0.000	-0.002
530.000	8.000	0.000	0.007
540.000	8.000	0.000	0.007
550.000	8.000	0.000	-0.002
560.000	8.000	0.073	0.004
570.000	8.000	0.073	0.004
580.000	8.000	0.073	0.003
590.000	8.000	0.073	0.003
600.000	8.000	0.073	-0.002
610.000	8.000	0.073	0.004
620.000	8.000	0.073	0.004
630.000	8.000	0.140	0.003
640.000	8.000	0.140	-0.003
650.000	8.000	0.140	0.003
660.000	8.000	0.067	0.003
670.000	8.000	0.067	-0.002
680.000	8.000	0.067	-0.002
690.000	8.000	0.133	0.003
700.000	8.000	0.133	0.003
710.000	8.000	0.133	0.001
720.000	8.000	0.133	0.001
730.000	8.000	0.067	0.007
740.000	8.000	0.140	-0.004
750.000	8.000	0.140	-0.004
760.000	8.000	0.140	0.001
770.000	8.000	0.140	0.002
780.000	8.000	0.140	0.002
790.000	8.000	0.073	0.004
800.000	8.000	0.073	-0.000
810.000	8.000	0.140	0.004
820.000	8.000	0.140	0.004
830.000	8.000	0.140	0.001
840.000	8.000	0.140	0.004
850.000	8.000	0.067	0.003
860.000	8.000	0.067	0.004
870.000	8.000	0.067	-0.000
880.000	8.000	0.067	-0.002
890.000	8.000	0.067	0.009
900.000	8.000	0.067	0.008
910.000	8.000	0.000	-0.002
920.000	8.000	0.000	-0.002
930.000	8.000	0.000	0.002
940.000	8.000	0.000	0.014
950.000	8.000	0.000	-0.000
960.000	8.000	0.000	-0.000
970.000	8.000	0.000	0.003
980.000	8.000	0.000	0.001
990.000	8.000	0.000	0.001
1000.000	8.000	0.000	0.001
1010.000	8.000	0.000	0.003
1020.000	8.000	0.000	0.003
1030.000	8.000	0.000	0.001
1040.000	8.000	-0.146	0.317
1050.000	8.000	-0.146	0.317
1060.000	8.000	-0.146	0.316
1070.000	8.000	-0.293	0.317
1080.000	8.000	-0.293	0.317
1090.000	8.000	-0.366	0.325
1100.000	8.000	-0.513	0.316
1110.000	8.000	-0.513	0.316
1120.000	8.000	-0.659	0.317
1130.000	8.000	-0.732	0.319
1140.000	8.000	-0.732	0.319
1150.000	8.000	-0.879	0.313
1160.000	8.000	-1.099	0.316
1170.000	8.000	-1.099	0.316
1180.000	8.000	-1.245	0.313
1190.000	8.000	-1.611	0.317
1200.000	8.000	-1.611	0.317
1210.000	8.000	-1.904	0.317
1220.000	8.000	-2.124	0.318
1230.000	8.000	-2.124	0.318
1240.000	8.000	-2.197	0.316
1250.000	8.000	-2.271	0.314
1260.000	8.000	-2.271	0.314
1270.000	8.000	-2.417	0.314
1280.000	8.000	-2.563	0.321
1290.000	8.000	-2.563	0.321
1300.000	8.000	-2.637	0.316
1310.000	8.000	-2.710	0.312
1320.000	8.000	-2.710	0.312
1330.000	8.000	-2.783	0.321
1340.000	8.000	-3.076	0.314
1350.000	8.000	-3.076	0.314
1360.000	8.000	-3.442	0.318
1370.000	8.000	-3.809	0.316
1380.000	8.000	-3.809	0.316
1390.000	8.000	-3.735	0.316
1400.000	8.000	-3.882	0.314
1410.000	8.000	-3.882	0.314
1420.000	8.000	-4.175	0.314
1430.000	8.000	-4.468	0.325
1440.000	8.000	-4.468	0.325
1450.000	8.000	-4.541	0.319
1460.000	8.000	-4.761	0.317
1470.000	8.000	-4.847	0.316
1480.000	8.000	-4.921	0.318
1490.000	8.000	-5.140	0.310
1500.000	8.000	-5.506	0.318
1510.000	8.000	-5.726	0.313
1520.000	8.000	-5.606	0.313
1530.000	8.000	-5.826	0.317
1540.000	8.000	-6.192	0.322
1550.000	8.000	-6.266	0.316
1560.000	8.000	-6.119	0.316
1570.000	8.000	-6.252	0.318
1580.000	8.000	-6.618	0.314
1590.000	8.000	-6.838	0.319
1600.000	8.000	-6.985	0.312
1610.000	8.000	-7.058	0.313
1620.000	8.000	-7.178	0.313
1630.000	8.000	-7.324	0.317
1640.000	8.000	-7.324	0.318
1650.000	8.000	-7.544	0.319
1660.000	8.000	-7.983	0.317
1670.000	8.000	-8.057	0.317
1680.000	8.000	-7.910	0.314
1690.000	8.000	-8.203	0.318
1700.000	8.000	-8.130	0.316
1710.000	8.000	-8.276	0.313
1720.000	8.000	-8.716	0.314
1730.000	8.000	-8.643	0.314
1740.000	8.000	-8.789	0.312
1750.000	8.000	-8.936	0.316
1760.000	8.000	-8.789	0.313
1770.000	8.000	-9.155	0.313
1780.000	8.000	-9.229	0.317
1790.000	8.000	-9.375	0.313
1800.000	8.000	-9.521	0.316
1810.000	8.000	-9.741	0.314
1820.000	8.000	-9.668	0.314
1830.000	8.000	-9.888	0.317
1840.000	8.000	-10.034	0.318
1850.000	8.000	-10.181	0.317
1860.000	8.000	-10.547	0.312
1870.000	8.000	-10.181	0.319
1880.000	8.000	-10.767	0.317
1890.000	8.000	-10.693	0.316
1900.000	8.000	-11.133	0.314
1910.000	8.000	-10.913	0.319
1920.000	8.000	-11.279	0.317
1930.000	8.000	-11.279	0.319
1940.000	8.000	-11.572	0.317
1950.000	8.000	-11.572	0.318
1960.000	8.000	-11.646	0.313
1970.000	8.000	-12.012	0.318
1980.000	8.000	-12.158	0.316
1990.000	8.000	-12.231	0.303
2000.000	8.000	-12.085	0.316
2010.000	8.000	-12.671	0.314
2020.000	8.000	-12.451	0.316
2030.000	8.000	-12.891	0.314
2040.000	8.000	-12.744	0.310
2050.000	8.000	-13.257	0.316
2060.000	8.000	-13.110	0.321
2070.000	8.000	-13.403	0.316
2080.000	8.000	-13.647	0.312
2090.000	8.000	-13.647	0.317
2100.000	8.000	-13.867	0.316
2110.000	8.000	-13.794	0.321
2120.000	8.000	-14.307	0.319
2130.000	8.000	-14.307	0.319
2140.000	8.000	-14.380	0.313
2150.000	8.000	-14.746	0.317
2160.000	8.000	-14.746	0.317
2170.000	8.000	-14.746	0.317
2180.000	8.000	-14.941	0.319
2190.000	8.000	-14.941	0.319
2200.000	8.000	-14.941	0.317
2210.000	8.000	-15.075	0.314
2220.000	8.000	-15.148	0.312
2230.000	8.000	-15.319	0.317
2240.000	8.000	-15.758	0.313
2250.000	8.000	-15.758	0.313
2260.000	8.000	-15.758	0.313
2270.000	8.000	-16.051	0.316
2280.000	8.000	-16.051	0.316
2290.000	8.000	-16.417	0.317
2300.000	8.000	-16.650	0.316
2310.000	8.000	-16.650	0.316
2320.000	8.000	-17.017	0.311
2330.000	8.000	-16.772	0.313
2340.000	8.000	-16.772	0.313
2350.000	8.000	-17.139	0.317
2360.000	8.000	-17.578	0.316
2370.000	8.000	-17.578	0.316
2380.000	8.000	-17.432	0.316
2390.000	8.000	-18.164	0.319
2400.000	8.000	-18.164	0.319
2410.000	8.000	-18.018	0.316
2420.000	8.000	-18.091	0.318
2430.000	8.000	-18.291	0.316
2440.000	8.000	-18.364	0.316
2450.000	8.000	-18.510	0.318
2460.000	8.000	-18.657	0.316
2470.000	8.000	-18.950	0.314
2480.000	8.000	-19.096	0.317
2490.000	8.000	-19.050	0.318
2500.000	8.000	-18.976	0.313
2510.000	8.000	-19.269	0.314
2520.000	8.000	-19.416	0.316
2530.000	8.000	-19.867	0.319
2540.000	8.000	-20.160	0.311
2550.000	8.000	-19.834	0.319
2560.000	8.000	-19.907	0.316
2570.000	8.000	-19.761	0.313
2580.000	8.000	-20.200	0.312
2590.000	8.000	-20.466	0.318
2600.000	8.000	-20.540	0.316
2610.000	8.000	-20.833	0.314
2620.000	8.000	-20.906	0.317
2630.000	8.000	-21.060	0.317
2640.000	8.000	-20.867	0.316
2650.000	8.000	-21.194	0.318
2660.000	8.000	-21.267	0.316
2670.000	8.000	-21.487	0.316
2680.000	8.000	-21.804	0.319
2690.000	8.000	-21.804	0.318
2700.000	8.000	-21.884	0.316
2710.000	8.000	-21.811	0.318
2720.000	8.000	-21.957	0.317
2730.000	8.000	-21.884	0.313
2740.000	8.000	-22.557	0.313
2750.000	8.000	-22.704	0.314
2760.000	8.000	-22.917	0.316
2770.000	8.000	-22.917	0.314
2780.000	8.000	-23.153	0.314
2790.000	8.000	-23.439	0.318
2800.000	8.000	-23.439	0.318
2810.000	8.000	-23.585	0.296
2820.000	8.000	-23.585	0.296
2830.000	8.000	-23.805	0.321
2840.000	8.000	-23.691	0.316
2850.000	8.000	-23.691	0.316
2860.000	8.000	-23.918	0.314
2870.000	8.000	-23.877	0.311
2880.000	8.000	-23.877	0.311
2890.000	8.000	-24.170	0.314
2900.000	8.000	-24.536	0.316
2910.000	8.000	-24.536	0.316
2920.000	8.000	-24.609	0.316
2930.000	8.000	-24.829	0.316
2940.000	8.000	-24.829	0.316
2950.000	8.000	-25.195	0.318
2960.000	8.000	-25.269	0.312
2970.000	8.000	-25.269	0.312
2980.000	8.000	-25.342	0.317
2990.000	8.000	-25.562	0.316
3000.000	8.000	-25.562	0.316
3010.000	8.000	-25.415	0.318
3020.000	8.000	-25.635	0.311
3030.000	8.000	-25.635	0.311
3040.000	8.000	-26.074	0.319
3050.000	8.000	-26.221	0.311
3060.000	8.000	-26.221	0.311
3070.000	8.000	-26.221	0.316
3080.000	8.000	-26.733	0.316
3090.000	8.000	-26.733	0.316
3100.000	8.000	-26.807	0.316
3110.000	8.000	-26.660	0.316
3120.000	8.000	-26.660	0.316
3130.000	8.000	-26.953	0.313
3140.000	8.000	-27.100	0.317
3150.000	8.000	-27.100	0.317
3160.000	8.000	-27.612	0.318
3170.000	8.000	-27.686	0.317
3180.000	8.000	-27.686	0.317
3190.000	8.000	-27.612	0.317
3200.000	8.000	-27.979	0.312
3210.000	8.000	-27.979	0.312
3220.000	8.000	-28.125	0.313
3230.000	8.000	-28.345	0.313
3240.000	8.000	-28.345	0.313
3250.000	8.000	-28.564	0.316
3260.000	8.000	-28.491	0.318
3270.000	8.000	-28.525	0.312
3280.000	8.000	-28.598	0.319
3290.000	8.000	-28.891	0.321
3300.000	8.000	-28.817	0.313
3310.000	8.000	-28.988	0.318
3320.000	8.000	-29.574	0.317
3330.000	8.000	-29.381	0.318
3340.000	8.000	-29.381	0.318
3350.000	8.000	-29.381	0.314
3360.000	8.000	-29.381	0.318
3370.000	8.000	-30.202	0.313
3380.000	8.000	-30.276	0.314
3390.000	8.000	-30.049	0.316
3400.000	8.000	-30.489	0.314
3410.000	8.000	-30.171	0.314
3420.000	8.000	-30.098	0.316
3430.000	8.000	-31.015	0.316
3440.000	8.000	-31.089	0.317
3450.000	8.000	-31.022	0.316
3460.000	8.000	-31.608	0.314
3470.000	8.000	-31.193	0.322
3480.000	8.000	-31.260	0.321
3490.000	8.000	-31.486	0.314
3500.000	8.000	-31.340	0.321
3510.000	8.000	-31.779	0.317
3520.000	8.000	-32.210	0.313
3530.000	8.000	-31.852	0.318
3540.000	8.000	-31.912	0.317
3550.000	8.000	-32.125	0.313
3560.000	8.000	-32.052	0.317
3570.000	8.000	-32.052	0.317
3580.000	8.000	-32.555	0.318
3590.000	8.000	-32.921	0.314
3600.000	8.000	-32.915	0.313
3610.000	8.000	-32.988	0.335
3620.000	8.000	-32.630	0.316
3630.000	8.000	-32.849	0.318
3640.000	8.000	-33.449	0.316
3650.000	8.000	-33.522	0.316
3660.000	8.000	-33.395	0.317
3670.000	8.000	-33.469	0.316
3680.000	8.000	-33.485	0.313
3690.000	8.000	-33.192	0.314
3700.000	8.000	-34.346	0.318
3710.000	8.000	-34.126	0.318
3720.000	8.000	-34.233	0.325
3730.000	8.000	-34.233	0.319
3740.000	8.000	-34.160	0.313
3750.000	8.000	-34.306	0.313
3760.000	8.000	-34.669	0.314
3770.000	8.000	-35.181	0.318
3780.000	8.000	-35.128	0.312
3790.000	8.000	-35.128	0.316
3800.000	8.000	-34.567	0.316
3810.000	8.000	-34.933	0.317
3820.000	8.000	-35.754	0.313
3830.000	8.000	-35.681	0.319
3840.000	8.000	-35.621	0.318
3850.000	8.000	-35.621	0.313
3860.000	8.000	-35.751	0.329
3870.000	8.000	-35.605	0.317
3880.000	8.000	-36.130	0.312
3890.000	8.000	-36.423	0.317
3900.000	8.000	-36.363	0.316
3910.000	8.000	-36.656	0.317
3920.000	8.000	-35.948	0.312
3930.000	8.000	-36.387	0.316
3940.000	8.000	-36.846	0.313
3950.000	8.000	-37.359	0.316
3960.000	8.000	-36.999	0.323
3970.000	8.000	-37.072	0.321
3980.000	8.000	-36.893	0.321
3990.000	8.000	-37.040	0.316
4000.000	8.000	-37.743	0.313
4010.000	8.000	-37.816	0.317
4020.000	8.000	-37.769	0.316
4030.000	8.000	-37.769	0.313
4040.000	8.000	-37.590	0.316
4050.000	8.000	-37.737	0.317
4060.000	8.000	-38.170	0.325
4070.000	8.000	-38.243	0.316
4080.000	8.000	-38.389	0.311
4090.000	8.000	-38.536	0.319
4100.000	8.000	-37.966	0.316
4110.000	8.000	-38.332	0.316
4120.000	8.000	-38.965	0.317
4130.000	8.000	-39.038	0.307
4140.000	8.000	-39.185	0.316
4150.000	8.000	-39.111	0.316
4160.000	8.000	-39.038	0.317
4170.000	8.000	-39.331	0.319
4180.000	8.000	-40.015	0.321
4190.000	8.000	-40.161	0.314
4200.000	8.000	-40.294	0.313
4210.000	8.000	-39.928	0.316
4220.000	8.000	-40.001	0.316
4230.000	8.000	-40.294	0.316
4240.000	8.000	-40.571	0.316
4250.000	8.000	-40.937	0.318
4260.000	8.000	-40.911	0.317
4270.000	8.000	-41.130	0.317
4280.000	8.000	-40.373	0.313
4290.000	8.000	-40.902	0.314
4300.000	8.000	-41.282	0.318
4310.000	8.000	-41.648	0.317
4320.000	8.000	-41.648	0.317
4330.000	8.000	-41.648	0.321
4340.000	8.000	-41.811	0.317
4350.000	8.000	-41.884	0.314
4360.000	8.000	-41.951	0.318
4370.000	8.000	-42.024	0.317
4380.000	8.000	-42.537	0.314
4390.000	8.000	-42.008	0.313
4400.000	8.000	-42.154	0.318
4410.000	8.000	-42.374	0.317
4420.000	8.000	-42.520	0.317
4430.000	8.000	-42.667	0.312
4440.000	8.000	-42.667	0.317
4450.000	8.000	-42.594	0.319
4460.000	8.000	-42.920	0.316
4470.000	8.000	-43.359	0.314
4480.000	8.000	-43.359	0.327
4490.000	8.000	-43.799	0.312
4500.000	8.000	-44.092	0.317
4510.000	8.000	-44.019	0.323
4520.000	8.000	-44.092	0.317
4530.000	8.000	-44.385	0.316
4540.000	8.000	-44.312	0.316
4550.000	8.000	-44.458	0.314
4560.000	8.000	-44.751	0.314
4570.000	8.000	-44.604	0.319
4580.000	8.000	-44.751	0.312
4590.000	8.000	-44.971	0.317
4600.000	8.000	-44.897	0.316
4610.000	8.000	-45.044	0.321
4620.000	8.000	-45.410	0.312
4630.000	8.000	-45.337	0.323
4640.000	8.000	-45.630	0.317
4650.000	8.000	-45.996	0.314
4660.000	8.000	-45.996	0.317
4670.000	8.000	-46.143	0.316
4680.000	8.000	-46.289	0.319
4690.000	8.000	-46.216	0.318
4700.000	8.000	-46.362	0.217
4710.000	8.000	-46.655	0.316
4720.000	8.000	-46.582	0.316
4730.000	8.000	-46.729	0.311
4740.000	8.000	-46.948	0.314
4750.000	8.000	-46.802	0.317
4760.000	8.000	-47.021	0.319
4770.000	8.000	-47.314	0.317
4780.000	8.000	-47.241	0.279
4790.000	8.000	-47.388	0.318
4800.000	8.000	-47.607	0.316
4810.000	8.000	-47.461	0.316
4820.000	8.000	-47.827	0.314
4830.000	8.000	-48.120	0.318
4840.000	8.000	-47.974	0.313
4850.000	8.000	-48.340	0.317
4860.000	8.000	-48.560	0.312
4870.000	8.000	-48.413	0.316
4880.000	8.000	-48.706	0.318
4890.000	8.000	-48.999	0.318
4900.000	8.000	-48.853	0.316
4910.000	8.000	-49.146	0.321
4920.000	8.000	-48.999	0.313
4930.000	8.000	-49.471	0.312
4940.000	8.000	-49.691	0.318
4950.000	8.000	-49.571	0.314
4960.000	8.000	-49.351	0.321
4970.000	8.000	-49.644	0.313
4980.000	8.000	-49.791	0.311
4990.000	8.000	-50.108	0.313
5000.000	8.000	-50.474	0.314
5010.000	8.000	-50.354	0.323
5020.000	8.000	-50.574	0.318
5030.000	8.000	-50.175	0.319
5040.000	8.000	-50.322	0.317
5050.000	8.000	-50.914	0.319
5060.000	8.000	-51.060	0.312
5070.000	8.000	-50.867	0.314
5080.000	8.000	-50.867	0.312
5090.000	8.000	-50.696	0.316
5100.000	8.000	-50.696	0.317
5110.000	8.000	-51.451	0.311
5120.000	8.000	-51.671	0.316
5130.000	8.000	-51.677	0.251
5140.000	8.000	-51.604	0.319
5150.000	8.000	-51.205	0.318
5160.000	8.000	-51.278	0.314
5170.000	8.000	-52.440	0.323
5180.000	8.000	-52.586	0.327
5190.000	8.000	-52.313	0.314
5200.000	8.000	-52.240	0.319
5210.000	8.000	-52.118	0.313
5220.000	8.000	-52.118	0.314
5230.000	8.000	-52.754	0.319
5240.000	8.000	-52.974	0.313
5250.000	8.000	-53.705	0.311
5260.000	8.000	-52.883	0.319
5270.000	8.000	-52.883	0.319
5280.000	8.000	-53.757	0.316
5290.000	8.000	-53.977	0.318
5300.000	8.000	-53.977	0.318
5310.000	8.000	-53.782	0.313
5320.000	8.000	-53.725	0.308
5330.000	8.000	-53.798	0.314
5340.000	8.000	-54.085	0.318
5350.000	8.000	-53.946	0.322
5360.000	8.000	-54.019	0.314
5370.000	8.000	-54.019	0.314
5380.000	8.000	-54.379	0.316
5390.000	8.000	-54.151	0.317
5400.000	8.000	-54.151	0.317
5410.000	8.000	-54.777	0.317
5420.000	8.000	-54.419	0.316
5430.000	8.000	-54.419	0.316
5440.000	8.000	-54.492	0.316
5450.000	8.000	-54.712	0.313
5460.000	8.000	-54.712	0.313
5470.000	8.000	-55.151	0.313
5480.000	8.000	-55.078	0.316
5490.000	8.000	-55.078	0.316
5500.000	8.000	-54.918	0.316
5510.000	8.000	-54.918	0.314
5520.000	8.000	-55.138	0.318
5530.000	8.000	-55.358	0.311
5540.000	8.000	-55.358	0.312
5550.000	8.000	-55.578	0.316
5560.000	8.000	-55.651	0.321
5570.000	8.000	-55.651	0.312
5580.000	8.000	-55.944	0.316
5590.000	8.000	-56.017	0.327
5600.000	8.000	-56.616	0.318
5610.000	8.000	-56.763	0.319
5620.000	8.000	-57.495	0.318
5630.000	8.000	-57.422	0.312
5640.000	8.000	-57.602	0.313
5650.000	8.000	-57.089	0.318
5660.000	8.000	-57.748	0.312
5670.000	8.000	-57.602	0.317
5680.000	8.000	-58.171	0.316
5690.000	8.000	-58.538	0.318
5700.000	8.000	-58.471	0.314
5710.000	8.000	-58.471	0.317
5720.000	8.000	-57.739	0.314
5730.000	8.000	-58.031	0.310
5740.000	8.000	-59.178	0.329
5750.000	8.000	-59.471	0.314
5760.000	8.000	-58.912	0.319
5770.000	8.000	-59.058	0.318
5780.000	8.000	-58.855	0.310
5790.000	8.000	-58.855	0.317
5800.000	8.000	-59.068	0.317
5810.000	8.000	-59.434	0.316
5820.000	8.000	-59.727	0.316
5830.000	8.000	-60.378	0.303
5840.000	8.000	-59.711	0.313
5850.000	8.000	-59.784	0.317
5860.000	8.000	-59.831	0.319
5870.000	8.000	-60.343	0.314
5880.000	8.000	-60.417	0.321
5890.000	8.000	-61.060	0.317
5900.000	8.000	-61.206	0.319
5910.000	8.000	-61.000	0.314
5920.000	8.000	-61.000	0.318
5930.000	8.000	-60.568	0.312
5940.000	8.000	-60.642	0.317
5950.000	8.000	-61.700	0.318
5960.000	8.000	-61.919	0.314
5970.000	8.000	-61.620	0.314
5980.000	8.000	-61.693	0.313
5990.000	8.000	-61.196	0.316
6000.000	8.000	-61.343	0.318
6010.000	8.000	-62.615	0.318
6020.000	8.000	-62.469	0.314
6030.000	8.000	-62.316	0.318
6040.000	8.000	-62.609	0.318
6050.000	8.000	-62.763	0.001
6060.000	8.000	-63.209	0.001
6070.000	8.000	-62.917	0.007
6080.000	8.000	-63.356	0.004
6090.000	8.000	-63.429	-0.002
6100.000	8.000	-63.429	-0.002
6110.000	8.000	-62.729	0.002
6120.000	8.000	-63.175	0.001
6130.000	8.000	-63.175	0.001
6140.000	8.000	-62.736	-0.000
6150.000	8.000	-62.736	-0.000
6160.000	8.000	-62.736	-0.002
6170.000	8.000	-62.223	0.004
6180.000	8.000	-62.137	0.006
6190.000	8.000	-61.990	-0.004
6200.000	8.000	-62.422	0.002
6210.000	8.000	-62.422	0.002
6220.000	8.000	-62.422	0.003
6230.000	8.000	-62.275	0.001
6240.000	8.000	-62.275	0.001
6250.000	8.000	-62.568	0.004
6260.000	8.000	-61.941	-0.002
6270.000	8.000	-61.941	-0.002
6280.000	8.000	-62.028	-0.007
6290.000	8.000	-61.450	0.007
6300.000	8.000	-61.450	0.007
6310.000	8.000	-61.450	0.025
6320.000	8.000	-61.230	-0.000
6330.000	8.000	-61.230	-0.000
6340.000	8.000	-60.724	0.001
6350.000	8.000	-60.871	0.004
6360.000	8.000	-60.651	-0.000
6370.000	8.000	-60.578	-0.000
6380.000	8.000	-60.505	0.003
6390.000	8.000	-60.505	0.006
6400.000	8.000	-60.578	0.003
6410.000	8.000	-60.358	-0.003
6420.000	8.000	-60.358	-0.002
6430.000	8.000	-60.285	0.003
6440.000	8.000	-60.645	0.004
6450.000	8.000	-60.645	0.001
6460.000	8.000	-60.571	-0.004
6470.000	8.000	-60.571	0.002
6480.000	8.000	-60.645	0.004
6490.000	8.000	-60.498	-0.002
6500.000	8.000	-60.205	-0.002
6510.000	8.000	-60.498	0.009
6520.000	8.000	-59.985	0.007
6530.000	8.000	-60.425	-0.002
6540.000	8.000	-60.425	-0.000
6550.000	8.000	-59.912	0.004
6560.000	8.000	-60.278	-0.000
6570.000	8.000	-60.205	0.004
6580.000	8.000	-60.132	-0.000
6590.000	8.000	-59.839	0.002
6600.000	8.000	-60.425	0.001
6610.000	8.000	-59.912	0.014
6620.000	8.000	-60.059	0.002
6630.000	8.000	-60.352	0.003
6640.000	8.000	-59.766	-0.004
6650.000	8.000	-60.132	0.004
6660.000	8.000	-59.912	-0.002
6670.000	8.000	-60.059	-0.000
6680.000	8.000	-59.766	0.004
6690.000	8.000	-60.132	0.004
6700.000	8.000	-59.985	-0.000
6710.000	8.000	-59.985	0.001
6720.000	8.000	-60.132	0.004
6730.000	8.000	-59.473	-0.000
6740.000	8.000	-60.132	-0.000
6750.000	8.000	-59.766	0.001
6760.000	8.000	-59.766	0.001
6770.000	8.000	-59.619	-0.002
6780.000	8.000	-60.132	0.001
6790.000	8.000	-59.473	0.002
6800.000	8.000	-59.399	-0.003
6810.000	8.000	-59.912	0.004
6820.000	8.000	-59.546	0.007
6830.000	8.000	-59.619	-0.000
6840.000	8.000	-59.399	0.003
6850.000	8.000	-59.766	-0.003
6860.000	8.000	-59.473	-0.004
6870.000	8.000	-59.692	-0.000
6880.000	8.000	-59.106	0.004
6890.000	8.000	-59.692	-0.002
6900.000	8.000	-59.546	0.001
6910.000	8.000	-59.180	0.009
6920.000	8.000	-59.253	0.002
6930.000	8.000	-59.473	-0.002
6940.000	8.000	-59.652	0.007
6950.000	8.000	-59.505	0.004
6960.000	8.000	-59.452	-0.005
6970.000	8.000	-59.086	0.004
6980.000	8.000	-59.159	-0.004
6990.000	8.000	-59.012	-0.002
7000.000	8.000	-59.664	0.001
7010.000	8.000	-59.590	-0.003
7020.000	8.000	-59.191	-0.000
