%Time [ms]	Commanded Torque [mNm]	Angular Velocity [RPM]	Actual Current [Amp]	%3/17/202011:40 AM
0.000	0.000	0.000	0.000
20.000	6.000	0.000	0.001
30.000	6.000	0.000	0.004
40.000	6.000	0.000	0.003
50.000	6.000	0.000	0.002
60.000	6.000	0.000	-0.002
70.000	6.000	0.000	0.006
80.000	6.000	0.000	-0.000
90.000	6.000	0.000	0.003
100.000	6.000	0.000	0.002
110.000	6.000	0.000	-0.000
120.000	6.000	0.000	0.003
130.000	6.000	0.000	0.004
140.000	6.000	0.000	0.004
150.000	6.000	0.000	0.002
160.000	6.000	0.000	0.001
170.000	6.000	0.000	-0.003
180.000	6.000	0.000	0.001
190.000	6.000	0.000	-0.002
200.000	6.000	0.000	0.001
210.000	6.000	0.000	0.003
220.000	6.000	0.000	0.003
230.000	6.000	0.000	-0.000
240.000	6.000	0.000	0.002
250.000	6.000	0.000	0.002
260.000	6.000	0.000	0.009
270.000	6.000	0.000	0.002
280.000	6.000	0.000	0.002
290.000	6.000	0.000	0.006
300.000	6.000	0.000	0.003
310.000	6.000	0.000	0.002
320.000	6.000	0.000	0.003
330.000	6.000	0.000	0.001
340.000	6.000	0.000	-0.004
350.000	6.000	0.000	0.001
360.000	6.000	0.000	-0.002
370.000	6.000	0.000	-0.002
380.000	6.000	0.000	0.003
390.000	6.000	0.000	0.002
400.000	6.000	0.000	0.003
410.000	6.000	0.000	0.003
420.000	6.000	0.000	0.010
430.000	6.000	0.000	0.001
440.000	6.000	0.000	0.012
450.000	6.000	0.000	0.003
460.000	6.000	0.000	0.002
470.000	6.000	0.000	-0.000
480.000	6.000	0.000	0.007
490.000	6.000	0.000	-0.002
500.000	6.000	0.000	-0.003
510.000	6.000	0.000	0.004
520.000	6.000	0.000	0.003
530.000	6.000	0.000	0.003
540.000	6.000	0.000	0.004
550.000	6.000	0.000	0.001
560.000	6.000	0.000	0.002
570.000	6.000	0.000	-0.003
580.000	6.000	0.000	-0.000
590.000	6.000	0.000	0.002
600.000	6.000	0.000	0.004
610.000	6.000	0.000	0.002
620.000	6.000	0.000	0.002
630.000	6.000	0.000	0.002
640.000	6.000	0.000	-0.000
650.000	6.000	0.000	0.002
660.000	6.000	0.000	0.003
670.000	6.000	0.000	-0.000
680.000	6.000	0.000	0.003
690.000	6.000	0.000	0.013
700.000	6.000	0.000	-0.000
710.000	6.000	0.000	0.003
720.000	6.000	0.000	-0.002
730.000	6.000	0.000	0.008
740.000	6.000	0.000	-0.003
750.000	6.000	0.000	0.003
760.000	6.000	0.000	-0.000
770.000	6.000	0.000	0.002
780.000	6.000	0.000	0.001
790.000	6.000	0.000	0.001
800.000	6.000	0.000	0.001
810.000	6.000	0.000	-0.003
820.000	6.000	0.000	-0.003
830.000	6.000	0.000	0.002
840.000	6.000	0.000	0.002
850.000	6.000	0.000	0.003
860.000	6.000	0.000	-0.002
870.000	6.000	0.000	0.003
880.000	6.000	0.000	0.003
890.000	6.000	0.000	0.002
900.000	6.000	0.000	0.001
910.000	6.000	0.000	0.001
920.000	6.000	0.000	0.003
930.000	6.000	0.000	0.003
940.000	6.000	0.000	0.003
950.000	6.000	0.000	0.003
960.000	6.000	0.000	-0.002
970.000	6.000	0.000	-0.002
980.000	6.000	0.000	-0.002
990.000	6.000	0.000	0.002
1000.000	6.000	0.000	0.002
1010.000	6.000	0.000	0.002
1020.000	6.000	0.000	0.004
1030.000	6.000	0.000	0.004
1040.000	6.000	-0.073	0.233
1050.000	6.000	-0.073	0.236
1060.000	6.000	-0.073	0.236
1070.000	6.000	-0.146	0.240
1080.000	6.000	-0.213	0.241
1090.000	6.000	-0.213	0.238
1100.000	6.000	-0.286	0.235
1110.000	6.000	-0.360	0.240
1120.000	6.000	-0.433	0.239
1130.000	6.000	-0.506	0.235
1140.000	6.000	-0.506	0.244
1150.000	6.000	-0.579	0.241
1160.000	6.000	-0.726	0.242
1170.000	6.000	-0.726	0.229
1180.000	6.000	-0.732	0.234
1190.000	6.000	-0.879	0.239
1200.000	6.000	-0.879	0.240
1210.000	6.000	-0.952	0.240
1220.000	6.000	-1.025	0.235
1230.000	6.000	-1.172	0.231
1240.000	6.000	-1.318	0.240
1250.000	6.000	-1.465	0.242
1260.000	6.000	-1.611	0.233
1270.000	6.000	-1.758	0.236
1280.000	6.000	-1.904	0.239
1290.000	6.000	-1.904	0.236
1300.000	6.000	-1.978	0.235
1310.000	6.000	-1.978	0.233
1320.000	6.000	-2.051	0.233
1330.000	6.000	-1.978	0.239
1340.000	6.000	-1.904	0.238
1350.000	6.000	-1.904	0.234
1360.000	6.000	-1.904	0.236
1370.000	6.000	-1.978	0.240
1380.000	6.000	-2.124	0.240
1390.000	6.000	-2.197	0.236
1400.000	6.000	-2.271	0.238
1410.000	6.000	-2.344	0.235
1420.000	6.000	-2.417	0.238
1430.000	6.000	-2.563	0.235
1440.000	6.000	-2.710	0.234
1450.000	6.000	-3.003	0.234
1460.000	6.000	-3.076	0.239
1470.000	6.000	-3.076	0.241
1480.000	6.000	-3.003	0.235
1490.000	6.000	-3.003	0.239
1500.000	6.000	-3.076	0.244
1510.000	6.000	-3.418	0.235
1520.000	6.000	-3.418	0.235
1530.000	6.000	-3.638	0.249
1540.000	6.000	-3.638	0.249
1550.000	6.000	-3.491	0.242
1560.000	6.000	-3.711	0.234
1570.000	6.000	-3.711	0.234
1580.000	6.000	-4.004	0.238
1590.000	6.000	-4.184	0.239
1600.000	6.000	-4.184	0.235
1610.000	6.000	-4.184	0.240
1620.000	6.000	-4.062	0.236
1630.000	6.000	-4.208	0.233
1640.000	6.000	-4.355	0.240
1650.000	6.000	-4.355	0.236
1660.000	6.000	-4.428	0.235
1670.000	6.000	-4.355	0.242
1680.000	6.000	-4.428	0.236
1690.000	6.000	-4.541	0.235
1700.000	6.000	-4.614	0.241
1710.000	6.000	-4.614	0.235
1720.000	6.000	-4.761	0.240
1730.000	6.000	-4.761	0.240
1740.000	6.000	-4.834	0.234
1750.000	6.000	-4.907	0.236
1760.000	6.000	-4.980	0.240
1770.000	6.000	-5.273	0.235
1780.000	6.000	-5.273	0.233
1790.000	6.000	-5.200	0.239
1800.000	6.000	-5.273	0.236
1810.000	6.000	-5.493	0.234
1820.000	6.000	-5.713	0.235
1830.000	6.000	-5.640	0.238
1840.000	6.000	-5.640	0.236
1850.000	6.000	-6.079	0.240
1860.000	6.000	-6.152	0.233
1870.000	6.000	-5.933	0.241
1880.000	6.000	-5.924	0.239
1890.000	6.000	-6.291	0.236
1900.000	6.000	-6.450	0.235
1910.000	6.000	-6.516	0.239
1920.000	6.000	-6.882	0.235
1930.000	6.000	-6.882	0.235
1940.000	6.000	-6.809	0.242
1950.000	6.000	-6.809	0.235
1960.000	6.000	-6.809	0.235
1970.000	6.000	-6.955	0.240
1980.000	6.000	-7.256	0.236
1990.000	6.000	-7.256	0.236
2000.000	6.000	-7.243	0.238
2010.000	6.000	-7.251	0.234
2020.000	6.000	-7.251	0.234
2030.000	6.000	-7.251	0.241
2040.000	6.000	-7.837	0.235
2050.000	6.000	-7.837	0.235
2060.000	6.000	-7.690	0.238
2070.000	6.000	-7.910	0.234
2080.000	6.000	-7.910	0.234
2090.000	6.000	-7.617	0.238
2100.000	6.000	-7.830	0.240
2110.000	6.000	-8.196	0.234
2120.000	6.000	-7.977	0.229
2130.000	6.000	-8.050	0.241
2140.000	6.000	-8.270	0.234
2150.000	6.000	-8.050	0.234
2160.000	6.000	-8.489	0.242
2170.000	6.000	-8.636	0.235
2180.000	6.000	-8.750	0.236
2190.000	6.000	-8.750	0.236
2200.000	6.000	-8.750	0.235
2210.000	6.000	-8.750	0.234
2220.000	6.000	-9.043	0.240
2230.000	6.000	-8.970	0.238
2240.000	6.000	-9.043	0.234
2250.000	6.000	-9.116	0.241
2260.000	6.000	-9.189	0.235
2270.000	6.000	-9.360	0.235
2280.000	6.000	-9.507	0.241
2290.000	6.000	-9.366	0.238
2300.000	6.000	-9.373	0.234
2310.000	6.000	-9.593	0.239
2320.000	6.000	-9.519	0.242
2330.000	6.000	-9.593	0.236
2340.000	6.000	-10.016	0.240
2350.000	6.000	-10.016	0.240
2360.000	6.000	-10.089	0.236
2370.000	6.000	-10.284	0.235
2380.000	6.000	-10.284	0.235
2390.000	6.000	-10.164	0.236
2400.000	6.000	-10.384	0.244
2410.000	6.000	-10.384	0.244
2420.000	6.000	-10.457	0.235
2430.000	6.000	-10.547	0.228
2440.000	6.000	-10.547	0.228
2450.000	6.000	-10.840	0.234
2460.000	6.000	-10.840	0.242
2470.000	6.000	-10.840	0.242
2480.000	6.000	-10.600	0.236
2490.000	6.000	-11.113	0.235
2500.000	6.000	-10.673	0.240
2510.000	6.000	-10.966	0.235
2520.000	6.000	-11.113	0.238
2530.000	6.000	-11.406	0.236
2540.000	6.000	-11.259	0.235
2550.000	6.000	-11.259	0.223
2560.000	6.000	-11.552	0.239
2570.000	6.000	-11.853	0.234
2580.000	6.000	-11.800	0.238
2590.000	6.000	-11.740	0.240
2600.000	6.000	-11.960	0.235
2610.000	6.000	-12.180	0.234
2620.000	6.000	-12.033	0.241
2630.000	6.000	-12.033	0.242
2640.000	6.000	-12.399	0.236
2650.000	6.000	-12.280	0.235
2660.000	6.000	-12.280	0.236
2670.000	6.000	-12.052	0.234
2680.000	6.000	-12.711	0.235
2690.000	6.000	-12.518	0.242
2700.000	6.000	-12.738	0.236
2710.000	6.000	-12.405	0.235
2720.000	6.000	-12.991	0.242
2730.000	6.000	-12.552	0.235
2740.000	6.000	-12.772	0.236
2750.000	6.000	-13.282	0.239
2760.000	6.000	-13.355	0.234
2770.000	6.000	-13.302	0.239
2780.000	6.000	-13.009	0.240
2790.000	6.000	-13.481	0.235
2800.000	6.000	-13.261	0.234
2810.000	6.000	-13.757	0.239
2820.000	6.000	-13.830	0.235
2830.000	6.000	-13.870	0.229
2840.000	6.000	-13.870	0.240
2850.000	6.000	-13.480	0.238
2860.000	6.000	-13.846	0.238
2870.000	6.000	-13.899	0.241
2880.000	6.000	-14.045	0.240
2890.000	6.000	-14.119	0.236
2900.000	6.000	-14.192	0.239
2910.000	6.000	-14.029	0.240
2920.000	6.000	-14.176	0.234
2930.000	6.000	-14.209	0.240
2940.000	6.000	-14.535	0.239
2950.000	6.000	-14.748	0.236
2960.000	6.000	-14.674	0.236
2970.000	6.000	-14.894	0.238
2980.000	6.000	-15.034	0.241
2990.000	6.000	-14.668	0.235
3000.000	6.000	-15.107	0.240
3010.000	6.000	-15.254	0.163
3020.000	6.000	-15.042	0.236
3030.000	6.000	-15.555	0.240
3040.000	6.000	-15.229	0.236
3050.000	6.000	-15.163	0.240
3060.000	6.000	-15.309	0.244
3070.000	6.000	-15.456	0.238
3080.000	6.000	-15.316	0.244
3090.000	6.000	-15.609	0.244
3100.000	6.000	-15.682	0.236
3110.000	6.000	-15.462	0.233
3120.000	6.000	-15.601	0.242
3130.000	6.000	-15.820	0.236
3140.000	6.000	-15.820	0.234
3150.000	6.000	-16.040	0.234
3160.000	6.000	-16.160	0.238
3170.000	6.000	-15.794	0.233
3180.000	6.000	-16.160	0.231
3190.000	6.000	-16.453	0.240
3200.000	6.000	-16.233	0.235
3210.000	6.000	-16.526	0.235
3220.000	6.000	-16.673	0.239
3230.000	6.000	-16.713	0.239
3240.000	6.000	-16.860	0.235
3250.000	6.000	-16.773	0.242
3260.000	6.000	-16.800	0.231
3270.000	6.000	-17.386	0.228
3280.000	6.000	-17.166	0.244
3290.000	6.000	-17.093	0.233
3300.000	6.000	-17.532	0.235
3310.000	6.000	-17.532	0.241
3320.000	6.000	-17.386	0.231
3330.000	6.000	-17.272	0.236
3340.000	6.000	-17.565	0.240
3350.000	6.000	-17.944	0.239
3360.000	6.000	-17.578	0.238
3370.000	6.000	-17.578	0.240
3380.000	6.000	-17.944	0.244
3390.000	6.000	-18.018	0.233
3400.000	6.000	-18.091	0.235
3410.000	6.000	-17.944	0.239
3420.000	6.000	-18.164	0.233
3430.000	6.000	-18.457	0.238
3440.000	6.000	-18.311	0.240
3450.000	6.000	-18.384	0.235
3460.000	6.000	-18.604	0.234
3470.000	6.000	-18.604	0.241
3480.000	6.000	-18.750	0.239
3490.000	6.000	-18.823	0.235
3500.000	6.000	-18.970	0.239
3510.000	6.000	-19.043	0.236
3520.000	6.000	-19.189	0.235
3530.000	6.000	-18.970	0.235
3540.000	6.000	-19.263	0.235
3550.000	6.000	-19.336	0.238
3560.000	6.000	-19.556	0.239
3570.000	6.000	-19.702	0.238
3580.000	6.000	-19.482	0.235
3590.000	6.000	-19.556	0.240
3600.000	6.000	-19.482	0.239
3610.000	6.000	-19.995	0.234
3620.000	6.000	-20.068	0.236
3630.000	6.000	-20.142	0.239
3640.000	6.000	-20.288	0.241
3650.000	6.000	-19.849	0.236
3660.000	6.000	-20.378	0.240
3670.000	6.000	-20.258	0.234
3680.000	6.000	-20.477	0.233
3690.000	6.000	-20.868	0.240
3700.000	6.000	-20.682	0.235
3710.000	6.000	-20.828	0.235
3720.000	6.000	-20.608	0.242
3730.000	6.000	-21.121	0.235
3740.000	6.000	-20.755	0.235
3750.000	6.000	-21.194	0.239
3760.000	6.000	-20.958	0.234
3770.000	6.000	-21.298	0.235
3780.000	6.000	-21.371	0.236
3790.000	6.000	-21.127	0.240
3800.000	6.000	-21.785	0.236
3810.000	6.000	-21.639	0.236
3820.000	6.000	-21.932	0.244
3830.000	6.000	-21.566	0.227
3840.000	6.000	-22.078	0.235
3850.000	6.000	-22.078	0.239
3860.000	6.000	-22.559	0.231
3870.000	6.000	-22.485	0.230
3880.000	6.000	-22.559	0.238
3890.000	6.000	-22.412	0.236
3900.000	6.000	-22.306	0.236
3910.000	6.000	-22.306	0.234
3920.000	6.000	-22.713	0.234
3930.000	6.000	-22.713	0.231
3940.000	6.000	-22.833	0.244
3950.000	6.000	-22.760	0.238
3960.000	6.000	-22.573	0.235
3970.000	6.000	-22.499	0.241
3980.000	6.000	-23.069	0.234
3990.000	6.000	-23.289	0.236
4000.000	6.000	-23.202	0.239
4010.000	6.000	-23.275	0.241
4020.000	6.000	-23.162	0.234
4030.000	6.000	-23.381	0.234
4040.000	6.000	-23.766	0.241
4050.000	6.000	-23.912	0.236
4060.000	6.000	-24.026	0.236
4070.000	6.000	-24.099	0.242
4080.000	6.000	-23.895	0.236
4090.000	6.000	-23.895	0.231
4100.000	6.000	-24.495	0.240
4110.000	6.000	-24.641	0.238
4120.000	6.000	-24.641	0.233
4130.000	6.000	-24.641	0.233
4140.000	6.000	-24.576	0.234
4150.000	6.000	-24.576	0.234
4160.000	6.000	-24.609	0.240
4170.000	6.000	-24.829	0.240
4180.000	6.000	-24.829	0.240
4190.000	6.000	-25.049	0.242
4200.000	6.000	-24.976	0.235
4210.000	6.000	-24.976	0.235
4220.000	6.000	-24.902	0.233
4230.000	6.000	-25.195	0.234
4240.000	6.000	-25.195	0.234
4250.000	6.000	-25.562	0.239
4260.000	6.000	-25.708	0.236
4270.000	6.000	-25.708	0.236
4280.000	6.000	-25.635	0.233
4290.000	6.000	-25.781	0.231
4300.000	6.000	-25.781	0.231
4310.000	6.000	-25.781	0.234
4320.000	6.000	-25.928	0.234
4330.000	6.000	-25.928	0.234
4340.000	6.000	-26.221	0.236
4350.000	6.000	-26.294	0.234
4360.000	6.000	-26.294	0.234
4370.000	6.000	-26.367	0.235
4380.000	6.000	-26.953	0.239
4390.000	6.000	-26.953	0.239
4400.000	6.000	-26.953	0.234
4410.000	6.000	-26.807	0.241
4420.000	6.000	-26.807	0.241
4430.000	6.000	-26.880	0.244
4440.000	6.000	-27.246	0.239
4450.000	6.000	-27.246	0.239
4460.000	6.000	-27.466	0.238
4470.000	6.000	-27.466	0.242
4480.000	6.000	-27.466	0.242
4490.000	6.000	-27.319	0.235
4500.000	6.000	-27.832	0.241
4510.000	6.000	-27.832	0.241
4520.000	6.000	-27.979	0.239
4530.000	6.000	-28.125	0.239
4540.000	6.000	-28.125	0.239
4550.000	6.000	-28.345	0.235
4560.000	6.000	-28.418	0.236
4570.000	6.000	-28.418	0.236
4580.000	6.000	-28.418	0.235
4590.000	6.000	-28.564	0.236
4600.000	6.000	-28.564	0.236
4610.000	6.000	-28.638	0.240
4620.000	6.000	-28.857	0.231
4630.000	6.000	-28.857	0.231
4640.000	6.000	-29.077	0.239
4650.000	6.000	-28.931	0.234
4660.000	6.000	-28.931	0.234
4670.000	6.000	-29.443	0.239
4680.000	6.000	-29.224	0.236
4690.000	6.000	-29.224	0.236
4700.000	6.000	-29.590	0.242
4710.000	6.000	-29.956	0.234
4720.000	6.000	-29.956	0.234
4730.000	6.000	-29.883	0.245
4740.000	6.000	-30.249	0.235
4750.000	6.000	-30.249	0.235
4760.000	6.000	-30.249	0.240
4770.000	6.000	-30.103	0.240
4780.000	6.000	-30.382	0.235
4790.000	6.000	-30.236	0.238
4800.000	6.000	-30.236	0.239
4810.000	6.000	-30.602	0.234
4820.000	6.000	-30.382	0.234
4830.000	6.000	-30.602	0.241
4840.000	6.000	-30.968	0.234
4850.000	6.000	-30.602	0.236
4860.000	6.000	-30.822	0.239
4870.000	6.000	-31.188	0.235
4880.000	6.000	-30.981	0.234
4890.000	6.000	-31.348	0.236
4900.000	6.000	-31.714	0.235
4910.000	6.000	-31.274	0.236
4920.000	6.000	-31.714	0.242
4930.000	6.000	-31.860	0.238
4940.000	6.000	-31.494	0.236
4950.000	6.000	-32.007	0.235
4960.000	6.000	-32.153	0.241
4970.000	6.000	-32.080	0.234
4980.000	6.000	-32.300	0.238
4990.000	6.000	-32.373	0.241
5000.000	6.000	-32.373	0.235
5010.000	6.000	-32.520	0.231
5020.000	6.000	-32.666	0.244
5030.000	6.000	-32.593	0.236
5040.000	6.000	-32.739	0.251
5050.000	6.000	-32.886	0.239
5060.000	6.000	-32.812	0.234
5070.000	6.000	-32.959	0.236
5080.000	6.000	-33.105	0.247
5090.000	6.000	-33.032	0.242
5100.000	6.000	-33.105	0.236
5110.000	6.000	-33.325	0.236
5120.000	6.000	-33.252	0.241
5130.000	6.000	-33.398	0.234
5140.000	6.000	-33.911	0.231
5150.000	6.000	-33.472	0.241
5160.000	6.000	-33.691	0.234
5170.000	6.000	-33.691	0.233
5180.000	6.000	-33.838	0.244
5190.000	6.000	-33.984	0.245
5200.000	6.000	-33.911	0.233
5210.000	6.000	-34.204	0.242
5220.000	6.000	-34.058	0.235
5230.000	6.000	-34.351	0.239
5240.000	6.000	-33.838	0.239
5250.000	6.000	-34.570	0.240
5260.000	6.000	-34.497	0.194
5270.000	6.000	-34.497	0.241
5280.000	6.000	-34.570	0.241
5290.000	6.000	-35.010	0.235
5300.000	6.000	-34.717	0.236
5310.000	6.000	-34.717	0.241
5320.000	6.000	-35.010	0.234
5330.000	6.000	-35.010	0.234
5340.000	6.000	-35.156	0.240
5350.000	6.000	-35.083	0.239
5360.000	6.000	-35.229	0.236
5370.000	6.000	-35.522	0.238
5380.000	6.000	-35.449	0.234
5390.000	6.000	-35.547	0.236
5400.000	6.000	-35.840	0.241
5410.000	6.000	-35.780	0.233
5420.000	6.000	-35.780	0.236
5430.000	6.000	-35.633	0.242
5440.000	6.000	-35.853	0.244
5450.000	6.000	-36.260	0.234
5460.000	6.000	-36.626	0.239
5470.000	6.000	-36.014	0.241
5480.000	6.000	-36.380	0.234
5490.000	6.000	-35.989	0.234
5500.000	6.000	-36.429	0.241
5510.000	6.000	-36.887	0.235
5520.000	6.000	-36.961	0.236
5530.000	6.000	-36.974	0.236
5540.000	6.000	-36.828	0.236
5550.000	6.000	-36.787	0.238
5560.000	6.000	-36.421	0.240
5570.000	6.000	-37.294	0.235
5580.000	6.000	-37.294	0.236
5590.000	6.000	-37.240	0.241
5600.000	6.000	-37.314	0.240
5610.000	6.000	-36.842	0.239
5620.000	6.000	-37.061	0.240
5630.000	6.000	-37.764	0.240
5640.000	6.000	-37.984	0.236
5650.000	6.000	-37.684	0.234
5660.000	6.000	-37.831	0.239
5670.000	6.000	-37.424	0.239
5680.000	6.000	-37.644	0.239
5690.000	6.000	-37.770	0.242
5700.000	6.000	-37.843	0.236
5710.000	6.000	-38.356	0.236
5720.000	6.000	-38.063	0.238
5730.000	6.000	-37.713	0.238
5740.000	6.000	-38.006	0.249
5750.000	6.000	-38.086	0.240
5760.000	6.000	-38.818	0.242
5770.000	6.000	-38.885	0.235
5780.000	6.000	-38.445	0.236
5790.000	6.000	-39.031	0.235
5800.000	6.000	-38.958	0.235
5810.000	6.000	-39.544	0.239
5820.000	6.000	-39.544	0.236
5830.000	6.000	-39.544	0.236
5840.000	6.000	-39.324	0.238
5850.000	6.000	-39.031	0.230
5860.000	6.000	-39.031	0.230
5870.000	6.000	-39.331	0.235
5880.000	6.000	-39.544	0.240
5890.000	6.000	-39.324	0.239
5900.000	6.000	-39.178	0.246
5910.000	6.000	-39.251	0.245
5920.000	6.000	-39.324	0.234
5930.000	6.000	-39.178	0.240
5940.000	6.000	-39.544	0.235
5950.000	6.000	-39.691	0.245
5960.000	6.000	-39.837	0.236
5970.000	6.000	-39.691	0.236
5980.000	6.000	-40.063	0.240
5990.000	6.000	-39.990	0.236
6000.000	6.000	-40.210	0.236
6010.000	6.000	-40.356	0.241
6020.000	6.000	-40.210	0.228
6030.000	6.000	-40.723	0.234
6040.000	6.000	-40.723	0.239
6050.000	6.000	-40.356	0.017
6060.000	6.000	-40.503	0.001
6070.000	6.000	-40.796	0.002
6080.000	6.000	-40.503	0.003
6090.000	6.000	-40.503	-0.003
6100.000	6.000	-41.016	-0.003
6110.000	6.000	-40.942	0.003
6120.000	6.000	-40.796	0.003
6130.000	6.000	-40.649	0.001
6140.000	6.000	-40.649	0.003
6150.000	6.000	-40.723	0.004
6160.000	6.000	-40.503	0.003
6170.000	6.000	-41.048	0.006
6180.000	6.000	-41.341	0.001
6190.000	6.000	-41.101	-0.000
6200.000	6.000	-40.442	0.001
6210.000	6.000	-40.516	-0.000
6220.000	6.000	-40.735	0.009
6230.000	6.000	-40.865	-0.000
6240.000	6.000	-40.865	-0.002
6250.000	6.000	-40.839	-0.000
6260.000	6.000	-40.912	-0.000
6270.000	6.000	-39.927	0.007
6280.000	6.000	-39.927	0.001
6290.000	6.000	-40.541	0.001
6300.000	6.000	-40.615	0.004
6310.000	6.000	-40.368	0.002
6320.000	6.000	-40.368	0.009
6330.000	6.000	-40.092	0.001
6340.000	6.000	-39.799	0.003
6350.000	6.000	-40.427	0.003
6360.000	6.000	-40.501	-0.000
6370.000	6.000	-40.361	-0.000
6380.000	6.000	-40.361	0.004
6390.000	6.000	-39.987	0.002
6400.000	6.000	-40.426	0.002
6410.000	6.000	-40.086	-0.000
6420.000	6.000	-40.013	0.003
6430.000	6.000	-40.233	-0.002
6440.000	6.000	-40.160	-0.003
6450.000	6.000	-39.704	-0.002
6460.000	6.000	-39.850	0.004
6470.000	6.000	-40.063	-0.000
6480.000	6.000	-39.771	0.001
6490.000	6.000	-39.844	0.001
6500.000	6.000	-39.478	0.004
6510.000	6.000	-39.771	0.004
6520.000	6.000	-39.990	0.006
6530.000	6.000	-39.771	-0.002
6540.000	6.000	-39.771	0.001
6550.000	6.000	-39.771	0.003
6560.000	6.000	-39.551	-0.002
6570.000	6.000	-39.551	-0.002
6580.000	6.000	-39.917	0.001
6590.000	6.000	-39.771	0.002
6600.000	6.000	-39.624	0.004
6610.000	6.000	-39.697	0.006
6620.000	6.000	-39.404	-0.009
6630.000	6.000	-39.331	0.002
6640.000	6.000	-39.624	0.002
6650.000	6.000	-39.551	0.001
6660.000	6.000	-39.478	0.002
6670.000	6.000	-39.478	0.006
6680.000	6.000	-39.258	0.001
6690.000	6.000	-39.111	0.004
6700.000	6.000	-39.331	0.007
6710.000	6.000	-39.404	-0.000
6720.000	6.000	-39.258	-0.000
6730.000	6.000	-39.185	0.003
6740.000	6.000	-39.038	0.004
6750.000	6.000	-38.818	0.002
6760.000	6.000	-39.038	0.002
6770.000	6.000	-39.111	-0.007
6780.000	6.000	-38.892	-0.002
6790.000	6.000	-38.892	0.002
6800.000	6.000	-38.867	-0.002
6810.000	6.000	-38.867	-0.002
6820.000	6.000	-38.854	-0.002
6830.000	6.000	-39.000	0.002
6840.000	6.000	-38.707	-0.000
6850.000	6.000	-38.781	0.002
6860.000	6.000	-38.488	0.004
6870.000	6.000	-38.341	0.006
6880.000	6.000	-38.781	0.003
6890.000	6.000	-38.707	0.003
6900.000	6.000	-38.561	0.003
6910.000	6.000	-38.366	0.001
6920.000	6.000	-38.159	-0.000
6930.000	6.000	-38.086	0.003
6940.000	6.000	-38.525	-0.003
6950.000	6.000	-38.086	0.006
6960.000	6.000	-38.159	0.001
6970.000	6.000	-38.306	0.002
6980.000	6.000	-37.866	0.001
6990.000	6.000	-38.013	0.003
7000.000	6.000	-38.159	0.006
7010.000	6.000	-37.866	-0.002
7020.000	6.000	-38.159	0.006
