%Time [ms]	Commanded Torque [mNm]	Angular Velocity [RPM]	Actual Current [Amp]	%3/17/202011:38 AM
0.000	0.000	0.000	0.000
20.000	9.000	0.000	0.007
30.000	9.000	0.000	-0.000
40.000	9.000	0.000	0.003
50.000	9.000	0.000	0.002
60.000	9.000	0.000	-0.000
70.000	9.000	0.000	-0.000
80.000	9.000	0.000	0.003
90.000	9.000	0.000	-0.000
100.000	9.000	0.073	-0.003
110.000	9.000	0.073	0.002
120.000	9.000	0.073	-0.000
130.000	9.000	0.073	-0.003
140.000	9.000	0.073	0.004
150.000	9.000	0.073	0.001
160.000	9.000	0.073	-0.002
170.000	9.000	0.073	0.004
180.000	9.000	0.073	-0.003
190.000	9.000	0.073	-0.002
200.000	9.000	0.000	0.003
210.000	9.000	0.000	0.003
220.000	9.000	0.000	-0.000
230.000	9.000	0.000	0.002
240.000	9.000	0.000	0.004
250.000	9.000	0.000	-0.000
260.000	9.000	0.000	-0.000
270.000	9.000	0.000	0.002
280.000	9.000	0.000	0.002
290.000	9.000	0.000	-0.002
300.000	9.000	0.000	0.003
310.000	9.000	0.000	-0.002
320.000	9.000	0.000	-0.003
330.000	9.000	0.000	0.007
340.000	9.000	0.000	0.006
350.000	9.000	0.000	-0.000
360.000	9.000	0.000	-0.002
370.000	9.000	0.000	0.006
380.000	9.000	0.000	-0.003
390.000	9.000	0.000	-0.000
400.000	9.000	0.000	0.006
410.000	9.000	0.000	-0.003
420.000	9.000	0.000	0.002
430.000	9.000	0.000	0.008
440.000	9.000	0.000	0.004
450.000	9.000	0.000	-0.002
460.000	9.000	0.000	0.007
470.000	9.000	0.000	0.004
480.000	9.000	0.000	0.002
490.000	9.000	0.000	0.002
500.000	9.000	0.000	0.006
510.000	9.000	0.000	-0.002
520.000	9.000	0.000	-0.000
530.000	9.000	0.000	0.002
540.000	9.000	0.000	-0.002
550.000	9.000	0.000	-0.000
560.000	9.000	0.000	-0.000
570.000	9.000	0.000	0.002
580.000	9.000	0.000	0.002
590.000	9.000	0.000	0.001
600.000	9.000	0.000	0.007
610.000	9.000	0.000	-0.003
620.000	9.000	0.000	0.002
630.000	9.000	0.000	0.003
640.000	9.000	0.000	-0.000
650.000	9.000	0.000	0.002
660.000	9.000	0.000	0.004
670.000	9.000	0.000	0.001
680.000	9.000	0.000	-0.002
690.000	9.000	0.000	0.004
700.000	9.000	0.000	-0.000
710.000	9.000	0.000	-0.000
720.000	9.000	0.000	0.002
730.000	9.000	0.000	0.004
740.000	9.000	0.000	0.004
750.000	9.000	0.000	0.004
760.000	9.000	0.000	0.003
770.000	9.000	0.000	0.003
780.000	9.000	0.000	0.003
790.000	9.000	0.000	0.003
800.000	9.000	0.000	-0.000
810.000	9.000	0.000	-0.000
820.000	9.000	0.000	0.003
830.000	9.000	0.000	-0.003
840.000	9.000	0.000	-0.003
850.000	9.000	0.000	0.004
860.000	9.000	0.000	-0.000
870.000	9.000	0.000	-0.000
880.000	9.000	0.000	0.003
890.000	9.000	0.000	-0.002
900.000	9.000	0.000	-0.002
910.000	9.000	0.000	-0.000
920.000	9.000	0.000	-0.003
930.000	9.000	0.000	-0.003
940.000	9.000	0.000	-0.002
950.000	9.000	0.000	-0.002
960.000	9.000	0.000	-0.002
970.000	9.000	0.000	0.001
980.000	9.000	0.000	0.006
990.000	9.000	0.000	0.006
1000.000	9.000	0.000	0.001
1010.000	9.000	0.000	0.003
1020.000	9.000	0.000	0.003
1030.000	9.000	0.000	0.002
1040.000	9.000	-0.073	0.355
1050.000	9.000	-0.073	0.355
1060.000	9.000	-0.073	0.352
1070.000	9.000	-0.220	0.355
1080.000	9.000	-0.220	0.355
1090.000	9.000	-0.286	0.354
1100.000	9.000	-0.360	0.355
1110.000	9.000	-0.506	0.354
1120.000	9.000	-0.653	0.355
1130.000	9.000	-0.726	0.354
1140.000	9.000	-0.799	0.355
1150.000	9.000	-0.945	0.358
1160.000	9.000	-1.165	0.357
1170.000	9.000	-1.312	0.350
1180.000	9.000	-1.605	0.358
1190.000	9.000	-1.831	0.356
1200.000	9.000	-2.051	0.351
1210.000	9.000	-2.197	0.357
1220.000	9.000	-2.271	0.351
1230.000	9.000	-2.417	0.351
1240.000	9.000	-2.490	0.358
1250.000	9.000	-2.563	0.355
1260.000	9.000	-2.637	0.354
1270.000	9.000	-2.856	0.357
1280.000	9.000	-2.930	0.357
1290.000	9.000	-2.930	0.356
1300.000	9.000	-2.930	0.349
1310.000	9.000	-3.003	0.355
1320.000	9.000	-3.223	0.358
1330.000	9.000	-3.491	0.352
1340.000	9.000	-3.857	0.355
1350.000	9.000	-3.971	0.355
1360.000	9.000	-3.971	0.354
1370.000	9.000	-3.897	0.355
1380.000	9.000	-3.897	0.352
1390.000	9.000	-4.255	0.356
1400.000	9.000	-4.475	0.354
1410.000	9.000	-4.575	0.358
1420.000	9.000	-4.575	0.355
1430.000	9.000	-4.892	0.351
1440.000	9.000	-4.892	0.356
1450.000	9.000	-5.048	0.357
1460.000	9.000	-5.194	0.350
1470.000	9.000	-5.427	0.354
1480.000	9.000	-5.647	0.358
1490.000	9.000	-5.509	0.356
1500.000	9.000	-5.655	0.355
1510.000	9.000	-6.166	0.357
1520.000	9.000	-6.385	0.354
1530.000	9.000	-6.046	0.361
1540.000	9.000	-6.119	0.356
1550.000	9.000	-6.510	0.355
1560.000	9.000	-6.656	0.354
1570.000	9.000	-6.871	0.355
1580.000	9.000	-7.237	0.356
1590.000	9.000	-7.257	0.351
1600.000	9.000	-7.257	0.355
1610.000	9.000	-7.159	0.355
1620.000	9.000	-7.306	0.357
1630.000	9.000	-7.735	0.355
1640.000	9.000	-8.008	0.358
1650.000	9.000	-7.788	0.358
1660.000	9.000	-8.008	0.356
1670.000	9.000	-8.146	0.360
1680.000	9.000	-8.000	0.384
1690.000	9.000	-8.639	0.351
1700.000	9.000	-8.712	0.357
1710.000	9.000	-8.712	0.357
1720.000	9.000	-8.932	0.349
1730.000	9.000	-8.916	0.360
1740.000	9.000	-9.229	0.352
1750.000	9.000	-9.302	0.362
1760.000	9.000	-9.521	0.356
1770.000	9.000	-9.595	0.356
1780.000	9.000	-9.855	0.355
1790.000	9.000	-9.855	0.355
1800.000	9.000	-9.922	0.358
1810.000	9.000	-10.141	0.357
1820.000	9.000	-10.695	0.358
1830.000	9.000	-10.695	0.358
1840.000	9.000	-10.329	0.356
1850.000	9.000	-10.695	0.354
1860.000	9.000	-10.735	0.360
1870.000	9.000	-11.020	0.356
1880.000	9.000	-11.020	0.356
1890.000	9.000	-11.392	0.354
1900.000	9.000	-11.392	0.354
1910.000	9.000	-11.478	0.355
1920.000	9.000	-11.478	0.355
1930.000	9.000	-11.478	0.361
1940.000	9.000	-11.771	0.352
1950.000	9.000	-12.211	0.351
1960.000	9.000	-12.098	0.358
1970.000	9.000	-12.171	0.358
1980.000	9.000	-12.431	0.355
1990.000	9.000	-12.578	0.356
2000.000	9.000	-12.724	0.357
2010.000	9.000	-12.651	0.355
2020.000	9.000	-13.330	0.356
2030.000	9.000	-13.037	0.357
2040.000	9.000	-13.403	0.356
2050.000	9.000	-13.257	0.355
2060.000	9.000	-13.623	0.356
2070.000	9.000	-13.623	0.356
2080.000	9.000	-13.623	0.352
2090.000	9.000	-13.989	0.355
2100.000	9.000	-13.843	0.360
2110.000	9.000	-13.989	0.356
2120.000	9.000	-14.136	0.357
2130.000	9.000	-14.355	0.357
2140.000	9.000	-14.355	0.356
2150.000	9.000	-14.795	0.358
2160.000	9.000	-14.722	0.355
2170.000	9.000	-14.795	0.357
2180.000	9.000	-15.308	0.352
2190.000	9.000	-14.941	0.362
2200.000	9.000	-15.381	0.352
2210.000	9.000	-15.820	0.352
2220.000	9.000	-15.527	0.361
2230.000	9.000	-15.820	0.354
2240.000	9.000	-16.187	0.356
2250.000	9.000	-15.967	0.358
2260.000	9.000	-16.333	0.355
2270.000	9.000	-16.626	0.357
2280.000	9.000	-16.553	0.355
2290.000	9.000	-16.992	0.350
2300.000	9.000	-16.919	0.358
2310.000	9.000	-16.919	0.357
2320.000	9.000	-17.285	0.355
2330.000	9.000	-17.432	0.357
2340.000	9.000	-17.358	0.360
2350.000	9.000	-17.505	0.354
2360.000	9.000	-17.725	0.355
2370.000	9.000	-18.018	0.354
2380.000	9.000	-17.798	0.354
2390.000	9.000	-17.871	0.357
2400.000	9.000	-18.384	0.352
2410.000	9.000	-18.311	0.350
2420.000	9.000	-18.530	0.356
2430.000	9.000	-18.604	0.358
2440.000	9.000	-18.677	0.351
2450.000	9.000	-18.823	0.357
2460.000	9.000	-19.189	0.357
2470.000	9.000	-19.116	0.357
2480.000	9.000	-19.409	0.352
2490.000	9.000	-19.849	0.357
2500.000	9.000	-19.556	0.357
2510.000	9.000	-19.775	0.347
2520.000	9.000	-19.775	0.361
2530.000	9.000	-20.142	0.380
2540.000	9.000	-20.361	0.349
2550.000	9.000	-20.654	0.360
2560.000	9.000	-20.654	0.361
2570.000	9.000	-20.654	0.356
2580.000	9.000	-21.094	0.355
2590.000	9.000	-20.801	0.377
2600.000	9.000	-21.387	0.355
2610.000	9.000	-21.387	0.358
2620.000	9.000	-21.460	0.355
2630.000	9.000	-21.460	0.356
2640.000	9.000	-21.753	0.352
2650.000	9.000	-21.680	0.355
2660.000	9.000	-21.924	0.354
2670.000	9.000	-22.070	0.351
2680.000	9.000	-22.070	0.354
2690.000	9.000	-22.437	0.358
2700.000	9.000	-22.363	0.358
2710.000	9.000	-23.136	0.356
2720.000	9.000	-23.136	0.356
2730.000	9.000	-23.276	0.355
2740.000	9.000	-23.130	0.352
2750.000	9.000	-23.349	0.358
2760.000	9.000	-23.398	0.357
2770.000	9.000	-23.887	0.347
2780.000	9.000	-24.033	0.356
2790.000	9.000	-23.953	0.357
2800.000	9.000	-24.246	0.358
2810.000	9.000	-24.059	0.356
2820.000	9.000	-24.498	0.356
2830.000	9.000	-24.505	0.355
2840.000	9.000	-24.945	0.351
2850.000	9.000	-25.091	0.358
2860.000	9.000	-25.164	0.352
2870.000	9.000	-24.969	0.352
2880.000	9.000	-25.189	0.356
2890.000	9.000	-25.692	0.356
2900.000	9.000	-25.618	0.354
2910.000	9.000	-25.865	0.354
2920.000	9.000	-25.572	0.357
2930.000	9.000	-26.158	0.356
2940.000	9.000	-26.011	0.355
2950.000	9.000	-26.532	0.352
2960.000	9.000	-26.532	0.355
2970.000	9.000	-26.506	0.349
2980.000	9.000	-26.725	0.358
2990.000	9.000	-26.668	0.355
3000.000	9.000	-27.035	0.355
3010.000	9.000	-27.301	0.355
3020.000	9.000	-27.594	0.355
3030.000	9.000	-27.334	0.355
3040.000	9.000	-27.554	0.358
3050.000	9.000	-27.546	0.354
3060.000	9.000	-27.692	0.358
3070.000	9.000	-28.240	0.346
3080.000	9.000	-28.313	0.358
3090.000	9.000	-28.399	0.357
3100.000	9.000	-28.399	0.350
3110.000	9.000	-28.253	0.355
3120.000	9.000	-28.399	0.356
3130.000	9.000	-29.302	0.356
3140.000	9.000	-29.302	0.356
3150.000	9.000	-29.029	0.357
3160.000	9.000	-29.322	0.355
3170.000	9.000	-29.314	0.351
3180.000	9.000	-29.460	0.356
3190.000	9.000	-29.919	0.357
3200.000	9.000	-30.139	0.352
3210.000	9.000	-30.352	0.356
3220.000	9.000	-30.205	0.356
3230.000	9.000	-29.855	0.357
3240.000	9.000	-30.295	0.358
3250.000	9.000	-30.421	0.365
3260.000	9.000	-30.568	0.357
3270.000	9.000	-31.007	0.354
3280.000	9.000	-31.186	0.352
3290.000	9.000	-31.227	0.352
3300.000	9.000	-31.214	0.349
3310.000	9.000	-31.220	0.356
3320.000	9.000	-31.733	0.357
3330.000	9.000	-31.733	0.356
3340.000	9.000	-32.091	0.355
3350.000	9.000	-32.531	0.354
3360.000	9.000	-32.444	0.357
3370.000	9.000	-32.444	0.350
3380.000	9.000	-32.265	0.354
3390.000	9.000	-32.485	0.357
3400.000	9.000	-33.084	0.351
3410.000	9.000	-33.450	0.352
3420.000	9.000	-33.350	0.357
3430.000	9.000	-33.350	0.355
3440.000	9.000	-33.432	0.357
3450.000	9.000	-33.358	0.355
3460.000	9.000	-34.121	0.355
3470.000	9.000	-34.047	0.350
3480.000	9.000	-34.433	0.355
3490.000	9.000	-34.067	0.356
3500.000	9.000	-33.994	0.351
3510.000	9.000	-34.067	0.374
3520.000	9.000	-35.022	0.357
3530.000	9.000	-35.168	0.360
3540.000	9.000	-34.968	0.356
3550.000	9.000	-35.188	0.355
3560.000	9.000	-35.172	0.352
3570.000	9.000	-35.172	0.346
3580.000	9.000	-35.778	0.383
3590.000	9.000	-36.145	0.356
3600.000	9.000	-36.218	0.351
3610.000	9.000	-36.438	0.354
3620.000	9.000	-35.803	0.355
3630.000	9.000	-36.316	0.355
3640.000	9.000	-36.759	0.356
3650.000	9.000	-37.272	0.358
3660.000	9.000	-36.859	0.354
3670.000	9.000	-37.478	0.346
3680.000	9.000	-37.437	0.356
3690.000	9.000	-37.437	0.356
3700.000	9.000	-37.803	0.349
3710.000	9.000	-38.096	0.355
3720.000	9.000	-38.096	0.355
3730.000	9.000	-38.243	0.356
3740.000	9.000	-38.072	0.356
3750.000	9.000	-38.145	0.361
3760.000	9.000	-38.778	0.351
3770.000	9.000	-38.599	0.340
3780.000	9.000	-38.379	0.357
3790.000	9.000	-38.745	0.352
3800.000	9.000	-38.599	0.352
3810.000	9.000	-38.672	0.367
3820.000	9.000	-39.567	0.354
3830.000	9.000	-39.714	0.356
3840.000	9.000	-39.640	0.377
3850.000	9.000	-39.421	0.362
3860.000	9.000	-39.567	0.355
3870.000	9.000	-39.787	0.350
3880.000	9.000	-40.438	0.360
3890.000	9.000	-40.658	0.356
3900.000	9.000	-40.771	0.361
3910.000	9.000	-41.064	0.357
3920.000	9.000	-40.388	0.361
3930.000	9.000	-40.388	0.354
3940.000	9.000	-41.365	0.356
3950.000	9.000	-41.658	0.351
3960.000	9.000	-41.411	0.356
3970.000	9.000	-41.485	0.350
3980.000	9.000	-41.493	0.354
3990.000	9.000	-41.566	0.355
4000.000	9.000	-42.372	0.356
4010.000	9.000	-42.299	0.357
4020.000	9.000	-42.346	0.375
4030.000	9.000	-42.492	0.354
4040.000	9.000	-42.248	0.351
4050.000	9.000	-42.395	0.354
4060.000	9.000	-42.861	0.362
4070.000	9.000	-43.080	0.349
4080.000	9.000	-42.934	0.355
4090.000	9.000	-43.577	0.358
4100.000	9.000	-43.243	0.355
4110.000	9.000	-43.536	0.354
4120.000	9.000	-44.076	0.367
4130.000	9.000	-44.368	0.357
4140.000	9.000	-44.102	0.350
4150.000	9.000	-44.249	0.358
4160.000	9.000	-44.249	0.356
4170.000	9.000	-44.395	0.352
4180.000	9.000	-45.103	0.357
4190.000	9.000	-44.607	0.356
4200.000	9.000	-44.467	0.350
4210.000	9.000	-44.540	0.356
4220.000	9.000	-44.540	0.365
4230.000	9.000	-44.613	0.358
4240.000	9.000	-45.531	0.350
4250.000	9.000	-45.750	0.356
4260.000	9.000	-45.684	0.355
4270.000	9.000	-45.830	0.351
4280.000	9.000	-45.489	0.354
4290.000	9.000	-45.782	0.357
4300.000	9.000	-46.581	0.362
4310.000	9.000	-46.800	0.357
4320.000	9.000	-46.727	0.357
4330.000	9.000	-46.727	0.357
4340.000	9.000	-46.369	0.352
4350.000	9.000	-46.589	0.355
4360.000	9.000	-46.875	0.360
4370.000	9.000	-46.948	0.362
4380.000	9.000	-47.314	0.355
4390.000	9.000	-47.241	0.357
4400.000	9.000	-46.875	0.360
4410.000	9.000	-47.168	0.357
4420.000	9.000	-47.534	0.356
4430.000	9.000	-47.681	0.356
4440.000	9.000	-48.120	0.355
4450.000	9.000	-48.120	0.357
4460.000	9.000	-48.340	0.354
4470.000	9.000	-48.779	0.357
4480.000	9.000	-48.633	0.360
4490.000	9.000	-48.779	0.354
4500.000	9.000	-48.999	0.356
4510.000	9.000	-48.853	0.351
4520.000	9.000	-48.926	0.354
4530.000	9.000	-49.292	0.358
4540.000	9.000	-48.926	0.352
4550.000	9.000	-49.219	0.352
4560.000	9.000	-49.512	0.358
4570.000	9.000	-49.292	0.358
4580.000	9.000	-49.512	0.357
4590.000	9.000	-49.658	0.355
4600.000	9.000	-49.731	0.354
4610.000	9.000	-50.098	0.363
4620.000	9.000	-50.464	0.354
4630.000	9.000	-50.871	0.358
4640.000	9.000	-51.164	0.357
4650.000	9.000	-50.698	0.355
4660.000	9.000	-50.624	0.354
4670.000	9.000	-50.771	0.355
4680.000	9.000	-51.064	0.356
4690.000	9.000	-51.699	0.356
4700.000	9.000	-51.845	0.354
4710.000	9.000	-51.572	0.347
4720.000	9.000	-51.645	0.361
4730.000	9.000	-51.238	0.374
4740.000	9.000	-51.312	0.357
4750.000	9.000	-52.347	0.356
4760.000	9.000	-52.933	0.355
4770.000	9.000	-52.933	0.355
4780.000	9.000	-52.933	0.352
4790.000	9.000	-52.811	0.383
4800.000	9.000	-52.811	0.383
4810.000	9.000	-53.304	0.355
4820.000	9.000	-53.158	0.358
4830.000	9.000	-53.231	0.355
4840.000	9.000	-53.670	0.358
4850.000	9.000	-53.320	0.354
4860.000	9.000	-53.180	0.351
4870.000	9.000	-53.254	0.377
4880.000	9.000	-53.327	0.356
4890.000	9.000	-53.400	0.357
4900.000	9.000	-54.011	0.354
4910.000	9.000	-54.157	0.361
4920.000	9.000	-54.224	0.356
4930.000	9.000	-54.517	0.358
4940.000	9.000	-54.370	0.357
4950.000	9.000	-54.443	0.355
4960.000	9.000	-55.649	0.356
4970.000	9.000	-55.576	0.356
4980.000	9.000	-55.689	0.347
4990.000	9.000	-55.836	0.354
5000.000	9.000	-55.152	0.356
5010.000	9.000	-55.445	0.357
5020.000	9.000	-56.274	0.360
5030.000	9.000	-56.713	0.354
5040.000	9.000	-56.553	0.357
5050.000	9.000	-56.627	0.355
5060.000	9.000	-56.146	0.361
5070.000	9.000	-56.366	0.384
5080.000	9.000	-57.417	0.360
5090.000	9.000	-57.563	0.358
5100.000	9.000	-57.670	0.355
5110.000	9.000	-57.914	0.355
5120.000	9.000	-57.238	0.356
5130.000	9.000	-57.238	0.356
5140.000	9.000	-58.407	0.355
5150.000	9.000	-58.993	0.356
5160.000	9.000	-58.993	0.356
5170.000	9.000	-58.993	0.357
5180.000	9.000	-58.635	0.352
5190.000	9.000	-58.635	0.352
5200.000	9.000	-59.334	0.358
5210.000	9.000	-58.797	0.352
5220.000	9.000	-58.797	0.352
5230.000	9.000	-59.676	0.356
5240.000	9.000	-59.473	0.357
5250.000	9.000	-59.473	0.357
5260.000	9.000	-59.399	0.357
5270.000	9.000	-59.692	0.357
5280.000	9.000	-59.692	0.357
5290.000	9.000	-60.059	0.356
5300.000	9.000	-59.766	0.356
5310.000	9.000	-59.912	0.358
5320.000	9.000	-59.912	0.350
5330.000	9.000	-59.912	0.355
5340.000	9.000	-60.278	0.356
5350.000	9.000	-60.775	0.355
5360.000	9.000	-60.921	0.358
5370.000	9.000	-60.688	0.354
5380.000	9.000	-60.761	0.357
5390.000	9.000	-60.835	0.351
5400.000	9.000	-61.347	0.357
5410.000	9.000	-61.998	0.354
5420.000	9.000	-62.365	0.354
5430.000	9.000	-62.418	0.355
5440.000	9.000	-61.759	0.355
5450.000	9.000	-61.775	0.357
5460.000	9.000	-61.995	0.354
5470.000	9.000	-62.513	0.354
5480.000	9.000	-63.099	0.355
5490.000	9.000	-62.999	0.347
5500.000	9.000	-62.486	0.355
5510.000	9.000	-62.348	0.358
5520.000	9.000	-62.494	0.363
5530.000	9.000	-63.190	0.360
5540.000	9.000	-63.922	0.356
5550.000	9.000	-63.536	0.352
5560.000	9.000	-63.316	0.350
5570.000	9.000	-63.178	0.347
5580.000	9.000	-63.324	0.356
5590.000	9.000	-63.571	0.355
5600.000	9.000	-64.230	0.356
5610.000	9.000	-64.230	0.356
5620.000	9.000	-64.010	0.357
5630.000	9.000	-63.847	0.351
5640.000	9.000	-63.994	0.357
5650.000	9.000	-64.233	0.356
5660.000	9.000	-64.380	0.352
5670.000	9.000	-64.746	0.357
5680.000	9.000	-64.819	0.385
5690.000	9.000	-64.673	0.357
5700.000	9.000	-64.746	0.363
5710.000	9.000	-64.893	0.356
5720.000	9.000	-65.186	0.363
5730.000	9.000	-65.479	0.347
5740.000	9.000	-65.112	0.354
5750.000	9.000	-65.405	0.354
5760.000	9.000	-65.771	0.356
5770.000	9.000	-65.625	0.362
5780.000	9.000	-65.771	0.351
5790.000	9.000	-66.284	0.360
5800.000	9.000	-66.357	0.356
5810.000	9.000	-66.064	0.352
5820.000	9.000	-66.211	0.362
5830.000	9.000	-66.813	0.350
5840.000	9.000	-67.326	0.352
5850.000	9.000	-67.060	0.369
5860.000	9.000	-67.645	0.356
5870.000	9.000	-67.792	0.354
5880.000	9.000	-67.792	0.354
5890.000	9.000	-67.938	0.356
5900.000	9.000	-68.524	0.352
5910.000	9.000	-68.524	0.352
5920.000	9.000	-68.671	0.365
5930.000	9.000	-68.215	0.382
5940.000	9.000	-68.215	0.382
5950.000	9.000	-68.774	0.363
5960.000	9.000	-68.335	0.344
5970.000	9.000	-68.335	0.344
5980.000	9.000	-68.994	0.358
5990.000	9.000	-69.360	0.349
6000.000	9.000	-69.360	0.349
6010.000	9.000	-69.434	0.357
6020.000	9.000	-69.727	0.355
6030.000	9.000	-69.727	0.355
6040.000	9.000	-70.020	0.358
6050.000	9.000	-70.093	-0.002
6060.000	9.000	-70.093	-0.002
6070.000	9.000	-70.239	-0.004
6080.000	9.000	-70.312	0.004
6090.000	9.000	-70.239	-0.000
6100.000	9.000	-70.386	0.003
6110.000	9.000	-70.386	0.001
6120.000	9.000	-70.006	0.008
6130.000	9.000	-69.933	-0.002
6140.000	9.000	-69.786	-0.003
6150.000	9.000	-69.860	0.004
6160.000	9.000	-70.568	-0.004
6170.000	9.000	-70.641	-0.003
6180.000	9.000	-70.048	0.003
6190.000	9.000	-69.902	0.004
6200.000	9.000	-70.520	0.002
6210.000	9.000	-70.520	0.002
6220.000	9.000	-70.900	0.003
6230.000	9.000	-71.120	-0.002
6240.000	9.000	-71.120	-0.002
6250.000	9.000	-70.973	0.004
6260.000	9.000	-70.119	-0.004
6270.000	9.000	-70.119	-0.004
6280.000	9.000	-70.565	0.002
6290.000	9.000	-70.785	0.003
6300.000	9.000	-70.785	0.003
6310.000	9.000	-70.020	-0.000
6320.000	9.000	-69.800	0.002
6330.000	9.000	-69.800	0.002
6340.000	9.000	-69.653	0.001
6350.000	9.000	-69.507	0.003
6360.000	9.000	-69.507	0.003
6370.000	9.000	-69.287	-0.003
6380.000	9.000	-69.214	0.003
6390.000	9.000	-69.214	0.003
6400.000	9.000	-68.994	-0.000
6410.000	9.000	-68.848	0.006
6420.000	9.000	-68.848	0.006
6430.000	9.000	-69.067	0.003
6440.000	9.000	-69.067	-0.004
6450.000	9.000	-69.067	-0.004
6460.000	9.000	-68.848	0.008
6470.000	9.000	-68.568	0.006
6480.000	9.000	-68.422	-0.000
6490.000	9.000	-68.422	0.004
6500.000	9.000	-68.129	0.006
6510.000	9.000	-68.348	-0.000
6520.000	9.000	-67.836	-0.002
6530.000	9.000	-67.689	0.003
6540.000	9.000	-67.836	-0.002
6550.000	9.000	-67.543	-0.000
6560.000	9.000	-67.543	0.004
6570.000	9.000	-67.969	-0.000
6580.000	9.000	-67.896	-0.004
6590.000	9.000	-67.676	0.003
6600.000	9.000	-68.115	0.004
6610.000	9.000	-67.310	0.001
6620.000	9.000	-67.676	-0.005
6630.000	9.000	-67.822	0.006
6640.000	9.000	-67.529	0.003
6650.000	9.000	-67.676	-0.004
6660.000	9.000	-67.676	0.003
6670.000	9.000	-67.456	0.003
6680.000	9.000	-67.017	0.002
6690.000	9.000	-67.456	-0.002
6700.000	9.000	-66.797	0.003
6710.000	9.000	-67.236	0.002
6720.000	9.000	-67.456	0.003
6730.000	9.000	-67.090	0.001
6740.000	9.000	-67.236	0.008
6750.000	9.000	-67.163	0.001
6760.000	9.000	-66.870	0.001
6770.000	9.000	-66.797	-0.003
6780.000	9.000	-67.310	-0.000
6790.000	9.000	-66.943	-0.002
6800.000	9.000	-67.090	0.004
6810.000	9.000	-67.310	0.001
6820.000	9.000	-66.724	-0.005
6830.000	9.000	-66.797	-0.000
6840.000	9.000	-66.797	0.006
6850.000	9.000	-66.650	0.002
6860.000	9.000	-67.017	-0.000
6870.000	9.000	-67.163	-0.002
6880.000	9.000	-66.943	0.004
6890.000	9.000	-66.650	-0.003
6900.000	9.000	-67.017	0.001
6910.000	9.000	-66.504	0.009
6920.000	9.000	-66.797	-0.003
6930.000	9.000	-67.163	-0.003
6940.000	9.000	-66.797	0.002
6950.000	9.000	-66.797	-0.000
6960.000	9.000	-66.577	-0.000
6970.000	9.000	-66.431	-0.000
6980.000	9.000	-66.431	0.004
6990.000	9.000	-66.797	-0.000
7000.000	9.000	-66.650	-0.007
7010.000	9.000	-66.577	0.004
7020.000	9.000	-66.724	0.002
