%Time [ms]	Commanded Torque [mNm]	Angular Velocity [RPM]	Actual Current [Amp]	%3/17/202011:38 AM
0.000	0.000	0.000	0.000
20.000	7.000	0.000	0.001
30.000	7.000	0.000	0.001
40.000	7.000	0.000	-0.002
50.000	7.000	0.000	0.002
60.000	7.000	0.000	0.002
70.000	7.000	0.000	0.003
80.000	7.000	0.000	0.004
90.000	7.000	0.000	0.004
100.000	7.000	0.000	0.003
110.000	7.000	0.000	-0.000
120.000	7.000	0.000	-0.000
130.000	7.000	0.000	0.001
140.000	7.000	0.000	-0.002
150.000	7.000	0.000	-0.002
160.000	7.000	0.000	0.004
170.000	7.000	0.000	0.003
180.000	7.000	0.000	0.003
190.000	7.000	0.000	0.003
200.000	7.000	0.000	-0.000
210.000	7.000	0.000	-0.000
220.000	7.000	0.000	-0.000
230.000	7.000	0.000	0.001
240.000	7.000	0.000	0.001
250.000	7.000	0.000	-0.002
260.000	7.000	0.000	0.003
270.000	7.000	0.000	0.003
280.000	7.000	0.000	0.003
290.000	7.000	0.000	0.003
300.000	7.000	0.000	0.003
310.000	7.000	0.000	-0.000
320.000	7.000	0.000	0.010
330.000	7.000	0.000	0.010
340.000	7.000	0.000	-0.002
350.000	7.000	0.000	-0.000
360.000	7.000	0.000	-0.000
370.000	7.000	0.000	-0.000
380.000	7.000	0.000	0.004
390.000	7.000	0.000	0.004
400.000	7.000	0.000	0.003
410.000	7.000	0.000	-0.000
420.000	7.000	0.000	-0.000
430.000	7.000	0.000	0.008
440.000	7.000	0.000	-0.003
450.000	7.000	0.000	-0.003
460.000	7.000	0.000	0.003
470.000	7.000	0.000	0.001
480.000	7.000	0.000	-0.002
490.000	7.000	0.000	0.002
500.000	7.000	0.000	0.004
510.000	7.000	0.000	-0.002
520.000	7.000	0.000	-0.003
530.000	7.000	0.000	0.001
540.000	7.000	0.000	0.003
550.000	7.000	0.000	0.004
560.000	7.000	0.000	0.001
570.000	7.000	0.000	0.006
580.000	7.000	0.000	0.006
590.000	7.000	0.000	0.001
600.000	7.000	0.000	0.001
610.000	7.000	0.000	0.001
620.000	7.000	0.000	0.002
630.000	7.000	0.000	-0.000
640.000	7.000	0.000	0.002
650.000	7.000	0.000	-0.000
660.000	7.000	0.000	0.004
670.000	7.000	0.000	0.001
680.000	7.000	0.000	0.004
690.000	7.000	0.000	0.003
700.000	7.000	0.000	0.002
710.000	7.000	0.000	-0.002
720.000	7.000	0.000	-0.002
730.000	7.000	0.000	0.008
740.000	7.000	0.000	-0.003
750.000	7.000	0.000	-0.003
760.000	7.000	0.000	0.006
770.000	7.000	0.000	0.006
780.000	7.000	0.000	-0.000
790.000	7.000	0.000	0.004
800.000	7.000	0.000	0.006
810.000	7.000	0.000	-0.000
820.000	7.000	0.000	0.002
830.000	7.000	0.000	0.001
840.000	7.000	0.000	0.001
850.000	7.000	0.000	-0.000
860.000	7.000	0.000	0.004
870.000	7.000	0.000	0.002
880.000	7.000	0.000	0.003
890.000	7.000	0.000	0.002
900.000	7.000	0.000	0.003
910.000	7.000	0.000	0.002
920.000	7.000	0.000	-0.000
930.000	7.000	0.000	0.002
940.000	7.000	0.000	0.002
950.000	7.000	0.000	-0.002
960.000	7.000	0.000	0.007
970.000	7.000	0.000	0.007
980.000	7.000	0.000	-0.003
990.000	7.000	0.000	-0.003
1000.000	7.000	0.000	0.003
1010.000	7.000	0.000	-0.003
1020.000	7.000	0.000	-0.000
1030.000	7.000	-0.073	0.288
1040.000	7.000	-0.146	0.275
1050.000	7.000	-0.146	0.275
1060.000	7.000	-0.146	0.283
1070.000	7.000	-0.293	0.277
1080.000	7.000	-0.293	0.277
1090.000	7.000	-0.366	0.275
1100.000	7.000	-0.513	0.277
1110.000	7.000	-0.586	0.275
1120.000	7.000	-0.659	0.278
1130.000	7.000	-0.732	0.285
1140.000	7.000	-0.732	0.278
1150.000	7.000	-0.806	0.273
1160.000	7.000	-0.952	0.279
1170.000	7.000	-0.952	0.275
1180.000	7.000	-1.099	0.277
1190.000	7.000	-1.172	0.275
1200.000	7.000	-1.245	0.279
1210.000	7.000	-1.318	0.277
1220.000	7.000	-1.538	0.277
1230.000	7.000	-1.685	0.279
1240.000	7.000	-1.937	0.272
1250.000	7.000	-2.083	0.275
1260.000	7.000	-2.137	0.281
1270.000	7.000	-2.210	0.274
1280.000	7.000	-2.283	0.269
1290.000	7.000	-2.430	0.273
1300.000	7.000	-2.617	0.292
1310.000	7.000	-2.910	0.275
1320.000	7.000	-2.950	0.280
1330.000	7.000	-2.950	0.286
1340.000	7.000	-2.844	0.277
1350.000	7.000	-2.917	0.273
1360.000	7.000	-2.961	0.280
1370.000	7.000	-3.035	0.278
1380.000	7.000	-3.148	0.275
1390.000	7.000	-3.368	0.275
1400.000	7.000	-3.327	0.277
1410.000	7.000	-3.180	0.278
1420.000	7.000	-3.254	0.275
1430.000	7.000	-3.328	0.275
1440.000	7.000	-3.574	0.275
1450.000	7.000	-3.867	0.277
1460.000	7.000	-3.989	0.275
1470.000	7.000	-4.062	0.274
1480.000	7.000	-4.022	0.285
1490.000	7.000	-3.949	0.275
1500.000	7.000	-4.242	0.281
1510.000	7.000	-4.462	0.274
1520.000	7.000	-4.494	0.278
1530.000	7.000	-4.568	0.278
1540.000	7.000	-4.834	0.277
1550.000	7.000	-4.834	0.277
1560.000	7.000	-4.907	0.277
1570.000	7.000	-4.980	0.283
1580.000	7.000	-5.127	0.281
1590.000	7.000	-5.420	0.275
1600.000	7.000	-5.347	0.280
1610.000	7.000	-5.347	0.277
1620.000	7.000	-5.566	0.277
1630.000	7.000	-5.859	0.272
1640.000	7.000	-5.640	0.274
1650.000	7.000	-5.566	0.277
1660.000	7.000	-5.713	0.273
1670.000	7.000	-6.079	0.275
1680.000	7.000	-6.226	0.274
1690.000	7.000	-6.152	0.278
1700.000	7.000	-6.445	0.281
1710.000	7.000	-6.519	0.277
1720.000	7.000	-6.372	0.272
1730.000	7.000	-6.299	0.283
1740.000	7.000	-6.665	0.277
1750.000	7.000	-6.812	0.277
1760.000	7.000	-6.958	0.274
1770.000	7.000	-7.104	0.283
1780.000	7.000	-7.104	0.271
1790.000	7.000	-7.031	0.277
1800.000	7.000	-7.104	0.281
1810.000	7.000	-7.178	0.277
1820.000	7.000	-7.544	0.275
1830.000	7.000	-7.910	0.275
1840.000	7.000	-7.617	0.274
1850.000	7.000	-7.617	0.274
1860.000	7.000	-7.837	0.274
1870.000	7.000	-7.690	0.280
1880.000	7.000	-8.057	0.280
1890.000	7.000	-8.423	0.275
1900.000	7.000	-8.203	0.275
1910.000	7.000	-8.496	0.275
1920.000	7.000	-8.483	0.275
1930.000	7.000	-8.336	0.284
1940.000	7.000	-8.849	0.277
1950.000	7.000	-8.922	0.277
1960.000	7.000	-8.947	0.275
1970.000	7.000	-9.166	0.279
1980.000	7.000	-9.080	0.277
1990.000	7.000	-9.226	0.273
2000.000	7.000	-9.300	0.283
2010.000	7.000	-9.446	0.272
2020.000	7.000	-9.638	0.278
2030.000	7.000	-9.931	0.283
2040.000	7.000	-9.765	0.278
2050.000	7.000	-9.838	0.277
2060.000	7.000	-10.033	0.279
2070.000	7.000	-9.960	0.283
2080.000	7.000	-10.559	0.279
2090.000	7.000	-10.266	0.275
2100.000	7.000	-10.526	0.277
2110.000	7.000	-10.453	0.278
2120.000	7.000	-10.640	0.284
2130.000	7.000	-10.640	0.284
2140.000	7.000	-10.733	0.280
2150.000	7.000	-11.173	0.274
2160.000	7.000	-11.173	0.274
2170.000	7.000	-11.319	0.284
2180.000	7.000	-11.392	0.278
2190.000	7.000	-11.392	0.278
2200.000	7.000	-11.719	0.277
2210.000	7.000	-11.426	0.273
2220.000	7.000	-11.426	0.273
2230.000	7.000	-11.719	0.281
2240.000	7.000	-11.938	0.277
2250.000	7.000	-11.938	0.277
2260.000	7.000	-12.012	0.281
2270.000	7.000	-12.524	0.271
2280.000	7.000	-12.524	0.271
2290.000	7.000	-12.231	0.274
2300.000	7.000	-12.451	0.283
2310.000	7.000	-12.451	0.283
2320.000	7.000	-12.744	0.273
2330.000	7.000	-12.671	0.278
2340.000	7.000	-12.671	0.278
2350.000	7.000	-13.184	0.275
2360.000	7.000	-13.257	0.279
2370.000	7.000	-13.257	0.279
2380.000	7.000	-13.037	0.275
2390.000	7.000	-13.477	0.277
2400.000	7.000	-13.477	0.277
2410.000	7.000	-13.623	0.283
2420.000	7.000	-13.843	0.278
2430.000	7.000	-13.843	0.278
2440.000	7.000	-13.989	0.281
2450.000	7.000	-14.136	0.275
2460.000	7.000	-14.136	0.275
2470.000	7.000	-14.282	0.274
2480.000	7.000	-14.502	0.277
2490.000	7.000	-14.502	0.277
2500.000	7.000	-14.795	0.279
2510.000	7.000	-14.648	0.273
2520.000	7.000	-14.648	0.273
2530.000	7.000	-15.161	0.269
2540.000	7.000	-15.015	0.280
2550.000	7.000	-15.015	0.280
2560.000	7.000	-15.527	0.273
2570.000	7.000	-15.308	0.277
2580.000	7.000	-15.308	0.277
2590.000	7.000	-15.674	0.275
2600.000	7.000	-15.674	0.278
2610.000	7.000	-15.674	0.278
2620.000	7.000	-16.040	0.267
2630.000	7.000	-15.967	0.275
2640.000	7.000	-15.967	0.275
2650.000	7.000	-16.260	0.279
2660.000	7.000	-16.333	0.278
2670.000	7.000	-16.333	0.278
2680.000	7.000	-16.553	0.286
2690.000	7.000	-16.626	0.275
2700.000	7.000	-16.626	0.275
2710.000	7.000	-16.992	0.277
2720.000	7.000	-16.919	0.272
2730.000	7.000	-16.919	0.272
2740.000	7.000	-17.505	0.277
2750.000	7.000	-17.139	0.275
2760.000	7.000	-17.139	0.275
2770.000	7.000	-17.651	0.278
2780.000	7.000	-17.871	0.279
2790.000	7.000	-17.871	0.279
2800.000	7.000	-17.725	0.274
2810.000	7.000	-18.237	0.284
2820.000	7.000	-18.237	0.284
2830.000	7.000	-18.237	0.275
2840.000	7.000	-18.384	0.280
2850.000	7.000	-18.384	0.280
2860.000	7.000	-18.530	0.271
2870.000	7.000	-18.750	0.277
2880.000	7.000	-18.750	0.277
2890.000	7.000	-18.823	0.283
2900.000	7.000	-19.043	0.273
2910.000	7.000	-19.043	0.273
2920.000	7.000	-19.043	0.279
2930.000	7.000	-19.336	0.277
2940.000	7.000	-19.336	0.277
2950.000	7.000	-19.556	0.273
2960.000	7.000	-19.409	0.274
2970.000	7.000	-19.409	0.274
2980.000	7.000	-19.556	0.280
2990.000	7.000	-20.142	0.274
3000.000	7.000	-20.142	0.274
3010.000	7.000	-20.288	0.277
3020.000	7.000	-20.215	0.275
3030.000	7.000	-20.301	0.277
3040.000	7.000	-20.008	0.277
3050.000	7.000	-20.301	0.277
3060.000	7.000	-20.375	0.283
3070.000	7.000	-20.822	0.278
3080.000	7.000	-20.895	0.275
3090.000	7.000	-20.769	0.277
3100.000	7.000	-20.989	0.279
3110.000	7.000	-20.915	0.277
3120.000	7.000	-21.208	0.273
3130.000	7.000	-21.423	0.278
3140.000	7.000	-22.009	0.289
3150.000	7.000	-21.816	0.275
3160.000	7.000	-21.889	0.280
3170.000	7.000	-21.661	0.277
3180.000	7.000	-21.661	0.275
3190.000	7.000	-22.186	0.277
3200.000	7.000	-22.186	0.284
3210.000	7.000	-22.127	0.275
3220.000	7.000	-22.200	0.273
3230.000	7.000	-22.192	0.278
3240.000	7.000	-22.192	0.274
3250.000	7.000	-22.783	0.294
3260.000	7.000	-23.296	0.275
3270.000	7.000	-23.296	0.275
3280.000	7.000	-23.443	0.272
3290.000	7.000	-23.337	0.281
3300.000	7.000	-23.337	0.281
3310.000	7.000	-23.617	0.274
3320.000	7.000	-23.763	0.278
3330.000	7.000	-23.910	0.272
3340.000	7.000	-23.804	0.273
3350.000	7.000	-23.950	0.275
3360.000	7.000	-23.950	0.275
3370.000	7.000	-24.023	0.281
3380.000	7.000	-24.536	0.274
3390.000	7.000	-24.536	0.274
3400.000	7.000	-24.683	0.279
3410.000	7.000	-24.976	0.275
3420.000	7.000	-24.976	0.275
3430.000	7.000	-25.049	0.274
3440.000	7.000	-25.122	0.277
3450.000	7.000	-25.122	0.277
3460.000	7.000	-25.122	0.274
3470.000	7.000	-25.269	0.277
3480.000	7.000	-25.049	0.275
3490.000	7.000	-25.295	0.274
3500.000	7.000	-25.149	0.275
3510.000	7.000	-25.515	0.275
3520.000	7.000	-25.564	0.277
3530.000	7.000	-25.930	0.280
3540.000	7.000	-25.930	0.280
3550.000	7.000	-26.076	0.273
3560.000	7.000	-26.369	0.275
3570.000	7.000	-26.369	0.275
3580.000	7.000	-26.809	0.273
3590.000	7.000	-27.075	0.275
3600.000	7.000	-27.075	0.275
3610.000	7.000	-26.929	0.283
3620.000	7.000	-27.246	0.275
3630.000	7.000	-27.246	0.275
3640.000	7.000	-27.319	0.285
3650.000	7.000	-27.539	0.278
3660.000	7.000	-27.539	0.278
3670.000	7.000	-27.612	0.278
3680.000	7.000	-27.759	0.280
3690.000	7.000	-27.865	0.277
3700.000	7.000	-27.792	0.277
3710.000	7.000	-27.865	0.278
3720.000	7.000	-28.012	0.274
3730.000	7.000	-28.435	0.272
3740.000	7.000	-28.508	0.275
3750.000	7.000	-28.382	0.278
3760.000	7.000	-28.528	0.283
3770.000	7.000	-28.748	0.277
3780.000	7.000	-28.675	0.279
3790.000	7.000	-29.089	0.277
3800.000	7.000	-29.235	0.275
3810.000	7.000	-29.588	0.273
3820.000	7.000	-29.515	0.280
3830.000	7.000	-29.019	0.273
3840.000	7.000	-29.531	0.273
3850.000	7.000	-29.975	0.281
3860.000	7.000	-30.122	0.278
3870.000	7.000	-29.982	0.278
3880.000	7.000	-29.982	0.273
3890.000	7.000	-30.047	0.278
3900.000	7.000	-30.120	0.275
3910.000	7.000	-30.475	0.275
3920.000	7.000	-30.915	0.280
3930.000	7.000	-30.708	0.275
3940.000	7.000	-30.635	0.277
3950.000	7.000	-30.611	0.278
3960.000	7.000	-30.611	0.274
3970.000	7.000	-31.247	0.271
3980.000	7.000	-31.467	0.273
3990.000	7.000	-31.254	0.281
4000.000	7.000	-31.473	0.278
4010.000	7.000	-31.278	0.272
4020.000	7.000	-31.205	0.279
4030.000	7.000	-31.989	0.277
4040.000	7.000	-31.989	0.278
4050.000	7.000	-31.969	0.272
4060.000	7.000	-32.042	0.280
4070.000	7.000	-31.766	0.274
4080.000	7.000	-32.059	0.271
4090.000	7.000	-32.532	0.275
4100.000	7.000	-32.459	0.272
4110.000	7.000	-32.565	0.278
4120.000	7.000	-32.492	0.277
4130.000	7.000	-32.354	0.283
4140.000	7.000	-32.427	0.279
4150.000	7.000	-33.122	0.274
4160.000	7.000	-33.269	0.283
4170.000	7.000	-33.043	0.284
4180.000	7.000	-33.116	0.277
4190.000	7.000	-32.855	0.278
4200.000	7.000	-33.148	0.279
4210.000	7.000	-33.644	0.274
4220.000	7.000	-34.157	0.275
4230.000	7.000	-33.777	0.284
4240.000	7.000	-33.777	0.275
4250.000	7.000	-33.541	0.279
4260.000	7.000	-33.688	0.279
4270.000	7.000	-34.516	0.280
4280.000	7.000	-34.223	0.283
4290.000	7.000	-34.676	0.278
4300.000	7.000	-34.619	0.278
4310.000	7.000	-34.399	0.279
4320.000	7.000	-35.145	0.275
4330.000	7.000	-35.145	0.279
4340.000	7.000	-35.072	0.277
4350.000	7.000	-35.072	0.277
4360.000	7.000	-35.218	0.277
4370.000	7.000	-35.129	0.278
4380.000	7.000	-35.129	0.278
4390.000	7.000	-35.062	0.275
4400.000	7.000	-35.282	0.273
4410.000	7.000	-35.176	0.277
4420.000	7.000	-35.396	0.218
4430.000	7.000	-35.103	0.274
4440.000	7.000	-35.689	0.277
4450.000	7.000	-35.689	0.275
4460.000	7.000	-35.982	0.275
4470.000	7.000	-35.616	0.272
4480.000	7.000	-36.055	0.279
4490.000	7.000	-36.108	0.231
4500.000	7.000	-36.621	0.274
4510.000	7.000	-36.646	0.280
4520.000	7.000	-36.792	0.274
4530.000	7.000	-36.739	0.272
4540.000	7.000	-36.519	0.277
4550.000	7.000	-37.032	0.280
4560.000	7.000	-36.665	0.279
4570.000	7.000	-37.373	0.275
4580.000	7.000	-37.520	0.283
4590.000	7.000	-37.467	0.277
4600.000	7.000	-37.467	0.273
4610.000	7.000	-37.149	0.277
4620.000	7.000	-37.296	0.283
4630.000	7.000	-37.984	0.275
4640.000	7.000	-38.057	0.275
4650.000	7.000	-37.824	0.280
4660.000	7.000	-38.190	0.280
4670.000	7.000	-37.629	0.274
4680.000	7.000	-37.848	0.275
4690.000	7.000	-38.374	0.222
4700.000	7.000	-38.447	0.275
4710.000	7.000	-38.653	0.278
4720.000	7.000	-38.507	0.280
4730.000	7.000	-38.165	0.277
4740.000	7.000	-38.531	0.275
4750.000	7.000	-38.886	0.273
4760.000	7.000	-39.106	0.277
4770.000	7.000	-39.313	0.278
4780.000	7.000	-39.516	0.274
4790.000	7.000	-39.337	0.281
4800.000	7.000	-39.171	0.279
4810.000	7.000	-39.184	0.277
4820.000	7.000	-39.477	0.275
4830.000	7.000	-39.770	0.279
4840.000	7.000	-40.299	0.274
4850.000	7.000	-39.884	0.289
4860.000	7.000	-39.651	0.275
4870.000	7.000	-39.957	0.275
4880.000	7.000	-39.680	0.288
4890.000	7.000	-39.827	0.277
4900.000	7.000	-40.140	0.275
4910.000	7.000	-40.579	0.284
4920.000	7.000	-40.652	0.278
4930.000	7.000	-40.864	0.277
4940.000	7.000	-40.408	0.275
4950.000	7.000	-40.601	0.277
4960.000	7.000	-40.761	0.279
4970.000	7.000	-40.688	0.283
4980.000	7.000	-41.054	0.274
4990.000	7.000	-41.819	0.277
5000.000	7.000	-41.746	0.223
5010.000	7.000	-41.226	0.277
5020.000	7.000	-41.226	0.274
5030.000	7.000	-41.161	0.277
5040.000	7.000	-41.454	0.275
5050.000	7.000	-41.554	0.274
5060.000	7.000	-41.701	0.292
5070.000	7.000	-42.067	0.281
5080.000	7.000	-42.466	0.280
5090.000	7.000	-42.067	0.275
5100.000	7.000	-41.894	0.278
5110.000	7.000	-42.193	0.285
5120.000	7.000	-42.413	0.279
5130.000	7.000	-42.486	0.275
5140.000	7.000	-42.975	0.283
5150.000	7.000	-43.268	0.274
5160.000	7.000	-43.228	0.275
5170.000	7.000	-43.016	0.280
5180.000	7.000	-43.089	0.273
5190.000	7.000	-43.089	0.273
5200.000	7.000	-43.629	0.275
5210.000	7.000	-43.995	0.277
5220.000	7.000	-43.875	0.274
5230.000	7.000	-44.192	0.279
5240.000	7.000	-43.704	0.271
5250.000	7.000	-43.511	0.281
5260.000	7.000	-43.697	0.278
5270.000	7.000	-44.064	0.277
5280.000	7.000	-43.877	0.280
5290.000	7.000	-43.877	0.285
5300.000	7.000	-43.950	0.277
5310.000	7.000	-44.169	0.277
5320.000	7.000	-44.436	0.280
5330.000	7.000	-44.338	0.275
5340.000	7.000	-44.558	0.278
5350.000	7.000	-44.824	0.280
5360.000	7.000	-45.044	0.273
5370.000	7.000	-45.337	0.274
5380.000	7.000	-45.117	0.274
5390.000	7.000	-45.337	0.281
5400.000	7.000	-45.483	0.277
5410.000	7.000	-45.410	0.273
5420.000	7.000	-45.557	0.283
5430.000	7.000	-45.850	0.274
5440.000	7.000	-45.776	0.274
5450.000	7.000	-46.069	0.275
5460.000	7.000	-46.362	0.280
5470.000	7.000	-46.216	0.277
5480.000	7.000	-46.436	0.281
5490.000	7.000	-46.655	0.275
5500.000	7.000	-46.582	0.277
5510.000	7.000	-46.729	0.273
5520.000	7.000	-47.021	0.277
5530.000	7.000	-46.875	0.280
5540.000	7.000	-47.021	0.273
5550.000	7.000	-47.241	0.277
5560.000	7.000	-47.168	0.277
5570.000	7.000	-47.388	0.274
5580.000	7.000	-47.681	0.278
5590.000	7.000	-47.607	0.275
5600.000	7.000	-47.754	0.280
5610.000	7.000	-48.120	0.278
5620.000	7.000	-48.047	0.279
5630.000	7.000	-48.193	0.275
5640.000	7.000	-48.267	0.277
5650.000	7.000	-48.267	0.274
5660.000	7.000	-48.413	0.277
5670.000	7.000	-48.560	0.279
5680.000	7.000	-49.023	0.278
5690.000	7.000	-49.097	0.281
5700.000	7.000	-49.130	0.277
5710.000	7.000	-48.910	0.277
5720.000	7.000	-49.203	0.274
5730.000	7.000	-49.350	0.275
5740.000	7.000	-50.041	0.285
5750.000	7.000	-50.041	0.280
5760.000	7.000	-50.041	0.280
5770.000	7.000	-49.968	0.274
5780.000	7.000	-49.797	0.291
5790.000	7.000	-49.797	0.291
5800.000	7.000	-50.203	0.278
5810.000	7.000	-50.350	0.273
5820.000	7.000	-50.350	0.273
5830.000	7.000	-50.496	0.277
5840.000	7.000	-50.391	0.279
5850.000	7.000	-50.391	0.279
5860.000	7.000	-50.684	0.279
5870.000	7.000	-50.504	0.277
5880.000	7.000	-50.577	0.281
5890.000	7.000	-50.431	0.277
5900.000	7.000	-50.284	0.274
5910.000	7.000	-50.650	0.278
5920.000	7.000	-50.724	0.283
5930.000	7.000	-50.650	0.275
5940.000	7.000	-50.870	0.278
5950.000	7.000	-51.285	0.278
5960.000	7.000	-51.904	0.275
5970.000	7.000	-51.904	0.274
5980.000	7.000	-52.051	0.281
5990.000	7.000	-52.271	0.279
6000.000	7.000	-52.271	0.279
6010.000	7.000	-52.124	0.286
6020.000	7.000	-52.490	0.279
6030.000	7.000	-52.490	0.279
6040.000	7.000	-52.490	0.274
6050.000	7.000	-52.148	0.003
6060.000	7.000	-52.148	0.003
6070.000	7.000	-52.148	0.001
6080.000	7.000	-52.441	-0.000
6090.000	7.000	-52.441	-0.000
6100.000	7.000	-52.295	0.002
6110.000	7.000	-52.222	-0.000
6120.000	7.000	-52.222	-0.000
6130.000	7.000	-52.368	0.002
6140.000	7.000	-52.295	-0.000
6150.000	7.000	-52.295	-0.000
6160.000	7.000	-52.075	-0.002
6170.000	7.000	-52.148	0.003
6180.000	7.000	-52.148	0.003
6190.000	7.000	-52.075	-0.000
6200.000	7.000	-51.855	0.001
6210.000	7.000	-51.855	0.001
6220.000	7.000	-51.782	0.002
6230.000	7.000	-51.709	0.001
6240.000	7.000	-51.709	0.001
6250.000	7.000	-51.636	0.002
6260.000	7.000	-51.562	0.004
6270.000	7.000	-51.562	0.004
6280.000	7.000	-51.017	0.006
6290.000	7.000	-51.017	0.001
6300.000	7.000	-51.017	0.002
6310.000	7.000	-51.017	0.006
6320.000	7.000	-50.943	0.004
6330.000	7.000	-50.943	-0.003
6340.000	7.000	-50.724	0.002
6350.000	7.000	-50.724	0.004
6360.000	7.000	-51.017	0.001
6370.000	7.000	-50.797	0.003
6380.000	7.000	-51.196	0.002
6390.000	7.000	-51.050	0.004
6400.000	7.000	-50.977	0.001
6410.000	7.000	-50.977	-0.000
6420.000	7.000	-51.050	0.012
6430.000	7.000	-50.684	0.001
6440.000	7.000	-50.610	0.002
6450.000	7.000	-50.830	0.003
6460.000	7.000	-50.757	0.002
6470.000	7.000	-51.457	0.006
6480.000	7.000	-50.991	-0.002
6490.000	7.000	-50.698	0.004
6500.000	7.000	-50.551	0.002
6510.000	7.000	-50.844	0.002
6520.000	7.000	-50.624	-0.000
6530.000	7.000	-50.844	0.004
6540.000	7.000	-50.991	-0.002
6550.000	7.000	-50.551	-0.003
6560.000	7.000	-50.405	0.004
6570.000	7.000	-49.998	0.002
6580.000	7.000	-50.464	-0.002
6590.000	7.000	-50.610	0.001
6600.000	7.000	-50.903	0.003
6610.000	7.000	-50.391	-0.002
6620.000	7.000	-50.464	-0.005
6630.000	7.000	-50.391	0.004
6640.000	7.000	-50.171	0.004
6650.000	7.000	-50.317	-0.000
6660.000	7.000	-50.610	0.003
6670.000	7.000	-50.391	-0.002
6680.000	7.000	-50.244	0.004
6690.000	7.000	-50.244	0.001
6700.000	7.000	-49.951	0.001
6710.000	7.000	-50.171	0.002
6720.000	7.000	-50.464	-0.003
6730.000	7.000	-50.391	-0.002
6740.000	7.000	-50.391	0.004
6750.000	7.000	-50.391	0.002
6760.000	7.000	-49.951	-0.000
6770.000	7.000	-49.951	0.002
6780.000	7.000	-49.951	0.004
6790.000	7.000	-49.878	-0.000
6800.000	7.000	-49.951	0.001
6810.000	7.000	-50.098	0.001
6820.000	7.000	-49.658	0.003
6830.000	7.000	-49.585	-0.000
6840.000	7.000	-49.731	-0.002
6850.000	7.000	-49.585	0.002
6860.000	7.000	-49.731	0.004
6870.000	7.000	-49.951	-0.002
6880.000	7.000	-49.951	0.003
6890.000	7.000	-49.878	0.008
6900.000	7.000	-50.024	-0.003
6910.000	7.000	-49.658	-0.000
6920.000	7.000	-49.658	0.002
6930.000	7.000	-49.731	0.003
6940.000	7.000	-49.438	-0.002
6950.000	7.000	-49.292	0.002
6960.000	7.000	-49.365	0.004
6970.000	7.000	-49.072	-0.000
6980.000	7.000	-49.146	0.001
6990.000	7.000	-49.292	0.002
7000.000	7.000	-48.999	0.001
7010.000	7.000	-49.072	0.001
7020.000	7.000	-49.219	0.003
