%Time [ms]	Commanded Torque [mNm]	Angular Velocity [RPM]	Actual Current [Amp]	%3/17/202011:38 AM
0.000	0.000	0.000	0.000
20.000	10.000	0.293	0.001
30.000	10.000	0.220	0.002
40.000	10.000	0.220	0.002
50.000	10.000	0.146	0.001
60.000	10.000	0.146	0.004
70.000	10.000	0.146	0.004
80.000	10.000	0.146	-0.002
90.000	10.000	0.146	0.006
100.000	10.000	0.146	0.004
110.000	10.000	0.146	-0.000
120.000	10.000	0.146	-0.000
130.000	10.000	0.073	0.004
140.000	10.000	0.073	0.001
150.000	10.000	0.007	0.003
160.000	10.000	0.007	-0.002
170.000	10.000	0.007	0.002
180.000	10.000	-0.067	-0.000
190.000	10.000	-0.067	0.003
200.000	10.000	-0.140	0.004
210.000	10.000	-0.140	0.001
220.000	10.000	-0.140	0.003
230.000	10.000	-0.213	-0.000
240.000	10.000	-0.213	-0.000
250.000	10.000	-0.146	0.001
260.000	10.000	-0.220	-0.002
270.000	10.000	-0.220	-0.005
280.000	10.000	-0.293	0.001
290.000	10.000	-0.293	-0.000
300.000	10.000	-0.220	0.003
310.000	10.000	-0.293	-0.003
320.000	10.000	-0.220	0.002
330.000	10.000	-0.220	0.002
340.000	10.000	-0.301	-0.003
350.000	10.000	-0.301	0.003
360.000	10.000	-0.228	0.002
370.000	10.000	-0.309	-0.000
380.000	10.000	-0.236	0.002
390.000	10.000	-0.236	0.002
400.000	10.000	-0.309	-0.000
410.000	10.000	-0.236	0.002
420.000	10.000	-0.236	-0.003
430.000	10.000	-0.236	-0.000
440.000	10.000	-0.228	0.001
450.000	10.000	-0.228	-0.000
460.000	10.000	-0.228	0.002
470.000	10.000	-0.146	0.001
480.000	10.000	-0.146	0.001
490.000	10.000	-0.228	0.004
500.000	10.000	-0.155	0.002
510.000	10.000	-0.155	0.004
520.000	10.000	-0.155	0.002
530.000	10.000	-0.155	0.004
540.000	10.000	-0.081	0.003
550.000	10.000	-0.081	-0.000
560.000	10.000	-0.081	0.002
570.000	10.000	-0.081	-0.000
580.000	10.000	-0.081	0.002
590.000	10.000	-0.073	-0.000
600.000	10.000	-0.073	0.003
610.000	10.000	-0.073	0.002
620.000	10.000	-0.073	0.002
630.000	10.000	-0.073	0.002
640.000	10.000	-0.073	0.002
650.000	10.000	-0.073	-0.002
660.000	10.000	-0.073	0.002
670.000	10.000	-0.073	0.004
680.000	10.000	0.000	-0.002
690.000	10.000	0.073	0.001
700.000	10.000	0.073	0.002
710.000	10.000	0.073	0.001
720.000	10.000	0.073	0.002
730.000	10.000	0.073	0.004
740.000	10.000	0.073	-0.000
750.000	10.000	0.146	0.002
760.000	10.000	0.146	-0.000
770.000	10.000	0.146	0.002
780.000	10.000	0.073	0.001
790.000	10.000	0.146	0.001
800.000	10.000	0.146	0.001
810.000	10.000	0.146	0.002
820.000	10.000	0.146	0.003
830.000	10.000	0.146	0.004
840.000	10.000	0.213	-0.000
850.000	10.000	0.140	0.002
860.000	10.000	0.140	0.004
870.000	10.000	0.213	-0.000
880.000	10.000	0.213	0.002
890.000	10.000	0.140	0.002
900.000	10.000	0.140	-0.003
910.000	10.000	0.140	0.004
920.000	10.000	0.213	0.001
930.000	10.000	0.213	0.001
940.000	10.000	0.146	0.001
950.000	10.000	0.146	0.001
960.000	10.000	0.146	0.002
970.000	10.000	0.073	0.002
980.000	10.000	0.146	0.002
990.000	10.000	0.146	0.002
1000.000	10.000	0.146	0.003
1010.000	10.000	0.146	0.002
1020.000	10.000	0.073	-0.003
1030.000	10.000	0.000	0.396
1040.000	10.000	0.000	0.399
1050.000	10.000	0.000	0.396
1060.000	10.000	-0.081	0.388
1070.000	10.000	-0.155	0.394
1080.000	10.000	-0.294	0.394
1090.000	10.000	-0.368	0.388
1100.000	10.000	-0.441	0.401
1110.000	10.000	-0.587	0.397
1120.000	10.000	-0.669	0.386
1130.000	10.000	-0.815	0.397
1140.000	10.000	-0.948	0.396
1150.000	10.000	-1.095	0.391
1160.000	10.000	-1.233	0.393
1170.000	10.000	-1.453	0.400
1180.000	10.000	-1.793	0.390
1190.000	10.000	-2.013	0.396
1200.000	10.000	-2.273	0.395
1210.000	10.000	-2.346	0.390
1220.000	10.000	-2.484	0.394
1230.000	10.000	-2.484	0.394
1240.000	10.000	-2.717	0.390
1250.000	10.000	-2.937	0.396
1260.000	10.000	-3.230	0.401
1270.000	10.000	-3.425	0.391
1280.000	10.000	-3.385	0.397
1290.000	10.000	-3.491	0.393
1300.000	10.000	-3.744	0.397
1310.000	10.000	-4.184	0.390
1320.000	10.000	-4.403	0.399
1330.000	10.000	-4.672	0.395
1340.000	10.000	-4.672	0.389
1350.000	10.000	-4.972	0.394
1360.000	10.000	-5.045	0.394
1370.000	10.000	-5.069	0.391
1380.000	10.000	-5.362	0.397
1390.000	10.000	-5.858	0.395
1400.000	10.000	-5.858	0.391
1410.000	10.000	-5.665	0.336
1420.000	10.000	-5.811	0.397
1430.000	10.000	-6.202	0.391
1440.000	10.000	-6.495	0.393
1450.000	10.000	-6.643	0.399
1460.000	10.000	-7.009	0.391
1470.000	10.000	-7.096	0.393
1480.000	10.000	-7.022	0.396
1490.000	10.000	-7.307	0.397
1500.000	10.000	-7.307	0.397
1510.000	10.000	-7.647	0.400
1520.000	10.000	-7.940	0.393
1530.000	10.000	-7.940	0.393
1540.000	10.000	-8.086	0.395
1550.000	10.000	-8.151	0.394
1560.000	10.000	-8.151	0.394
1570.000	10.000	-8.797	0.394
1580.000	10.000	-8.944	0.391
1590.000	10.000	-8.944	0.391
1600.000	10.000	-9.229	0.394
1610.000	10.000	-9.375	0.400
1620.000	10.000	-9.408	0.383
1630.000	10.000	-9.555	0.394
1640.000	10.000	-9.921	0.393
1650.000	10.000	-9.921	0.390
1660.000	10.000	-10.662	0.394
1670.000	10.000	-10.295	0.394
1680.000	10.000	-10.622	0.395
1690.000	10.000	-10.768	0.394
1700.000	10.000	-11.216	0.391
1710.000	10.000	-11.216	0.391
1720.000	10.000	-11.402	0.400
1730.000	10.000	-11.695	0.395
1740.000	10.000	-11.988	0.391
1750.000	10.000	-11.915	0.394
1760.000	10.000	-11.833	0.394
1770.000	10.000	-12.126	0.402
1780.000	10.000	-12.541	0.390
1790.000	10.000	-12.687	0.394
1800.000	10.000	-12.539	0.394
1810.000	10.000	-13.125	0.394
1820.000	10.000	-12.979	0.391
1830.000	10.000	-13.345	0.394
1840.000	10.000	-13.508	0.391
1850.000	10.000	-13.947	0.397
1860.000	10.000	-13.881	0.393
1870.000	10.000	-14.100	0.286
1880.000	10.000	-14.165	0.394
1890.000	10.000	-14.458	0.395
1900.000	10.000	-14.606	0.390
1910.000	10.000	-14.753	0.397
1920.000	10.000	-15.046	0.405
1930.000	10.000	-15.290	0.395
1940.000	10.000	-15.436	0.391
1950.000	10.000	-15.436	0.391
1960.000	10.000	-15.649	0.388
1970.000	10.000	-16.016	0.396
1980.000	10.000	-16.016	0.396
1990.000	10.000	-16.309	0.394
2000.000	10.000	-16.447	0.397
2010.000	10.000	-16.447	0.397
2020.000	10.000	-16.813	0.393
2030.000	10.000	-16.846	0.394
2040.000	10.000	-16.846	0.394
2050.000	10.000	-17.212	0.394
2060.000	10.000	-17.651	0.395
2070.000	10.000	-17.651	0.395
2080.000	10.000	-17.578	0.391
2090.000	10.000	-18.237	0.397
2100.000	10.000	-18.237	0.397
2110.000	10.000	-18.237	0.402
2120.000	10.000	-18.604	0.391
2130.000	10.000	-18.604	0.391
2140.000	10.000	-18.630	0.396
2150.000	10.000	-18.777	0.386
2160.000	10.000	-18.996	0.389
2170.000	10.000	-19.143	0.400
2180.000	10.000	-19.509	0.399
2190.000	10.000	-19.875	0.389
2200.000	10.000	-19.509	0.393
2210.000	10.000	-19.802	0.396
2220.000	10.000	-19.875	0.394
2230.000	10.000	-20.315	0.391
2240.000	10.000	-20.654	0.393
2250.000	10.000	-20.728	0.391
2260.000	10.000	-20.947	0.395
2270.000	10.000	-20.947	0.390
2280.000	10.000	-21.387	0.390
2290.000	10.000	-21.240	0.395
2300.000	10.000	-21.753	0.395
2310.000	10.000	-21.826	0.394
2320.000	10.000	-22.046	0.397
2330.000	10.000	-22.046	0.399
2340.000	10.000	-22.192	0.393
2350.000	10.000	-22.266	0.394
2360.000	10.000	-22.485	0.396
2370.000	10.000	-22.632	0.385
2380.000	10.000	-22.632	0.394
2390.000	10.000	-22.852	0.395
2400.000	10.000	-23.291	0.391
2410.000	10.000	-23.364	0.390
2420.000	10.000	-23.511	0.394
2430.000	10.000	-23.877	0.393
2440.000	10.000	-24.097	0.394
2450.000	10.000	-24.170	0.393
2460.000	10.000	-24.390	0.397
2470.000	10.000	-24.536	0.388
2480.000	10.000	-24.683	0.396
2490.000	10.000	-24.902	0.395
2500.000	10.000	-24.683	0.390
2510.000	10.000	-24.976	0.396
2520.000	10.000	-25.122	0.400
2530.000	10.000	-25.342	0.393
2540.000	10.000	-25.342	0.397
2550.000	10.000	-26.001	0.396
2560.000	10.000	-25.781	0.390
2570.000	10.000	-26.001	0.397
2580.000	10.000	-26.074	0.391
2590.000	10.000	-26.221	0.397
2600.000	10.000	-26.587	0.390
2610.000	10.000	-26.880	0.397
2620.000	10.000	-27.026	0.394
2630.000	10.000	-26.953	0.413
2640.000	10.000	-27.100	0.396
2650.000	10.000	-27.026	0.395
2660.000	10.000	-27.393	0.390
2670.000	10.000	-27.759	0.390
2680.000	10.000	-27.832	0.397
2690.000	10.000	-28.052	0.389
2700.000	10.000	-28.198	0.393
2710.000	10.000	-28.198	0.399
2720.000	10.000	-28.345	0.385
2730.000	10.000	-28.564	0.391
2740.000	10.000	-28.638	0.391
2750.000	10.000	-29.077	0.395
2760.000	10.000	-29.077	0.399
2770.000	10.000	-29.248	0.394
2780.000	10.000	-29.834	0.396
2790.000	10.000	-29.707	0.391
2800.000	10.000	-29.561	0.394
2810.000	10.000	-29.781	0.393
2820.000	10.000	-29.927	0.384
2830.000	10.000	-30.562	0.394
2840.000	10.000	-30.782	0.429
2850.000	10.000	-30.482	0.390
2860.000	10.000	-30.775	0.396
2870.000	10.000	-30.751	0.391
2880.000	10.000	-30.604	0.391
2890.000	10.000	-31.292	0.396
2900.000	10.000	-31.658	0.391
2910.000	10.000	-31.645	0.390
2920.000	10.000	-31.645	0.413
2930.000	10.000	-31.743	0.395
2940.000	10.000	-31.816	0.399
2950.000	10.000	-31.969	0.391
2960.000	10.000	-32.409	0.390
2970.000	10.000	-32.409	0.394
2980.000	10.000	-32.555	0.391
2990.000	10.000	-32.506	0.399
3000.000	10.000	-32.726	0.400
3010.000	10.000	-32.886	0.394
3020.000	10.000	-33.105	0.394
3030.000	10.000	-33.252	0.394
3040.000	10.000	-33.325	0.390
3050.000	10.000	-33.691	0.393
3060.000	10.000	-33.618	0.400
3070.000	10.000	-34.204	0.400
3080.000	10.000	-34.131	0.396
3090.000	10.000	-34.424	0.395
3100.000	10.000	-34.725	0.389
3110.000	10.000	-35.164	0.394
3120.000	10.000	-35.065	0.390
3130.000	10.000	-34.918	0.390
3140.000	10.000	-35.138	0.396
3150.000	10.000	-35.504	0.396
3160.000	10.000	-35.805	0.395
3170.000	10.000	-35.732	0.390
3180.000	10.000	-35.838	0.396
3190.000	10.000	-35.912	0.393
3200.000	10.000	-36.050	0.391
3210.000	10.000	-35.757	0.423
3220.000	10.000	-36.793	0.408
3230.000	10.000	-36.866	0.389
3240.000	10.000	-37.019	0.393
3250.000	10.000	-37.369	0.393
3260.000	10.000	-37.434	0.400
3270.000	10.000	-37.434	0.400
3280.000	10.000	-37.694	0.396
3290.000	10.000	-38.060	0.393
3300.000	10.000	-38.060	0.393
3310.000	10.000	-38.280	0.410
3320.000	10.000	-38.296	0.389
3330.000	10.000	-38.296	0.389
3340.000	10.000	-38.509	0.395
3350.000	10.000	-38.892	0.395
3360.000	10.000	-38.892	0.395
3370.000	10.000	-38.672	0.400
3380.000	10.000	-39.185	0.390
3390.000	10.000	-39.185	0.390
3400.000	10.000	-39.038	0.395
3410.000	10.000	-39.771	0.397
3420.000	10.000	-39.771	0.397
3430.000	10.000	-39.917	0.397
3440.000	10.000	-39.917	0.395
3450.000	10.000	-39.917	0.395
3460.000	10.000	-39.990	0.389
3470.000	10.000	-40.430	0.400
3480.000	10.000	-40.430	0.400
3490.000	10.000	-40.649	0.388
3500.000	10.000	-41.235	0.400
3510.000	10.000	-41.235	0.400
3520.000	10.000	-40.942	0.388
3530.000	10.000	-41.528	0.397
3540.000	10.000	-41.528	0.397
3550.000	10.000	-41.528	0.389
3560.000	10.000	-41.748	0.399
3570.000	10.000	-41.748	0.399
3580.000	10.000	-42.041	0.390
3590.000	10.000	-42.334	0.401
3600.000	10.000	-42.334	0.401
3610.000	10.000	-42.407	0.394
3620.000	10.000	-42.920	0.405
3630.000	10.000	-42.920	0.405
3640.000	10.000	-42.920	0.399
3650.000	10.000	-42.993	0.394
3660.000	10.000	-42.940	0.393
3670.000	10.000	-43.160	0.388
3680.000	10.000	-43.233	0.389
3690.000	10.000	-43.453	0.394
3700.000	10.000	-43.868	0.401
3710.000	10.000	-43.941	0.391
3720.000	10.000	-43.888	0.395
3730.000	10.000	-43.961	0.391
3740.000	10.000	-44.034	0.391
3750.000	10.000	-44.547	0.397
3760.000	10.000	-44.820	0.397
3770.000	10.000	-45.113	0.390
3780.000	10.000	-45.332	0.390
3790.000	10.000	-45.406	0.401
3800.000	10.000	-45.137	0.393
3810.000	10.000	-45.430	0.394
3820.000	10.000	-45.850	0.389
3830.000	10.000	-46.143	0.401
3840.000	10.000	-46.509	0.391
3850.000	10.000	-46.362	0.400
3860.000	10.000	-46.509	0.382
3870.000	10.000	-46.729	0.389
3880.000	10.000	-46.802	0.400
3890.000	10.000	-46.948	0.395
3900.000	10.000	-47.168	0.395
3910.000	10.000	-47.168	0.389
3920.000	10.000	-47.388	0.397
3930.000	10.000	-47.607	0.393
3940.000	10.000	-47.681	0.393
3950.000	10.000	-47.974	0.394
3960.000	10.000	-48.413	0.391
3970.000	10.000	-48.413	0.383
3980.000	10.000	-48.633	0.395
3990.000	10.000	-48.853	0.411
4000.000	10.000	-48.853	0.384
4010.000	10.000	-49.072	0.401
4020.000	10.000	-49.438	0.400
4030.000	10.000	-49.512	0.389
4040.000	10.000	-49.878	0.423
4050.000	10.000	-50.098	0.396
4060.000	10.000	-50.024	0.400
4070.000	10.000	-50.024	0.389
4080.000	10.000	-50.391	0.395
4090.000	10.000	-50.464	0.399
4100.000	10.000	-50.757	0.388
4110.000	10.000	-51.196	0.396
4120.000	10.000	-50.977	0.401
4130.000	10.000	-51.123	0.389
4140.000	10.000	-51.562	0.394
4150.000	10.000	-51.562	0.395
4160.000	10.000	-51.562	0.325
4170.000	10.000	-52.075	0.395
4180.000	10.000	-52.075	0.399
4190.000	10.000	-52.148	0.391
4200.000	10.000	-52.441	0.397
4210.000	10.000	-52.368	0.400
4220.000	10.000	-52.954	0.397
4230.000	10.000	-53.174	0.397
4240.000	10.000	-52.734	0.399
4250.000	10.000	-52.734	0.395
4260.000	10.000	-53.540	0.389
4270.000	10.000	-53.467	0.404
4280.000	10.000	-53.613	0.393
4290.000	10.000	-54.199	0.389
4300.000	10.000	-53.979	0.380
4310.000	10.000	-54.199	0.391
4320.000	10.000	-54.272	0.396
4330.000	10.000	-54.272	0.399
4340.000	10.000	-54.858	0.397
4350.000	10.000	-55.225	0.394
4360.000	10.000	-54.785	0.396
4370.000	10.000	-55.078	0.413
4380.000	10.000	-55.225	0.395
4390.000	10.000	-55.778	0.271
4400.000	10.000	-56.364	0.397
4410.000	10.000	-55.931	0.399
4420.000	10.000	-56.004	0.386
4430.000	10.000	-56.224	0.400
4440.000	10.000	-56.371	0.395
4450.000	10.000	-57.062	0.390
4460.000	10.000	-57.209	0.395
4470.000	10.000	-57.162	0.397
4480.000	10.000	-57.089	0.418
4490.000	10.000	-56.829	0.396
4500.000	10.000	-56.609	0.397
4510.000	10.000	-58.059	0.395
4520.000	10.000	-57.986	0.395
4530.000	10.000	-58.145	0.395
4540.000	10.000	-57.633	0.397
4550.000	10.000	-57.307	0.390
4560.000	10.000	-57.893	0.394
4570.000	10.000	-58.233	0.396
4580.000	10.000	-59.006	0.389
4590.000	10.000	-58.593	0.399
4600.000	10.000	-58.739	0.395
4610.000	10.000	-58.381	0.393
4620.000	10.000	-58.455	0.388
4630.000	10.000	-58.808	0.413
4640.000	10.000	-59.247	0.400
4650.000	10.000	-59.540	0.404
4660.000	10.000	-59.890	0.395
4670.000	10.000	-60.036	0.405
4680.000	10.000	-59.496	0.395
4690.000	10.000	-60.170	0.395
4700.000	10.000	-60.756	0.397
4710.000	10.000	-60.263	0.393
4720.000	10.000	-61.077	0.397
4730.000	10.000	-61.223	0.390
4740.000	10.000	-61.223	0.390
4750.000	10.000	-60.864	0.399
4760.000	10.000	-60.367	0.395
4770.000	10.000	-60.514	0.395
4780.000	10.000	-61.705	0.390
4790.000	10.000	-61.371	0.395
4800.000	10.000	-61.371	0.395
4810.000	10.000	-62.083	0.390
4820.000	10.000	-61.782	0.397
4830.000	10.000	-61.782	0.397
4840.000	10.000	-62.075	0.389
4850.000	10.000	-62.435	0.395
4860.000	10.000	-62.428	0.390
4870.000	10.000	-62.575	0.396
4880.000	10.000	-62.331	0.391
4890.000	10.000	-62.530	0.399
4900.000	10.000	-62.530	0.390
4910.000	10.000	-62.164	0.397
4920.000	10.000	-62.677	0.396
4930.000	10.000	-62.823	0.393
4940.000	10.000	-62.823	0.393
4950.000	10.000	-63.336	0.396
4960.000	10.000	-64.352	0.390
4970.000	10.000	-64.344	0.395
4980.000	10.000	-64.510	0.412
4990.000	10.000	-64.657	0.389
5000.000	10.000	-65.316	0.399
5010.000	10.000	-65.316	0.388
5020.000	10.000	-65.462	0.394
5030.000	10.000	-65.609	0.394
5040.000	10.000	-65.535	0.395
5050.000	10.000	-65.535	0.395
5060.000	10.000	-65.625	0.384
5070.000	10.000	-65.771	0.396
5080.000	10.000	-65.771	0.396
5090.000	10.000	-65.605	0.395
5100.000	10.000	-65.678	0.389
5110.000	10.000	-66.337	0.399
5120.000	10.000	-66.484	0.399
5130.000	10.000	-66.351	0.391
5140.000	10.000	-66.497	0.279
5150.000	10.000	-66.863	0.401
5160.000	10.000	-66.790	0.391
5170.000	10.000	-67.775	0.391
5180.000	10.000	-67.482	0.400
5190.000	10.000	-68.148	0.397
5200.000	10.000	-68.001	0.391
5210.000	10.000	-67.562	0.399
5220.000	10.000	-67.782	0.402
5230.000	10.000	-68.891	0.390
5240.000	10.000	-69.331	0.400
5250.000	10.000	-68.898	0.418
5260.000	10.000	-69.044	0.390
5270.000	10.000	-68.353	0.391
5280.000	10.000	-68.939	0.399
5290.000	10.000	-69.782	0.390
5300.000	10.000	-70.514	0.396
5310.000	10.000	-70.088	0.396
5320.000	10.000	-70.088	0.391
5330.000	10.000	-69.698	0.400
5340.000	10.000	-69.771	0.395
5350.000	10.000	-70.277	0.394
5360.000	10.000	-70.643	0.394
5370.000	10.000	-70.790	0.391
5380.000	10.000	-71.416	0.390
5390.000	10.000	-71.245	0.401
5400.000	10.000	-70.793	0.399
5410.000	10.000	-71.292	0.408
5420.000	10.000	-71.731	0.383
5430.000	10.000	-72.024	0.395
5440.000	10.000	-72.488	0.389
5450.000	10.000	-72.781	0.399
5460.000	10.000	-72.395	0.401
5470.000	10.000	-72.395	0.391
5480.000	10.000	-71.842	0.393
5490.000	10.000	-71.768	0.397
5500.000	10.000	-73.019	0.393
5510.000	10.000	-73.312	0.400
5520.000	10.000	-73.245	0.385
5530.000	10.000	-72.732	0.411
5540.000	10.000	-72.635	0.405
5550.000	10.000	-72.781	0.393
5560.000	10.000	-73.094	0.393
5570.000	10.000	-73.314	0.396
5580.000	10.000	-73.534	0.407
5590.000	10.000	-74.673	0.393
5600.000	10.000	-73.949	0.396
5610.000	10.000	-73.756	0.396
5620.000	10.000	-73.602	0.399
5630.000	10.000	-73.969	0.395
5640.000	10.000	-74.335	0.400
5650.000	10.000	-75.002	0.393
5660.000	10.000	-75.295	0.399
5670.000	10.000	-74.896	0.393
5680.000	10.000	-74.822	0.399
5690.000	10.000	-74.196	0.391
5700.000	10.000	-74.342	0.394
5710.000	10.000	-75.667	0.395
5720.000	10.000	-75.960	0.397
5730.000	10.000	-75.760	0.417
5740.000	10.000	-75.613	0.397
5750.000	10.000	-74.946	0.395
5760.000	10.000	-75.092	0.404
5770.000	10.000	-76.550	0.396
5780.000	10.000	-76.843	0.394
5790.000	10.000	-76.330	0.397
5800.000	10.000	-76.330	0.394
5810.000	10.000	-75.712	0.399
5820.000	10.000	-76.298	0.397
5830.000	10.000	-77.393	0.391
5840.000	10.000	-77.393	0.395
5850.000	10.000	-77.446	0.389
5860.000	10.000	-77.373	0.416
5870.000	10.000	-76.754	0.400
5880.000	10.000	-77.267	0.393
5890.000	10.000	-78.243	0.397
5900.000	10.000	-78.756	0.400
5910.000	10.000	-78.583	0.386
5920.000	10.000	-78.217	0.395
5930.000	10.000	-78.054	0.394
5940.000	10.000	-78.274	0.396
5950.000	10.000	-79.457	0.393
5960.000	10.000	-79.970	0.394
5970.000	10.000	-79.664	0.421
5980.000	10.000	-79.664	0.390
5990.000	10.000	-79.127	0.401
6000.000	10.000	-79.346	0.401
6010.000	10.000	-80.789	0.391
6020.000	10.000	-81.082	0.397
6030.000	10.000	-80.683	0.397
6040.000	10.000	-80.683	0.390
6050.000	10.000	-80.251	-0.000
6060.000	10.000	-80.178	0.007
6070.000	10.000	-81.835	-0.005
6080.000	10.000	-82.348	0.003
6090.000	10.000	-82.348	0.003
6100.000	10.000	-81.982	-0.004
6110.000	10.000	-81.445	-0.003
6120.000	10.000	-81.445	-0.003
6130.000	10.000	-82.064	0.004
6140.000	10.000	-81.844	0.002
6150.000	10.000	-81.844	0.002
6160.000	10.000	-82.210	0.002
6170.000	10.000	-81.079	0.003
6180.000	10.000	-80.680	0.003
6190.000	10.000	-80.094	0.007
6200.000	10.000	-80.680	0.001
6210.000	10.000	-80.313	-0.000
6220.000	10.000	-80.981	0.009
6230.000	10.000	-80.761	-0.000
6240.000	10.000	-80.641	-0.002
6250.000	10.000	-80.202	0.006
6260.000	10.000	-79.762	0.002
6270.000	10.000	-80.128	-0.004
6280.000	10.000	-81.016	0.002
6290.000	10.000	-81.309	0.003
6300.000	10.000	-80.484	0.002
6310.000	10.000	-80.410	-0.000
6320.000	10.000	-79.523	0.006
6330.000	10.000	-79.304	0.002
6340.000	10.000	-80.546	-0.003
6350.000	10.000	-80.693	0.004
6360.000	10.000	-80.180	0.007
6370.000	10.000	-79.960	0.004
6380.000	10.000	-79.033	0.007
6390.000	10.000	-78.740	0.006
6400.000	10.000	-80.249	-0.002
6410.000	10.000	-80.103	0.002
6420.000	10.000	-79.577	0.003
6430.000	10.000	-79.577	-0.003
6440.000	10.000	-78.234	-0.002
6450.000	10.000	-78.380	0.004
6460.000	10.000	-79.682	0.002
6470.000	10.000	-79.243	-0.004
6480.000	10.000	-79.216	0.004
6490.000	10.000	-79.070	0.002
6500.000	10.000	-77.727	0.002
6510.000	10.000	-78.020	0.006
6520.000	10.000	-79.107	0.008
6530.000	10.000	-78.888	-0.000
6540.000	10.000	-78.721	-0.002
6550.000	10.000	-78.428	0.001
6560.000	10.000	-77.566	-0.002
6570.000	10.000	-77.712	0.007
6580.000	10.000	-78.748	0.004
6590.000	10.000	-78.748	0.003
6600.000	10.000	-78.515	-0.003
6610.000	10.000	-78.222	0.003
6620.000	10.000	-77.294	-0.005
6630.000	10.000	-77.514	0.001
6640.000	10.000	-78.698	0.002
6650.000	10.000	-78.624	0.006
6660.000	10.000	-78.385	-0.002
6670.000	10.000	-78.238	0.003
6680.000	10.000	-77.156	0.007
6690.000	10.000	-77.376	0.002
6700.000	10.000	-78.707	-0.000
6710.000	10.000	-78.634	0.007
6720.000	10.000	-78.408	-0.000
6730.000	10.000	-78.334	-0.003
6740.000	10.000	-77.171	0.003
6750.000	10.000	-77.317	0.007
6760.000	10.000	-78.664	0.001
6770.000	10.000	-78.517	0.004
6780.000	10.000	-78.231	0.006
6790.000	10.000	-78.304	-0.004
6800.000	10.000	-77.059	0.003
6810.000	10.000	-77.132	0.002
6820.000	10.000	-78.530	-0.002
6830.000	10.000	-78.457	-0.003
6840.000	10.000	-78.104	0.002
6850.000	10.000	-78.251	0.007
6860.000	10.000	-76.851	0.001
6870.000	10.000	-76.998	0.001
6880.000	10.000	-78.285	0.003
6890.000	10.000	-78.212	-0.002
6900.000	10.000	-77.859	-0.000
6910.000	10.000	-77.785	0.003
6920.000	10.000	-76.760	-0.003
6930.000	10.000	-76.833	-0.000
6940.000	10.000	-77.862	0.004
6950.000	10.000	-77.715	0.002
6960.000	10.000	-77.702	0.001
6970.000	10.000	-78.149	-0.002
6980.000	10.000	-77.148	0.002
6990.000	10.000	-76.569	-0.002
7000.000	10.000	-77.598	0.001
7010.000	10.000	-77.451	-0.009
7020.000	10.000	-77.451	-0.009
