%Time [ms]	Commanded Torque [mNm]	Angular Velocity [RPM]	Actual Current [Amp]	%3/17/202011:35 AM
0.000	0.000	0.000	0.000
20.000	5.000	0.000	-0.000
30.000	5.000	0.000	0.004
40.000	5.000	0.000	0.004
50.000	5.000	0.000	0.004
60.000	5.000	0.000	0.003
70.000	5.000	0.000	0.004
80.000	5.000	0.000	-0.003
90.000	5.000	0.000	-0.002
100.000	5.000	0.000	0.003
110.000	5.000	0.000	0.001
120.000	5.000	0.000	0.002
130.000	5.000	0.000	-0.002
140.000	5.000	0.000	0.004
150.000	5.000	0.000	0.004
160.000	5.000	0.000	0.001
170.000	5.000	0.000	0.003
180.000	5.000	0.000	0.002
190.000	5.000	0.000	0.004
200.000	5.000	0.000	-0.003
210.000	5.000	0.000	0.003
220.000	5.000	0.000	-0.000
230.000	5.000	0.000	-0.000
240.000	5.000	0.000	-0.000
250.000	5.000	0.000	0.002
260.000	5.000	0.000	0.003
270.000	5.000	0.000	-0.002
280.000	5.000	0.000	-0.000
290.000	5.000	0.000	0.002
300.000	5.000	0.081	-0.002
310.000	5.000	0.081	0.001
320.000	5.000	0.081	-0.000
330.000	5.000	0.081	0.003
340.000	5.000	0.081	-0.000
350.000	5.000	0.081	-0.003
360.000	5.000	0.081	0.003
370.000	5.000	0.081	0.002
380.000	5.000	0.081	0.002
390.000	5.000	0.081	0.002
400.000	5.000	0.000	0.004
410.000	5.000	0.000	0.004
420.000	5.000	0.000	-0.004
430.000	5.000	0.000	0.006
440.000	5.000	0.000	0.006
450.000	5.000	0.000	0.003
460.000	5.000	0.000	0.002
470.000	5.000	0.000	0.002
480.000	5.000	0.000	0.006
490.000	5.000	0.000	0.001
500.000	5.000	0.000	0.001
510.000	5.000	0.000	0.003
520.000	5.000	0.000	-0.002
530.000	5.000	0.000	-0.002
540.000	5.000	0.000	-0.002
550.000	5.000	0.000	0.003
560.000	5.000	0.000	0.002
570.000	5.000	0.000	-0.003
580.000	5.000	0.000	-0.000
590.000	5.000	0.000	0.003
600.000	5.000	0.000	-0.002
610.000	5.000	0.000	-0.002
620.000	5.000	0.000	0.007
630.000	5.000	0.000	0.003
640.000	5.000	0.000	-0.002
650.000	5.000	0.000	-0.002
660.000	5.000	0.000	0.004
670.000	5.000	0.000	0.002
680.000	5.000	0.000	-0.010
690.000	5.000	0.000	-0.002
700.000	5.000	0.000	0.006
710.000	5.000	0.000	0.003
720.000	5.000	0.000	-0.004
730.000	5.000	0.000	0.003
740.000	5.000	0.000	0.001
750.000	5.000	0.000	0.002
760.000	5.000	0.000	0.001
770.000	5.000	0.000	0.007
780.000	5.000	0.000	0.004
790.000	5.000	0.000	0.002
800.000	5.000	0.000	-0.002
810.000	5.000	0.000	0.007
820.000	5.000	0.000	0.001
830.000	5.000	0.000	0.001
840.000	5.000	0.000	-0.002
850.000	5.000	0.000	0.003
860.000	5.000	0.000	-0.004
870.000	5.000	0.000	-0.000
880.000	5.000	0.000	0.002
890.000	5.000	0.000	0.007
900.000	5.000	0.000	-0.004
910.000	5.000	0.000	0.001
920.000	5.000	0.000	0.004
930.000	5.000	0.000	0.002
940.000	5.000	0.000	-0.002
950.000	5.000	0.000	-0.003
960.000	5.000	0.000	-0.002
970.000	5.000	0.000	0.003
980.000	5.000	0.000	0.001
990.000	5.000	0.000	-0.002
1000.000	5.000	0.000	0.003
1010.000	5.000	0.000	0.004
1020.000	5.000	0.000	-0.002
1030.000	5.000	0.000	0.002
1040.000	5.000	-0.067	0.200
1050.000	5.000	-0.067	0.200
1060.000	5.000	-0.148	0.200
1070.000	5.000	-0.148	0.200
1080.000	5.000	-0.215	0.196
1090.000	5.000	-0.215	0.196
1100.000	5.000	-0.288	0.195
1110.000	5.000	-0.361	0.201
1120.000	5.000	-0.434	0.202
1130.000	5.000	-0.508	0.202
1140.000	5.000	-0.514	0.196
1150.000	5.000	-0.587	0.200
1160.000	5.000	-0.653	0.198
1170.000	5.000	-0.726	0.191
1180.000	5.000	-0.732	0.198
1190.000	5.000	-0.879	0.200
1200.000	5.000	-0.879	0.194
1210.000	5.000	-0.952	0.194
1220.000	5.000	-1.025	0.200
1230.000	5.000	-1.099	0.197
1240.000	5.000	-1.245	0.195
1250.000	5.000	-1.465	0.197
1260.000	5.000	-1.538	0.202
1270.000	5.000	-1.758	0.198
1280.000	5.000	-1.904	0.201
1290.000	5.000	-1.978	0.195
1300.000	5.000	-2.051	0.198
1310.000	5.000	-2.197	0.196
1320.000	5.000	-2.271	0.195
1330.000	5.000	-2.417	0.200
1340.000	5.000	-2.710	0.200
1350.000	5.000	-2.783	0.192
1360.000	5.000	-2.856	0.194
1370.000	5.000	-2.783	0.200
1380.000	5.000	-2.783	0.202
1390.000	5.000	-2.783	0.192
1400.000	5.000	-2.930	0.191
1410.000	5.000	-2.930	0.198
1420.000	5.000	-3.149	0.201
1430.000	5.000	-3.223	0.196
1440.000	5.000	-3.003	0.197
1450.000	5.000	-3.003	0.201
1460.000	5.000	-3.003	0.194
1470.000	5.000	-3.076	0.195
1480.000	5.000	-3.296	0.197
1490.000	5.000	-3.589	0.200
1500.000	5.000	-3.662	0.196
1510.000	5.000	-3.662	0.194
1520.000	5.000	-3.516	0.198
1530.000	5.000	-3.442	0.201
1540.000	5.000	-3.516	0.194
1550.000	5.000	-3.662	0.198
1560.000	5.000	-3.735	0.197
1570.000	5.000	-3.882	0.200
1580.000	5.000	-3.809	0.184
1590.000	5.000	-3.662	0.201
1600.000	5.000	-3.809	0.200
1610.000	5.000	-4.102	0.197
1620.000	5.000	-4.248	0.194
1630.000	5.000	-4.248	0.198
1640.000	5.000	-4.248	0.202
1650.000	5.000	-4.102	0.195
1660.000	5.000	-4.321	0.195
1670.000	5.000	-4.395	0.201
1680.000	5.000	-4.468	0.203
1690.000	5.000	-4.468	0.196
1700.000	5.000	-4.541	0.198
1710.000	5.000	-4.614	0.197
1720.000	5.000	-4.687	0.202
1730.000	5.000	-4.761	0.187
1740.000	5.000	-4.761	0.198
1750.000	5.000	-4.834	0.201
1760.000	5.000	-4.980	0.194
1770.000	5.000	-4.907	0.198
1780.000	5.000	-4.980	0.198
1790.000	5.000	-5.127	0.200
1800.000	5.000	-5.273	0.194
1810.000	5.000	-5.200	0.197
1820.000	5.000	-5.127	0.198
1830.000	5.000	-5.168	0.198
1840.000	5.000	-5.387	0.194
1850.000	5.000	-5.547	0.194
1860.000	5.000	-5.327	0.198
1870.000	5.000	-5.702	0.195
1880.000	5.000	-5.702	0.195
1890.000	5.000	-5.922	0.195
1900.000	5.000	-5.655	0.198
1910.000	5.000	-5.582	0.197
1920.000	5.000	-5.802	0.192
1930.000	5.000	-6.054	0.200
1940.000	5.000	-6.054	0.196
1950.000	5.000	-6.114	0.192
1960.000	5.000	-6.480	0.196
1970.000	5.000	-6.553	0.197
1980.000	5.000	-6.179	0.203
1990.000	5.000	-6.106	0.195
2000.000	5.000	-6.372	0.197
2010.000	5.000	-6.445	0.201
2020.000	5.000	-6.600	0.197
2030.000	5.000	-6.806	0.192
2040.000	5.000	-6.806	0.197
2050.000	5.000	-6.660	0.201
2060.000	5.000	-6.513	0.198
2070.000	5.000	-6.823	0.192
2080.000	5.000	-7.042	0.200
2090.000	5.000	-7.182	0.198
2100.000	5.000	-7.255	0.200
2110.000	5.000	-7.255	0.191
2120.000	5.000	-7.101	0.198
2130.000	5.000	-7.212	0.202
2140.000	5.000	-7.285	0.191
2150.000	5.000	-7.505	0.194
2160.000	5.000	-7.724	0.198
2170.000	5.000	-7.415	0.198
2180.000	5.000	-7.415	0.191
2190.000	5.000	-7.593	0.192
2200.000	5.000	-7.520	0.202
2210.000	5.000	-7.733	0.198
2220.000	5.000	-8.099	0.197
2230.000	5.000	-7.708	0.196
2240.000	5.000	-7.781	0.198
2250.000	5.000	-7.928	0.198
2260.000	5.000	-7.708	0.194
2270.000	5.000	-8.074	0.200
2280.000	5.000	-8.367	0.201
2290.000	5.000	-8.050	0.196
2300.000	5.000	-8.196	0.196
2310.000	5.000	-8.276	0.200
2320.000	5.000	-7.983	0.198
2330.000	5.000	-8.569	0.192
2340.000	5.000	-8.651	0.194
2350.000	5.000	-8.504	0.200
2360.000	5.000	-8.704	0.198
2370.000	5.000	-8.557	0.194
2380.000	5.000	-8.631	0.192
2390.000	5.000	-8.924	0.200
2400.000	5.000	-8.777	0.201
2410.000	5.000	-8.924	0.194
2420.000	5.000	-8.990	0.197
2430.000	5.000	-8.990	0.207
2440.000	5.000	-9.129	0.198
2450.000	5.000	-9.055	0.191
2460.000	5.000	-9.344	0.201
2470.000	5.000	-9.417	0.198
2480.000	5.000	-9.457	0.196
2490.000	5.000	-9.384	0.196
2500.000	5.000	-9.457	0.201
2510.000	5.000	-9.530	0.198
2520.000	5.000	-9.708	0.190
2530.000	5.000	-9.781	0.200
2540.000	5.000	-9.628	0.203
2550.000	5.000	-9.775	0.198
2560.000	5.000	-9.652	0.195
2570.000	5.000	-9.726	0.192
2580.000	5.000	-10.044	0.198
2590.000	5.000	-9.897	0.198
2600.000	5.000	-10.157	0.196
2610.000	5.000	-10.011	0.196
2620.000	5.000	-10.206	0.203
2630.000	5.000	-9.986	0.200
2640.000	5.000	-10.164	0.195
2650.000	5.000	-10.530	0.198
2660.000	5.000	-10.363	0.198
2670.000	5.000	-10.656	0.194
2680.000	5.000	-10.689	0.202
2690.000	5.000	-10.689	0.202
2700.000	5.000	-10.576	0.200
2710.000	5.000	-10.795	0.195
2720.000	5.000	-10.795	0.195
2730.000	5.000	-10.869	0.203
2740.000	5.000	-11.064	0.194
2750.000	5.000	-11.064	0.194
2760.000	5.000	-11.230	0.192
2770.000	5.000	-11.206	0.200
2780.000	5.000	-11.206	0.200
2790.000	5.000	-11.279	0.195
2800.000	5.000	-11.060	0.200
2810.000	5.000	-11.060	0.200
2820.000	5.000	-11.353	0.200
2830.000	5.000	-11.572	0.200
2840.000	5.000	-11.572	0.200
2850.000	5.000	-11.279	0.198
2860.000	5.000	-11.719	0.195
2870.000	5.000	-11.719	0.195
2880.000	5.000	-11.792	0.198
2890.000	5.000	-11.572	0.205
2900.000	5.000	-11.572	0.205
2910.000	5.000	-11.938	0.198
2920.000	5.000	-11.719	0.198
2930.000	5.000	-11.719	0.198
2940.000	5.000	-11.792	0.190
2950.000	5.000	-12.085	0.196
2960.000	5.000	-12.085	0.196
2970.000	5.000	-12.012	0.198
2980.000	5.000	-12.598	0.197
2990.000	5.000	-12.598	0.197
3000.000	5.000	-12.305	0.201
3010.000	5.000	-12.378	0.194
3020.000	5.000	-12.378	0.194
3030.000	5.000	-12.744	0.196
3040.000	5.000	-12.598	0.198
3050.000	5.000	-12.598	0.198
3060.000	5.000	-12.891	0.195
3070.000	5.000	-12.891	0.201
3080.000	5.000	-12.984	0.205
3090.000	5.000	-12.618	0.198
3100.000	5.000	-13.130	0.197
3110.000	5.000	-12.911	0.200
3120.000	5.000	-13.293	0.197
3130.000	5.000	-13.220	0.197
3140.000	5.000	-13.320	0.196
3150.000	5.000	-13.320	0.201
3160.000	5.000	-13.100	0.197
3170.000	5.000	-13.466	0.196
3180.000	5.000	-13.300	0.201
3190.000	5.000	-13.593	0.200
3200.000	5.000	-13.739	0.200
3210.000	5.000	-13.739	0.205
3220.000	5.000	-13.576	0.195
3230.000	5.000	-13.576	0.206
3240.000	5.000	-13.843	0.198
3250.000	5.000	-13.770	0.194
3260.000	5.000	-13.916	0.198
3270.000	5.000	-13.989	0.200
3280.000	5.000	-14.062	0.203
3290.000	5.000	-14.136	0.195
3300.000	5.000	-14.258	0.198
3310.000	5.000	-14.258	0.198
3320.000	5.000	-14.258	0.197
3330.000	5.000	-14.331	0.206
3340.000	5.000	-14.258	0.198
3350.000	5.000	-14.478	0.201
3360.000	5.000	-14.551	0.192
3370.000	5.000	-14.478	0.191
3380.000	5.000	-14.697	0.200
3390.000	5.000	-14.705	0.200
3400.000	5.000	-14.779	0.194
3410.000	5.000	-14.890	0.192
3420.000	5.000	-14.890	0.197
3430.000	5.000	-15.109	0.201
3440.000	5.000	-15.109	0.198
3450.000	5.000	-15.280	0.198
3460.000	5.000	-15.347	0.198
3470.000	5.000	-15.127	0.200
3480.000	5.000	-15.607	0.196
3490.000	5.000	-15.746	0.195
3500.000	5.000	-15.386	0.200
3510.000	5.000	-15.519	0.197
3520.000	5.000	-15.812	0.196
3530.000	5.000	-15.592	0.212
3540.000	5.000	-15.910	0.201
3550.000	5.000	-15.965	0.194
3560.000	5.000	-15.965	0.194
3570.000	5.000	-16.258	0.197
3580.000	5.000	-15.998	0.197
3590.000	5.000	-15.998	0.197
3600.000	5.000	-16.211	0.196
3610.000	5.000	-16.284	0.200
3620.000	5.000	-16.284	0.200
3630.000	5.000	-16.577	0.196
3640.000	5.000	-16.333	0.198
3650.000	5.000	-16.333	0.198
3660.000	5.000	-16.699	0.200
3670.000	5.000	-16.479	0.194
3680.000	5.000	-16.479	0.194
3690.000	5.000	-16.772	0.198
3700.000	5.000	-16.772	0.194
3710.000	5.000	-16.772	0.194
3720.000	5.000	-16.992	0.194
3730.000	5.000	-17.285	0.197
3740.000	5.000	-17.285	0.197
3750.000	5.000	-17.065	0.196
3760.000	5.000	-17.651	0.200
3770.000	5.000	-17.651	0.200
3780.000	5.000	-17.432	0.201
3790.000	5.000	-17.651	0.192
3800.000	5.000	-17.651	0.192
3810.000	5.000	-17.725	0.197
3820.000	5.000	-17.651	0.195
3830.000	5.000	-17.651	0.195
3840.000	5.000	-17.651	0.191
3850.000	5.000	-18.018	0.198
3860.000	5.000	-18.018	0.198
3870.000	5.000	-17.871	0.192
3880.000	5.000	-18.164	0.201
3890.000	5.000	-18.164	0.201
3900.000	5.000	-18.311	0.197
3910.000	5.000	-18.084	0.195
3920.000	5.000	-18.084	0.197
3930.000	5.000	-18.304	0.203
3940.000	5.000	-18.377	0.195
3950.000	5.000	-18.450	0.190
3960.000	5.000	-18.377	0.213
3970.000	5.000	-18.524	0.200
3980.000	5.000	-18.597	0.203
3990.000	5.000	-18.670	0.192
4000.000	5.000	-18.670	0.198
4010.000	5.000	-19.043	0.200
4020.000	5.000	-19.043	0.194
4030.000	5.000	-19.043	0.200
4040.000	5.000	-19.116	0.197
4050.000	5.000	-19.043	0.198
4060.000	5.000	-19.336	0.198
4070.000	5.000	-19.482	0.195
4080.000	5.000	-19.336	0.206
4090.000	5.000	-19.409	0.201
4100.000	5.000	-19.336	0.194
4110.000	5.000	-19.409	0.197
4120.000	5.000	-19.629	0.198
4130.000	5.000	-19.849	0.200
4140.000	5.000	-19.922	0.195
4150.000	5.000	-19.629	0.207
4160.000	5.000	-19.702	0.200
4170.000	5.000	-19.938	0.202
4180.000	5.000	-20.231	0.200
4190.000	5.000	-20.451	0.195
4200.000	5.000	-20.597	0.197
4210.000	5.000	-20.231	0.191
4220.000	5.000	-20.231	0.191
4230.000	5.000	-20.378	0.200
4240.000	5.000	-20.744	0.200
4250.000	5.000	-20.744	0.200
4260.000	5.000	-20.890	0.196
4270.000	5.000	-20.801	0.197
4280.000	5.000	-20.801	0.197
4290.000	5.000	-20.654	0.195
4300.000	5.000	-20.728	0.198
4310.000	5.000	-20.728	0.198
4320.000	5.000	-21.021	0.203
4330.000	5.000	-20.874	0.196
4340.000	5.000	-21.094	0.196
4350.000	5.000	-21.034	0.196
4360.000	5.000	-20.961	0.198
4370.000	5.000	-21.180	0.197
4380.000	5.000	-21.343	0.194
4390.000	5.000	-21.636	0.203
4400.000	5.000	-21.296	0.201
4410.000	5.000	-21.589	0.192
4420.000	5.000	-21.589	0.194
4430.000	5.000	-21.882	0.195
4440.000	5.000	-21.964	0.202
4450.000	5.000	-22.097	0.195
4460.000	5.000	-21.970	0.194
4470.000	5.000	-22.117	0.198
4480.000	5.000	-21.808	0.205
4490.000	5.000	-21.881	0.194
4500.000	5.000	-22.310	0.206
4510.000	5.000	-22.456	0.200
4520.000	5.000	-22.463	0.203
4530.000	5.000	-22.390	0.198
4540.000	5.000	-22.382	0.200
4550.000	5.000	-22.528	0.200
4560.000	5.000	-22.801	0.200
4570.000	5.000	-22.655	0.195
4580.000	5.000	-22.948	0.195
4590.000	5.000	-22.801	0.200
4600.000	5.000	-22.858	0.198
4610.000	5.000	-22.858	0.197
4620.000	5.000	-23.071	0.202
4630.000	5.000	-23.218	0.196
4640.000	5.000	-23.437	0.197
4650.000	5.000	-23.364	0.195
4660.000	5.000	-23.511	0.159
4670.000	5.000	-23.730	0.198
4680.000	5.000	-23.730	0.200
4690.000	5.000	-23.804	0.196
4700.000	5.000	-23.877	0.201
4710.000	5.000	-23.950	0.197
4720.000	5.000	-23.950	0.197
4730.000	5.000	-24.243	0.197
4740.000	5.000	-24.023	0.201
4750.000	5.000	-24.390	0.200
4760.000	5.000	-24.316	0.191
4770.000	5.000	-24.390	0.195
4780.000	5.000	-24.390	0.192
4790.000	5.000	-24.756	0.202
4800.000	5.000	-24.536	0.192
4810.000	5.000	-24.683	0.192
4820.000	5.000	-24.829	0.197
4830.000	5.000	-24.683	0.205
4840.000	5.000	-24.829	0.197
4850.000	5.000	-24.756	0.194
4860.000	5.000	-24.902	0.203
4870.000	5.000	-24.829	0.206
4880.000	5.000	-25.195	0.194
4890.000	5.000	-25.171	0.197
4900.000	5.000	-25.684	0.200
4910.000	5.000	-25.684	0.200
4920.000	5.000	-25.903	0.194
4930.000	5.000	-26.050	0.198
4940.000	5.000	-26.050	0.198
4950.000	5.000	-26.050	0.198
4960.000	5.000	-26.343	0.194
4970.000	5.000	-26.343	0.194
4980.000	5.000	-26.270	0.206
4990.000	5.000	-25.928	0.192
5000.000	5.000	-25.928	0.192
5010.000	5.000	-26.294	0.197
5020.000	5.000	-26.294	0.196
5030.000	5.000	-26.294	0.196
5040.000	5.000	-26.367	0.195
5050.000	5.000	-26.807	0.200
5060.000	5.000	-26.807	0.200
5070.000	5.000	-26.733	0.203
5080.000	5.000	-26.587	0.195
5090.000	5.000	-26.587	0.195
5100.000	5.000	-26.807	0.195
5110.000	5.000	-27.100	0.194
5120.000	5.000	-27.100	0.194
5130.000	5.000	-27.393	0.190
5140.000	5.000	-27.319	0.200
5150.000	5.000	-27.319	0.200
5160.000	5.000	-27.173	0.195
5170.000	5.000	-27.539	0.197
5180.000	5.000	-27.539	0.197
5190.000	5.000	-27.612	0.211
5200.000	5.000	-27.686	0.196
5210.000	5.000	-27.686	0.196
5220.000	5.000	-27.612	0.200
5230.000	5.000	-27.905	0.191
5240.000	5.000	-27.905	0.191
5250.000	5.000	-28.052	0.197
5260.000	5.000	-27.979	0.202
5270.000	5.000	-27.979	0.202
5280.000	5.000	-28.198	0.191
5290.000	5.000	-28.198	0.200
5300.000	5.000	-28.198	0.200
5310.000	5.000	-28.271	0.203
5320.000	5.000	-28.418	0.192
5330.000	5.000	-28.418	0.192
5340.000	5.000	-28.418	0.195
5350.000	5.000	-28.711	0.195
5360.000	5.000	-28.711	0.195
5370.000	5.000	-28.857	0.191
5380.000	5.000	-28.711	0.201
5390.000	5.000	-28.711	0.201
5400.000	5.000	-28.711	0.195
5410.000	5.000	-29.004	0.196
5420.000	5.000	-29.004	0.196
5430.000	5.000	-28.857	0.201
5440.000	5.000	-29.297	0.201
5450.000	5.000	-29.297	0.201
5460.000	5.000	-29.370	0.201
5470.000	5.000	-29.150	0.198
5480.000	5.000	-29.150	0.198
5490.000	5.000	-29.663	0.197
5500.000	5.000	-29.150	0.198
5510.000	5.000	-29.150	0.198
5520.000	5.000	-29.736	0.196
5530.000	5.000	-29.810	0.201
5540.000	5.000	-29.810	0.201
5550.000	5.000	-29.663	0.198
5560.000	5.000	-30.029	0.200
5570.000	5.000	-30.029	0.200
5580.000	5.000	-29.956	0.201
5590.000	5.000	-30.249	0.198
5600.000	5.000	-30.249	0.198
5610.000	5.000	-30.176	0.198
5620.000	5.000	-30.469	0.191
5630.000	5.000	-30.469	0.191
5640.000	5.000	-30.322	0.202
5650.000	5.000	-30.542	0.203
5660.000	5.000	-30.542	0.203
5670.000	5.000	-30.396	0.197
5680.000	5.000	-30.908	0.201
5690.000	5.000	-30.908	0.201
5700.000	5.000	-30.396	0.202
5710.000	5.000	-30.981	0.196
5720.000	5.000	-30.981	0.196
5730.000	5.000	-30.615	0.201
5740.000	5.000	-30.688	0.197
5750.000	5.000	-30.882	0.201
5760.000	5.000	-30.515	0.195
5770.000	5.000	-30.735	0.197
5780.000	5.000	-31.101	0.203
5790.000	5.000	-30.987	0.198
5800.000	5.000	-31.280	0.197
5810.000	5.000	-31.467	0.200
5820.000	5.000	-31.027	0.192
5830.000	5.000	-31.101	0.200
5840.000	5.000	-31.540	0.197
5850.000	5.000	-31.599	0.194
5860.000	5.000	-31.746	0.201
5870.000	5.000	-31.999	0.200
5880.000	5.000	-31.486	0.191
5890.000	5.000	-31.380	0.202
5900.000	5.000	-31.820	0.203
5910.000	5.000	-31.731	0.194
5920.000	5.000	-32.244	0.196
5930.000	5.000	-32.297	0.190
5940.000	5.000	-31.857	0.192
5950.000	5.000	-31.971	0.203
5960.000	5.000	-32.118	0.206
5970.000	5.000	-32.451	0.198
5980.000	5.000	-32.817	0.196
5990.000	5.000	-32.664	0.196
6000.000	5.000	-32.591	0.197
6010.000	5.000	-32.420	0.205
6020.000	5.000	-32.273	0.192
6030.000	5.000	-33.050	0.195
6040.000	5.000	-33.123	0.198
6050.000	5.000	-32.950	0.001
6060.000	5.000	-32.877	-0.002
6070.000	5.000	-32.657	-0.002
6080.000	5.000	-32.584	0.006
6090.000	5.000	-33.087	0.002
6100.000	5.000	-33.307	-0.000
6110.000	5.000	-33.307	-0.000
6120.000	5.000	-33.307	-0.003
6130.000	5.000	-32.843	-0.000
6140.000	5.000	-32.843	-0.000
6150.000	5.000	-33.089	0.004
6160.000	5.000	-32.943	0.007
6170.000	5.000	-32.943	0.007
6180.000	5.000	-33.089	0.001
6190.000	5.000	-32.666	-0.000
6200.000	5.000	-32.666	-0.000
6210.000	5.000	-32.593	0.003
6220.000	5.000	-32.593	0.012
6230.000	5.000	-32.593	0.012
6240.000	5.000	-32.520	0.006
6250.000	5.000	-32.520	-0.002
6260.000	5.000	-32.520	-0.002
6270.000	5.000	-32.300	-0.000
6280.000	5.000	-32.373	0.003
6290.000	5.000	-32.373	0.003
6300.000	5.000	-32.007	0.004
6310.000	5.000	-32.153	0.003
6320.000	5.000	-32.153	0.003
6330.000	5.000	-32.080	-0.003
6340.000	5.000	-31.860	0.006
6350.000	5.000	-31.860	0.006
6360.000	5.000	-32.007	-0.002
6370.000	5.000	-31.714	0.003
6380.000	5.000	-31.714	0.003
6390.000	5.000	-32.080	-0.002
6400.000	5.000	-31.641	0.002
6410.000	5.000	-31.641	0.002
6420.000	5.000	-32.007	0.001
6430.000	5.000	-31.494	0.002
6440.000	5.000	-31.494	0.002
6450.000	5.000	-32.007	-0.000
6460.000	5.000	-31.421	0.002
6470.000	5.000	-31.421	0.002
6480.000	5.000	-31.274	-0.002
6490.000	5.000	-31.348	0.003
6500.000	5.000	-31.348	0.003
6510.000	5.000	-31.714	0.001
6520.000	5.000	-31.274	0.001
6530.000	5.000	-31.274	0.001
6540.000	5.000	-31.714	-0.005
6550.000	5.000	-31.201	0.007
6560.000	5.000	-31.201	0.007
6570.000	5.000	-31.641	0.003
6580.000	5.000	-31.201	0.002
6590.000	5.000	-31.201	0.002
6600.000	5.000	-31.567	-0.000
6610.000	5.000	-31.055	0.001
6620.000	5.000	-31.055	0.001
6630.000	5.000	-31.494	0.003
6640.000	5.000	-30.981	0.002
6650.000	5.000	-30.981	0.002
6660.000	5.000	-31.348	0.001
6670.000	5.000	-30.908	0.003
6680.000	5.000	-30.908	0.003
6690.000	5.000	-31.348	-0.002
6700.000	5.000	-30.835	-0.000
6710.000	5.000	-30.981	0.002
6720.000	5.000	-31.348	-0.002
6730.000	5.000	-30.908	0.002
6740.000	5.000	-30.908	0.002
6750.000	5.000	-31.128	0.004
6760.000	5.000	-30.688	-0.000
6770.000	5.000	-30.762	0.004
6780.000	5.000	-30.908	-0.000
6790.000	5.000	-30.469	0.001
6800.000	5.000	-30.475	0.001
6810.000	5.000	-30.402	0.001
6820.000	5.000	-30.182	-0.000
6830.000	5.000	-30.329	0.001
6840.000	5.000	-30.508	0.003
6850.000	5.000	-30.508	0.003
6860.000	5.000	-30.508	0.006
6870.000	5.000	-30.361	0.002
6880.000	5.000	-30.215	0.009
6890.000	5.000	-30.508	0.007
6900.000	5.000	-30.501	0.002
6910.000	5.000	-30.575	0.002
6920.000	5.000	-30.794	-0.002
6930.000	5.000	-30.501	0.001
6940.000	5.000	-30.176	0.002
6950.000	5.000	-30.322	-0.000
6960.000	5.000	-30.566	0.004
6970.000	5.000	-30.640	0.001
6980.000	5.000	-30.633	0.003
6990.000	5.000	-30.194	-0.000
7000.000	5.000	-30.413	-0.000
7010.000	5.000	-30.340	0.004
7020.000	5.000	-30.307	0.002
