% Time (s)	Gyro Output (rads/s)	Input Rate (RPM)	%9/1/20201:32 PM
0.000	0.000	0.000
1121.080	-0.030	0.000
1121.090	-0.030	0.000
1121.100	-0.020	0.000
1121.110	-0.020	0.000
1121.120	-0.020	0.000
1121.130	-0.020	0.000
1121.140	-0.020	0.000
1121.150	-0.020	0.000
1121.160	-0.020	0.000
1121.170	-0.020	0.000
1121.180	-0.020	0.000
1121.190	-0.020	0.000
1121.200	-0.020	0.000
1121.210	-0.020	0.000
1121.220	-0.020	0.000
1121.230	-0.020	0.000
1121.240	-0.020	0.000
1121.250	-0.030	0.000
1121.260	-0.030	0.000
1121.270	-0.030	0.000
1121.280	-0.030	0.000
1121.290	-0.030	0.000
1121.300	-0.030	0.000
1121.310	-0.030	0.000
1121.320	-0.030	0.000
1121.330	-0.030	0.000
1121.340	-0.020	0.000
1121.350	-0.020	0.000
1121.360	-0.020	0.000
1121.370	-0.030	0.000
1121.380	-0.030	0.000
1121.390	-0.030	0.000
1121.400	-0.030	0.000
1121.410	-0.030	0.000
1121.420	-0.030	0.000
1121.430	-0.030	0.000
1121.440	-0.030	0.000
1121.450	-0.030	0.000
1121.460	-0.020	0.000
1121.470	-0.020	0.000
1121.480	-0.020	0.000
1121.490	-0.030	0.000
1121.500	-0.030	0.000
1121.510	-0.030	0.000
1121.520	-0.030	0.000
1121.530	-0.030	0.000
1121.540	-0.030	0.000
1121.550	-0.030	0.000
1121.560	-0.030	0.000
1121.570	-0.030	0.000
1121.580	-0.020	0.000
1121.590	-0.020	0.000
1121.600	-0.020	0.000
1121.610	-0.030	0.000
1121.620	-0.030	0.000
1121.630	-0.030	0.000
1121.640	-0.020	0.000
1121.650	-0.020	0.000
1121.660	-0.020	0.000
1121.670	-0.020	0.000
1121.680	-0.020	0.000
1121.690	-0.020	0.000
1121.700	-0.020	0.000
1121.710	-0.020	0.000
1121.720	-0.020	0.000
1121.730	-0.030	0.000
1121.740	-0.030	0.000
1121.750	-0.030	0.000
1121.760	-0.030	0.000
1121.770	-0.030	0.000
1121.780	-0.030	0.000
1121.790	-0.030	0.000
1121.800	-0.030	0.000
1121.810	-0.030	0.000
1121.820	-0.030	0.000
1121.830	-0.030	0.000
1121.840	-0.030	0.000
1121.850	-0.030	0.000
1121.860	-0.030	0.000
1121.870	-0.030	0.000
1121.880	-0.030	0.000
1121.890	-0.030	0.000
1121.900	-0.030	0.000
1121.910	-0.020	0.000
1121.920	-0.020	0.000
1121.930	-0.020	0.000
1121.940	-0.020	0.000
1121.950	-0.020	0.000
1121.960	-0.020	0.000
1121.970	-0.020	0.000
1121.980	-0.020	0.000
1121.990	-0.020	0.000
1122.000	-0.030	0.000
1122.010	-0.030	0.000
1122.020	-0.030	0.000
1122.030	-0.020	0.000
1122.040	-0.020	0.000
1122.050	-0.020	0.000
1122.060	-0.030	0.000
1122.070	-0.030	0.000
1122.080	-0.030	0.000
1122.090	-0.020	0.000
1122.100	-0.020	0.000
1122.110	-0.020	0.000
1122.120	-0.020	0.000
1122.130	-0.020	0.000
1122.140	-0.020	0.000
1122.150	-0.020	0.000
1122.160	-0.020	0.000
1122.170	-0.020	0.000
1122.180	-0.030	0.000
1122.190	-0.030	0.000
1122.200	-0.030	0.000
1122.210	-0.020	0.000
1122.220	-0.020	0.000
1122.230	-0.020	0.000
1122.240	-0.030	0.000
1122.250	-0.030	0.000
1122.260	-0.030	0.000
1122.270	-0.030	0.000
1122.280	-0.030	0.000
1122.290	-0.030	0.000
1122.300	-0.030	0.000
1122.310	-0.030	0.000
1122.320	-0.030	0.000
1122.330	-0.030	0.000
1122.340	-0.030	0.000
1122.350	-0.030	0.000
1122.360	-0.020	0.000
1122.370	-0.020	0.000
1122.380	-0.020	0.000
1122.390	-0.030	0.000
1122.400	-0.030	0.000
1122.410	-0.030	0.000
1122.420	-0.030	0.000
1122.430	-0.030	0.000
1122.440	-0.030	0.000
1122.450	-0.030	0.000
1122.460	-0.030	0.000
1122.470	-0.030	0.000
1122.480	-0.030	0.000
1122.490	-0.030	0.000
1122.500	-0.030	0.000
1122.510	-0.030	0.000
1122.520	-0.030	0.000
1122.530	-0.030	0.000
1122.540	-0.020	0.000
1122.550	-0.020	0.000
1122.560	-0.020	0.000
1122.570	-0.030	0.000
1122.580	-0.030	0.000
1122.590	-0.030	0.000
1122.600	-0.030	0.000
1122.610	-0.030	0.000
1122.620	-0.030	0.000
1132.640	-0.020	0.000
1132.650	-0.020	0.000
1132.660	-0.020	0.000
1132.670	-0.020	0.000
1132.680	-0.020	0.000
1132.690	-0.020	0.000
1132.700	-0.020	0.000
1132.710	-0.030	0.000
1132.720	-0.030	0.000
1132.730	-0.030	0.073
1132.740	-0.040	0.073
1132.750	-0.040	0.146
1132.760	-0.040	0.146
1132.770	-0.060	0.220
1132.780	-0.060	0.293
1132.790	-0.060	0.366
1132.800	-0.070	0.439
1132.810	-0.070	0.513
1132.820	-0.070	0.586
1132.830	-0.100	0.586
1132.840	-0.100	0.659
1132.850	-0.100	0.659
1132.860	-0.110	0.732
1132.870	-0.110	0.806
1132.880	-0.110	0.806
1132.890	-0.140	0.879
1132.900	-0.140	0.879
1132.910	-0.140	0.952
1132.920	-0.170	1.025
1132.930	-0.170	1.172
1132.940	-0.170	1.318
1132.950	-0.190	1.538
1132.960	-0.190	1.758
1132.970	-0.190	1.831
1132.980	-0.220	1.978
1132.990	-0.220	2.051
1133.000	-0.220	2.197
1133.010	-0.250	2.271
1133.020	-0.250	2.417
1133.030	-0.250	2.490
1133.040	-0.280	2.710
1133.050	-0.280	2.710
1133.060	-0.280	2.710
1133.070	-0.320	2.783
1133.080	-0.320	2.856
1133.090	-0.320	2.930
1133.100	-0.360	3.149
1133.110	-0.360	3.589
1133.120	-0.360	3.735
1133.130	-0.400	3.809
1133.140	-0.400	3.809
1133.150	-0.400	4.028
1133.160	-0.450	4.395
1133.170	-0.450	4.541
1133.180	-0.450	4.687
1133.190	-0.490	4.907
1133.200	-0.490	5.200
1133.210	-0.490	5.200
1133.220	-0.550	5.347
1133.230	-0.550	5.640
1133.240	-0.550	5.933
1133.250	-0.620	6.006
1133.260	-0.620	5.933
1133.270	-0.620	6.445
1133.280	-0.690	6.812
1133.290	-0.690	7.031
1133.300	-0.690	7.324
1133.310	-0.740	7.324
1133.320	-0.740	7.471
1133.330	-0.740	7.910
1133.340	-0.800	8.057
1133.350	-0.800	8.496
1133.360	-0.800	8.716
1133.370	-0.880	8.643
1133.380	-0.880	9.009
1133.390	-0.880	9.229
1133.400	-0.930	9.448
1133.410	-0.930	9.668
1133.420	-0.930	10.181
1133.430	-1.000	10.181
1133.440	-1.000	10.547
1133.450	-1.000	10.474
1133.460	-1.070	11.060
1133.470	-1.070	11.353
1133.480	-1.070	11.646
1133.490	-1.130	11.719
1133.500	-1.130	12.012
1133.510	-1.130	12.378
1133.520	-1.230	12.451
1133.530	-1.230	12.817
1133.540	-1.230	12.964
1133.550	-1.290	13.696
1133.560	-1.290	13.623
1133.570	-1.290	14.062
1133.580	-1.390	14.209
1133.590	-1.390	14.502
1133.600	-1.390	14.722
1133.610	-1.460	15.234
1133.620	-1.460	15.601
1133.630	-1.460	15.747
1133.640	-1.540	16.040
1133.650	-1.540	16.187
1133.660	-1.540	16.846
1133.670	-1.620	16.699
1133.680	-1.620	17.065
1133.690	-1.620	17.578
1133.700	-1.680	17.871
1133.710	-1.680	18.164
1133.720	-1.680	18.164
1133.730	-1.780	18.677
1133.740	-1.780	18.823
1133.750	-1.780	19.263
1133.760	-1.860	19.409
1133.770	-1.860	20.068
1133.780	-1.860	20.215
1133.790	-1.920	20.581
1133.800	-1.920	20.801
1133.810	-1.920	20.874
1133.820	-2.020	21.606
1133.830	-2.020	21.533
1133.840	-2.020	22.266
1133.850	-2.130	22.339
1133.860	-2.130	22.559
1133.870	-2.130	22.778
1133.880	-2.200	23.364
1133.890	-2.200	23.584
1133.900	-2.200	23.804
1133.910	-2.250	24.243
1133.920	-2.250	24.316
1133.930	-2.250	24.829
1133.940	-2.350	24.756
1133.950	-2.350	25.195
1133.960	-2.350	25.635
1133.970	-2.430	26.221
1133.980	-2.430	26.074
1133.990	-2.430	26.440
1134.000	-2.500	26.733
1134.010	-2.500	26.880
1134.020	-2.500	27.539
1134.030	-2.580	27.979
1134.040	-2.580	28.125
1134.050	-2.580	28.564
1134.060	-2.670	28.784
1134.070	-2.670	28.638
1134.080	-2.670	29.443
1134.090	-2.750	29.443
1134.100	-2.750	29.736
1134.110	-2.750	30.103
1134.120	-2.830	30.103
1134.130	-2.830	30.322
1134.140	-2.830	31.055
1134.150	-2.890	31.055
1134.160	-2.890	31.128
1134.170	-2.890	31.860
1134.180	-2.990	32.153
1134.190	-2.990	32.227
1134.200	-2.990	32.959
1134.210	-3.080	32.959
1134.220	-3.080	33.252
1134.230	-3.080	33.838
1134.240	-3.130	33.838
1134.250	-3.130	33.838
1134.260	-3.130	34.277
1134.270	-3.180	34.277
1134.280	-3.180	34.644
1134.290	-3.180	35.083
1134.300	-3.250	35.083
1134.310	-3.250	35.303
1134.320	-3.250	36.328
1134.330	-3.350	36.328
1134.340	-3.350	36.182
1134.350	-3.350	36.475
1134.360	-3.400	36.475
1134.370	-3.400	36.987
1134.380	-3.400	37.354
1134.390	-3.440	37.354
1134.400	-3.440	37.720
1134.410	-3.440	38.013
1134.420	-3.500	38.013
1134.430	-3.500	38.086
1134.440	-3.500	38.672
1134.450	-3.580	38.672
1134.460	-3.580	39.038
1134.470	-3.580	39.038
1134.480	-3.600	39.038
1134.490	-3.600	39.404
1134.500	-3.600	39.990
1134.510	-3.670	39.990
1134.520	-3.670	40.210
1134.530	-3.670	40.356
1134.540	-3.730	40.356
1134.550	-3.730	40.723
1134.560	-3.730	40.796
1134.570	-3.730	40.796
1134.580	-3.730	41.162
1134.590	-3.730	41.309
1134.600	-3.820	41.309
1134.610	-3.820	41.162
1134.620	-3.820	41.748
1134.630	-3.820	41.748
1134.640	-3.820	41.821
1134.650	-3.820	42.041
1134.660	-3.850	42.041
1134.670	-3.850	42.114
1134.680	-3.850	42.261
1134.690	-3.900	42.261
1134.700	-3.900	42.554
1134.710	-3.900	42.700
1134.720	-3.900	42.847
1134.730	-3.900	42.847
1134.740	-3.900	42.920
1134.750	-3.950	43.433
1134.760	-3.950	43.286
1134.770	-3.950	43.286
1134.780	-3.940	43.213
1134.790	-3.940	43.140
1134.800	-3.940	43.066
1134.810	-3.980	43.433
1134.820	-3.980	43.286
1134.830	-3.980	43.433
1134.840	-4.020	43.506
1134.850	-4.020	43.140
1134.860	-4.020	43.286
1134.870	-4.010	43.433
1134.880	-4.010	43.506
1134.890	-4.010	43.652
1134.900	-3.950	43.799
1134.910	-3.950	43.359
1134.920	-3.950	43.359
1134.930	-4.000	43.359
1134.940	-4.000	43.286
1134.950	-4.000	43.579
1134.960	-3.930	43.726
1134.970	-3.930	43.579
1134.980	-3.930	43.433
1134.990	-3.970	43.433
1135.000	-3.970	42.993
1135.010	-3.970	43.286
1135.020	-3.890	43.140
1135.030	-3.890	43.066
1135.040	-3.890	42.773
1135.050	-3.920	42.700
1135.060	-3.920	42.480
1135.070	-3.920	42.480
1135.080	-3.850	42.554
1135.090	-3.850	42.114
1135.100	-3.850	42.261
1135.110	-3.850	42.114
1135.120	-3.850	42.041
1135.130	-3.850	41.528
1135.140	-3.770	41.821
1135.150	-3.770	41.675
1135.160	-3.770	41.602
1135.170	-3.750	41.162
1135.180	-3.750	40.796
1135.190	-3.750	41.016
1135.200	-3.690	40.796
1135.210	-3.690	40.430
1135.220	-3.690	40.430
1135.230	-3.640	40.649
1135.240	-3.640	39.990
1135.250	-3.640	39.844
1135.260	-3.590	39.697
1135.270	-3.590	39.331
1135.280	-3.590	39.404
1135.290	-3.490	39.185
1135.300	-3.490	38.745
1135.310	-3.490	38.745
1135.320	-3.470	38.086
1135.330	-3.470	38.013
1135.340	-3.470	37.866
1135.350	-3.390	37.646
1135.360	-3.390	37.134
1135.370	-3.390	37.134
1135.380	-3.280	36.914
1135.390	-3.280	36.328
1135.400	-3.280	36.108
1135.410	-3.250	35.962
1135.420	-3.250	35.962
1135.430	-3.250	35.376
1135.440	-3.140	35.083
1135.450	-3.140	34.790
1135.460	-3.140	34.424
1135.470	-3.030	34.497
1135.480	-3.030	33.691
1135.490	-3.030	33.545
1135.500	-2.980	33.618
1135.510	-2.980	32.812
1135.520	-2.980	32.446
1135.530	-2.880	32.446
1135.540	-2.880	32.007
1135.550	-2.880	31.567
1135.560	-2.790	31.494
1135.570	-2.790	30.762
1135.580	-2.790	30.615
1135.590	-2.670	30.249
1135.600	-2.670	29.736
1135.610	-2.670	29.663
1135.620	-2.570	29.297
1135.630	-2.570	28.564
1135.640	-2.570	28.271
1135.650	-2.480	27.979
1135.660	-2.480	27.246
1135.670	-2.480	27.173
1135.680	-2.380	26.514
1135.690	-2.380	26.294
1135.700	-2.380	25.415
1135.710	-2.270	25.415
1135.720	-2.270	24.756
1135.730	-2.270	24.243
1135.740	-2.150	24.243
1135.750	-2.150	23.804
1135.760	-2.150	22.925
1135.770	-2.040	22.925
1135.780	-2.040	22.852
1135.790	-2.040	22.046
1135.800	-1.930	22.046
1135.810	-1.930	21.460
1135.820	-1.930	20.435
1135.830	-1.810	20.435
1135.840	-1.810	20.361
1135.850	-1.810	19.775
1135.860	-1.680	19.263
1135.870	-1.680	18.750
1135.880	-1.680	18.311
1135.890	-1.550	17.871
1135.900	-1.550	17.285
1135.910	-1.550	16.846
1135.920	-1.420	16.113
1135.930	-1.420	16.113
1135.940	-1.420	15.601
1135.950	-1.290	14.868
1135.960	-1.290	14.868
1135.970	-1.290	14.209
1135.980	-1.150	13.843
1135.990	-1.150	12.964
1136.000	-1.150	12.817
1136.010	-0.990	12.231
1136.020	-0.990	12.085
1136.030	-0.990	11.353
1136.040	-0.930	10.474
1136.050	-0.930	10.400
1136.060	-0.930	9.741
1136.070	-0.800	9.229
1136.080	-0.800	8.643
1136.090	-0.800	8.496
1136.100	-0.610	7.690
1136.110	-0.610	7.104
1136.120	-0.610	6.445
1136.130	-0.510	6.226
1136.140	-0.510	6.006
1136.150	-0.510	5.347
1136.160	-0.360	4.834
1136.170	-0.360	4.468
1136.180	-0.360	3.882
1136.190	-0.250	3.296
1136.200	-0.250	2.930
1136.210	-0.250	2.124
1136.220	-0.090	2.124
1136.230	-0.090	1.538
1136.240	-0.090	0.513
1136.250	0.040	0.513
1136.260	0.040	0.000
1136.270	0.040	-0.952
1136.280	0.170	-0.952
1136.290	0.170	-1.538
1136.300	0.170	-2.563
1136.310	0.310	-2.563
1136.320	0.310	-2.930
1136.330	0.310	-3.369
1136.340	0.440	-3.882
1136.350	0.440	-4.468
1136.360	0.440	-4.834
1136.370	0.550	-5.493
1136.380	0.550	-6.006
1136.390	0.550	-6.152
1136.400	0.680	-6.519
1136.410	0.680	-7.031
1136.420	0.680	-7.544
1136.430	0.790	-8.423
1136.440	0.790	-8.569
1136.450	0.790	-8.936
1136.460	0.910	-9.448
1136.470	0.910	-9.961
1136.480	0.910	-10.034
1136.490	1.030	-10.840
1136.500	1.030	-11.206
1136.510	1.030	-11.792
1136.520	1.140	-12.085
1136.530	1.140	-12.158
1136.540	1.140	-13.037
1136.550	1.230	-13.110
1136.560	1.230	-13.623
1136.570	1.230	-13.989
1136.580	1.320	-14.355
1136.590	1.320	-14.502
1136.600	1.320	-15.015
1136.610	1.410	-14.941
1136.620	1.410	-15.527
1136.630	1.410	-16.040
1136.640	1.500	-15.967
1136.650	1.500	-16.553
1136.660	1.500	-16.772
1136.670	1.590	-16.992
1136.680	1.590	-17.725
1136.690	1.590	-17.725
1136.700	1.670	-17.944
1136.710	1.670	-18.384
1136.720	1.670	-18.750
1136.730	1.720	-18.970
1136.740	1.720	-19.263
1136.750	1.720	-19.702
1136.760	1.790	-19.775
1136.770	1.790	-19.995
1136.780	1.790	-19.775
1136.790	1.880	-20.508
1136.800	1.880	-20.654
1136.810	1.880	-21.021
1136.820	1.960	-21.167
1136.830	1.960	-21.167
1136.840	1.960	-21.680
1136.850	2.020	-21.753
1136.860	2.020	-22.266
1136.870	2.020	-22.339
1136.880	2.080	-23.071
1136.890	2.080	-23.071
1136.900	2.080	-23.364
1136.910	2.160	-23.584
1136.920	2.160	-23.730
1136.930	2.160	-24.170
1136.940	2.200	-24.243
1136.950	2.200	-24.536
1136.960	2.200	-24.756
1136.970	2.250	-25.342
1136.980	2.250	-25.122
1136.990	2.250	-25.415
1137.000	2.310	-25.635
1137.010	2.310	-25.635
1137.020	2.310	-25.854
1137.030	2.360	-26.074
1137.040	2.360	-26.514
1137.050	2.360	-26.587
1137.060	2.430	-26.733
1137.070	2.430	-26.514
1137.080	2.430	-26.807
1137.090	2.450	-27.246
1137.100	2.450	-27.393
1137.110	2.450	-27.759
1137.120	2.520	-27.832
1137.130	2.520	-27.759
1137.140	2.520	-27.979
1137.150	2.530	-28.125
1137.160	2.530	-28.198
1137.170	2.530	-28.491
1137.180	2.590	-28.857
1137.190	2.590	-28.784
1137.200	2.590	-28.784
1137.210	2.600	-28.857
1137.220	2.600	-29.224
1137.230	2.600	-29.443
1137.240	2.650	-29.224
1137.250	2.650	-29.224
1137.260	2.650	-29.663
1137.270	2.660	-29.663
1137.280	2.660	-29.443
1137.290	2.660	-29.370
1137.300	2.690	-29.956
1137.310	2.690	-29.736
1137.320	2.690	-29.590
1137.330	2.680	-30.176
1137.340	2.680	-29.956
1137.350	2.680	-30.103
1137.360	2.710	-30.249
1137.370	2.710	-30.029
1137.380	2.710	-30.249
1137.390	2.710	-30.469
1137.400	2.710	-30.176
1137.410	2.710	-30.469
1137.420	2.710	-30.396
1137.430	2.710	-29.883
1137.440	2.710	-30.396
1137.450	2.720	-30.469
1137.460	2.720	-30.176
1137.470	2.720	-30.469
1137.480	2.700	-30.322
1137.490	2.700	-30.029
1137.500	2.700	-30.029
1137.510	2.710	-30.176
1137.520	2.710	-30.249
1137.530	2.710	-30.176
1137.540	2.670	-30.029
1137.550	2.670	-30.029
1137.560	2.670	-29.810
1137.570	2.680	-29.590
1137.580	2.680	-29.883
1137.590	2.680	-29.810
1137.600	2.640	-29.663
1137.610	2.640	-29.517
1137.620	2.640	-29.443
1137.630	2.640	-29.517
1137.640	2.640	-29.150
1137.650	2.640	-28.857
1137.660	2.570	-29.077
1137.670	2.570	-28.857
1137.680	2.570	-28.638
1137.690	2.560	-28.638
1137.700	2.560	-28.418
1137.710	2.560	-28.491
1137.720	2.500	-28.271
1137.730	2.500	-28.052
1137.740	2.500	-27.905
1137.750	2.470	-27.832
1137.760	2.470	-27.539
1137.770	2.470	-27.319
1137.780	2.410	-27.393
1137.790	2.410	-27.100
1137.800	2.410	-27.026
1137.810	2.360	-26.587
1137.820	2.360	-26.514
1137.830	2.360	-26.147
1137.840	2.280	-26.074
1137.850	2.280	-26.001
1137.860	2.280	-25.708
1137.870	2.230	-25.708
1137.880	2.230	-24.902
1137.890	2.230	-24.902
1137.900	2.150	-24.609
1137.910	2.150	-24.316
1137.920	2.150	-23.950
1137.930	2.100	-24.023
1137.940	2.100	-23.657
1137.950	2.100	-23.291
1137.960	2.010	-23.145
1137.970	2.010	-22.705
1137.980	2.010	-22.778
1137.990	1.920	-22.339
1138.000	1.920	-22.119
1138.010	1.920	-21.680
1138.020	1.840	-21.606
1138.030	1.840	-20.874
1138.040	1.840	-20.654
1138.050	1.750	-20.508
1138.060	1.750	-20.142
1138.070	1.750	-19.775
1138.080	1.650	-19.263
1138.090	1.650	-18.970
1138.100	1.650	-18.677
1138.110	1.560	-18.237
1138.120	1.560	-17.798
1138.130	1.560	-17.871
1138.140	1.470	-17.285
1138.150	1.470	-16.772
1138.160	1.470	-16.553
1138.170	1.370	-16.040
1138.180	1.370	-15.820
1138.190	1.370	-15.527
1138.200	1.250	-14.868
1138.210	1.250	-14.722
1138.220	1.250	-14.136
1138.230	1.140	-13.770
1138.240	1.140	-13.403
1138.250	1.140	-13.037
1138.260	1.030	-12.524
1138.270	1.030	-12.451
1138.280	1.030	-11.865
1138.290	0.920	-11.133
1138.300	0.920	-10.986
1138.310	0.920	-10.474
1138.320	0.800	-10.327
1138.330	0.800	-9.741
1138.340	0.800	-9.302
1138.350	0.680	-8.716
1138.360	0.680	-8.423
1138.370	0.680	-7.910
1138.380	0.580	-7.471
1138.390	0.580	-7.397
1138.400	0.580	-7.031
1138.410	0.480	-6.665
1138.420	0.480	-6.006
1138.430	0.480	-5.420
1138.440	0.380	-5.200
1138.450	0.380	-4.907
1138.460	0.380	-4.468
1138.470	0.270	-4.102
1138.480	0.270	-3.735
1138.490	0.270	-3.223
1138.500	0.150	-2.637
1138.510	0.150	-2.271
1138.520	0.150	-1.978
1138.530	0.030	-1.685
1138.540	0.030	-1.392
1138.550	0.030	-0.952
1138.560	-0.090	-0.439
1138.570	-0.090	0.000
1138.580	-0.090	0.439
1138.590	-0.210	0.952
1138.600	-0.210	1.318
1138.610	-0.210	1.685
1138.620	-0.300	1.978
1138.630	-0.300	2.344
1138.640	-0.300	2.783
1138.650	-0.410	3.296
1138.660	-0.410	3.809
1138.670	-0.410	4.175
1138.680	-0.520	4.541
1138.690	-0.520	4.980
1138.700	-0.520	5.200
1138.710	-0.610	5.493
1138.720	-0.610	6.152
1138.730	-0.610	6.592
1138.740	-0.710	7.031
1138.750	-0.710	7.324
1138.760	-0.710	7.397
1138.770	-0.820	7.690
1138.780	-0.820	8.276
1138.790	-0.820	8.350
1138.800	-0.910	9.082
1138.810	-0.910	9.375
1138.820	-0.910	9.814
1138.830	-1.030	10.034
1138.840	-1.030	10.474
1138.850	-1.030	10.474
1138.860	-1.080	11.279
1138.870	-1.080	11.719
1138.880	-1.080	11.792
1138.890	-1.210	12.305
1138.900	-1.210	12.451
1138.910	-1.210	13.110
1138.920	-1.290	12.964
1138.930	-1.290	13.623
1138.940	-1.290	13.989
1138.950	-1.400	14.355
1138.960	-1.400	14.575
1138.970	-1.400	15.015
1138.980	-1.500	15.234
1138.990	-1.500	15.601
1139.000	-1.500	16.040
1139.010	-1.570	16.479
1139.020	-1.570	16.992
1139.030	-1.570	16.846
1139.040	-1.680	17.212
1139.050	-1.680	17.871
1139.060	-1.680	18.091
1139.070	-1.780	18.530
1139.080	-1.780	18.604
1139.090	-1.780	19.116
1139.100	-1.830	19.263
1139.110	-1.830	19.482
1139.120	-1.830	19.702
1139.130	-1.930	20.581
1139.140	-1.930	20.728
1139.150	-1.930	21.021
1139.160	-2.040	21.240
1139.170	-2.040	21.387
1139.180	-2.040	22.119
1139.190	-2.120	22.192
1139.200	-2.120	22.559
1139.210	-2.120	22.705
1139.220	-2.180	23.218
1139.230	-2.180	23.218
1139.240	-2.180	23.437
1139.250	-2.240	23.804
1139.260	-2.240	24.023
1139.270	-2.240	24.390
1139.280	-2.320	24.536
1139.290	-2.320	25.122
1139.300	-2.320	25.342
1139.310	-2.410	25.781
1139.320	-2.410	25.854
1139.330	-2.410	26.074
1139.340	-2.470	26.367
1139.350	-2.470	26.294
1139.360	-2.470	26.953
1139.370	-2.500	27.246
1139.380	-2.500	27.393
1139.390	-2.500	27.612
1139.400	-2.550	27.832
1139.410	-2.550	27.832
1139.420	-2.550	28.052
1139.430	-2.630	28.491
1139.440	-2.630	28.491
1139.450	-2.630	28.784
1139.460	-2.700	28.931
1139.470	-2.700	28.931
1139.480	-2.700	29.224
1139.490	-2.760	29.590
1139.500	-2.760	29.663
1139.510	-2.760	29.517
1139.520	-2.790	30.176
1139.530	-2.790	30.176
1139.540	-2.790	30.835
1139.550	-2.840	30.835
1139.560	-2.840	30.615
1139.570	-2.840	31.128
1139.580	-2.890	31.128
1139.590	-2.890	30.908
1139.600	-2.890	31.641
1139.610	-2.920	31.641
1139.620	-2.920	31.274
1139.630	-2.920	31.567
1139.640	-2.930	32.080
1139.650	-2.930	31.641
1139.660	-2.930	31.934
1139.670	-2.930	32.300
1139.680	-2.930	32.080
1139.690	-2.930	32.300
1139.700	-2.960	32.520
1139.710	-2.960	32.446
1139.720	-2.960	32.520
1139.730	-3.000	32.593
1139.740	-3.000	32.593
1139.750	-3.000	32.739
1139.760	-3.020	32.886
1139.770	-3.020	32.666
1139.780	-3.020	32.812
1139.790	-3.020	33.032
1139.800	-3.020	32.812
1139.810	-3.020	32.959
1139.820	-3.030	33.105
1139.830	-3.030	32.886
1139.840	-3.030	33.032
1139.850	-2.990	33.105
1139.860	-2.990	32.886
1139.870	-2.990	33.032
1139.880	-3.000	33.252
1139.890	-3.000	32.886
1139.900	-3.000	33.032
1139.910	-3.020	33.032
1139.920	-3.020	32.812
1139.930	-3.020	33.105
1139.940	-3.010	32.886
1139.950	-3.010	32.739
1139.960	-3.010	32.886
1139.970	-2.960	32.812
1139.980	-2.960	32.520
1139.990	-2.960	32.739
1140.000	-2.940	32.666
1140.010	-2.940	32.520
1140.020	-2.940	32.593
1140.030	-2.990	32.373
1140.040	-2.990	32.446
1140.050	-2.990	32.007
1140.060	-2.930	32.227
1140.070	-2.930	31.934
1140.080	-2.930	31.934
1140.090	-2.900	31.714
1140.100	-2.900	31.934
1140.110	-2.900	31.567
1140.120	-2.830	31.348
1140.130	-2.830	31.128
1140.140	-2.830	30.981
1140.150	-2.790	31.201
1140.160	-2.790	31.201
1140.170	-2.790	30.688
1140.180	-2.770	30.615
1140.190	-2.770	30.542
1140.200	-2.770	30.029
1140.210	-2.740	30.029
1140.220	-2.740	29.956
1140.230	-2.740	29.663
1140.240	-2.690	29.663
1140.250	-2.690	29.663
1140.260	-2.690	29.150
1140.270	-2.650	29.150
1140.280	-2.650	29.077
1140.290	-2.650	28.638
1140.300	-2.580	28.638
1140.310	-2.580	28.418
1140.320	-2.580	28.345
1140.330	-2.510	27.979
1140.340	-2.510	27.832
1140.350	-2.510	27.539
1140.360	-2.440	27.686
1140.370	-2.440	27.246
1140.380	-2.440	26.880
1140.390	-2.370	26.587
1140.400	-2.370	26.221
1140.410	-2.370	25.708
1140.420	-2.300	25.708
1140.430	-2.300	25.708
1140.440	-2.300	25.049
1140.450	-2.240	25.049
1140.460	-2.240	24.390
1140.470	-2.240	24.097
1140.480	-2.170	24.097
1140.490	-2.170	23.877
1140.500	-2.170	23.364
1140.510	-2.080	23.364
1140.520	-2.080	23.291
1140.530	-2.080	22.559
1140.540	-2.000	22.559
1140.550	-2.000	22.266
1140.560	-2.000	21.606
1140.570	-1.910	21.606
1140.580	-1.910	21.460
1140.590	-1.910	20.801
1140.600	-1.810	20.801
1140.610	-1.810	20.435
1140.620	-1.810	19.629
1140.630	-1.720	19.629
1140.640	-1.720	19.189
1140.650	-1.720	18.530
1140.660	-1.630	18.530
1140.670	-1.630	17.944
1140.680	-1.630	17.798
1140.690	-1.530	17.798
1140.700	-1.530	16.846
1140.710	-1.530	16.406
1140.720	-1.400	16.406
1140.730	-1.400	15.820
1140.740	-1.400	15.234
1140.750	-1.330	15.234
1140.760	-1.330	14.722
1140.770	-1.330	13.916
1140.780	-1.240	13.916
1140.790	-1.240	13.550
1140.800	-1.240	13.403
1140.810	-1.130	12.671
1140.820	-1.130	12.231
1140.830	-1.130	12.012
1140.840	-0.970	11.572
1140.850	-0.970	10.840
1140.860	-0.970	10.474
1140.870	-0.840	10.400
1140.880	-0.840	9.741
1140.890	-0.840	9.375
1140.900	-0.740	9.009
1140.910	-0.740	8.496
1140.920	-0.740	7.837
1140.930	-0.600	7.617
1140.940	-0.600	7.031
1140.950	-0.600	6.885
1140.960	-0.490	6.372
1140.970	-0.490	5.713
1140.980	-0.490	5.347
1140.990	-0.360	4.761
1141.000	-0.360	4.321
1141.010	-0.360	4.028
1141.020	-0.250	3.589
1141.030	-0.250	2.930
1141.040	-0.250	2.417
1141.050	-0.110	1.978
1141.060	-0.110	1.611
1141.070	-0.110	1.172
1141.080	0.010	0.732
1141.090	0.010	0.220
1141.100	0.010	-0.293
1141.110	0.140	-0.879
1141.120	0.140	-1.318
1141.130	0.140	-1.758
1141.140	0.280	-2.124
1141.150	0.280	-2.563
1141.160	0.280	-3.296
1141.170	0.410	-3.809
1141.180	0.410	-4.175
1141.190	0.410	-4.541
1141.200	0.530	-5.127
1141.210	0.530	-5.493
1141.220	0.530	-5.859
1141.230	0.620	-6.592
1141.240	0.620	-6.885
1141.250	0.620	-7.178
1141.260	0.750	-7.617
1141.270	0.750	-7.837
1141.280	0.750	-8.569
1141.290	0.860	-8.936
1141.300	0.860	-9.302
1141.310	0.860	-9.668
1141.320	0.980	-10.400
1141.330	0.980	-10.254
1141.340	0.980	-10.913
1141.350	1.080	-11.426
1141.360	1.080	-11.719
1141.370	1.080	-12.012
1141.380	1.170	-12.378
1141.390	1.170	-13.110
1141.400	1.170	-13.037
1141.410	1.260	-13.550
1141.420	1.260	-13.696
1141.430	1.260	-14.136
1141.440	1.350	-14.502
1141.450	1.350	-15.015
1141.460	1.350	-15.601
1141.470	1.430	-15.601
1141.480	1.430	-15.820
1141.490	1.430	-16.406
1141.500	1.500	-16.406
1141.510	1.500	-16.699
1141.520	1.500	-17.432
1141.530	1.590	-17.432
1141.540	1.590	-17.432
1141.550	1.590	-17.725
1141.560	1.670	-18.384
1141.570	1.670	-18.530
1141.580	1.670	-18.823
1141.590	1.760	-19.263
1141.600	1.760	-19.556
1141.610	1.760	-19.482
1141.620	1.840	-19.995
1141.630	1.840	-20.068
1141.640	1.840	-20.654
1141.650	1.920	-20.947
1141.660	1.920	-21.021
1141.670	1.920	-21.460
1141.680	1.990	-21.680
1141.690	1.990	-22.119
1141.700	1.990	-22.119
1141.710	2.070	-22.705
1141.720	2.070	-22.778
1141.730	2.070	-23.218
1141.740	2.130	-23.364
1141.750	2.130	-23.437
1141.760	2.130	-23.950
1141.770	2.210	-24.170
1141.780	2.210	-24.390
1141.790	2.210	-24.536
1141.800	2.270	-25.269
1141.810	2.270	-25.195
1141.820	2.270	-25.635
1141.830	2.350	-25.781
1141.840	2.350	-25.928
1141.850	2.350	-26.221
1141.860	2.400	-26.440
1141.870	2.400	-26.880
1141.880	2.400	-26.880
1141.890	2.470	-27.246
1141.900	2.470	-27.173
1141.910	2.470	-27.612
1141.920	2.520	-27.905
1141.930	2.520	-27.979
1141.940	2.520	-28.198
1141.950	2.580	-28.564
1141.960	2.580	-28.564
1141.970	2.580	-28.564
1141.980	2.620	-28.784
1141.990	2.620	-28.857
1142.000	2.620	-29.370
1142.010	2.690	-29.443
1142.020	2.690	-29.370
1142.030	2.690	-30.029
1142.040	2.710	-30.103
1142.050	2.710	-30.029
1142.060	2.710	-30.542
1142.070	2.780	-30.615
1142.080	2.780	-30.835
1142.090	2.780	-31.348
1142.100	2.810	-30.908
1142.110	2.810	-31.055
1142.120	2.810	-31.567
1142.130	2.820	-31.274
1142.140	2.820	-31.641
1142.150	2.820	-32.007
1142.160	2.880	-31.641
1142.170	2.880	-31.934
1142.180	2.880	-32.153
1142.190	2.890	-32.080
1142.200	2.890	-32.373
1142.210	2.890	-32.520
1142.220	2.920	-32.520
1142.230	2.920	-32.593
1142.240	2.920	-32.593
1142.250	2.960	-32.812
1142.260	2.960	-33.032
1142.270	2.960	-33.032
1142.280	2.970	-33.105
1142.290	2.970	-33.252
1142.300	2.970	-33.105
1142.310	2.960	-33.472
1142.320	2.960	-33.398
1142.330	2.960	-33.325
1142.340	3.020	-33.545
1142.350	3.020	-33.252
1142.360	3.020	-33.618
1142.370	3.030	-33.472
1142.380	3.030	-33.398
1142.390	3.030	-33.398
1142.400	2.980	-33.691
1142.410	2.980	-33.545
1142.420	2.980	-33.252
1142.430	3.030	-33.911
1142.440	3.030	-33.545
1142.450	3.030	-33.545
1142.460	3.050	-33.545
1142.470	3.050	-33.472
1142.480	3.050	-33.472
1142.490	2.980	-33.472
1142.500	2.980	-33.618
1142.510	2.980	-33.618
1142.520	2.950	-33.618
1142.530	2.950	-33.325
1142.540	2.950	-33.325
1142.550	3.000	-33.325
1142.560	3.000	-33.032
1142.570	3.000	-33.032
1142.580	2.980	-33.032
1142.590	2.980	-32.886
1142.600	2.980	-33.032
1142.610	2.900	-32.886
1142.620	2.900	-32.520
1142.630	2.900	-32.593
1142.640	2.900	-32.593
1142.650	2.900	-32.373
1142.660	2.900	-32.520
1142.670	2.880	-31.934
1142.680	2.880	-32.007
1142.690	2.880	-32.080
1142.700	2.830	-31.348
1142.710	2.830	-31.421
1142.720	2.830	-31.714
1142.730	2.790	-31.201
1142.740	2.790	-31.055
1142.750	2.790	-31.201
1142.760	2.720	-30.688
1142.770	2.720	-30.469
1142.780	2.720	-30.542
1142.790	2.670	-30.249
1142.800	2.670	-30.176
1142.810	2.670	-29.883
1142.820	2.640	-29.590
1142.830	2.640	-29.590
1142.840	2.640	-29.370
1142.850	2.560	-28.857
1142.860	2.560	-28.711
1142.870	2.560	-28.711
1142.880	2.500	-28.564
1142.890	2.500	-28.125
1142.900	2.500	-27.979
1142.910	2.420	-27.832
1142.920	2.420	-27.319
1142.930	2.420	-26.953
1142.940	2.350	-26.733
1142.950	2.350	-26.660
1142.960	2.350	-26.367
1142.970	2.280	-26.294
1142.980	2.280	-25.415
1142.990	2.280	-25.562
1143.000	2.180	-25.122
1143.010	2.180	-24.902
1143.020	2.180	-24.609
1143.030	2.090	-24.463
1143.040	2.090	-23.877
1143.050	2.090	-23.291
1143.060	1.990	-23.071
1143.070	1.990	-22.485
1143.080	1.990	-22.339
1143.090	1.880	-21.899
1143.100	1.880	-21.680
1143.110	1.880	-21.240
1143.120	1.810	-21.167
1143.130	1.810	-20.215
1143.140	1.810	-20.142
1143.150	1.700	-19.922
1143.160	1.700	-19.556
1143.170	1.700	-19.189
1143.180	1.590	-18.750
1143.190	1.590	-18.311
1143.200	1.590	-18.018
1143.210	1.480	-17.432
1143.220	1.480	-16.919
1143.230	1.480	-17.065
1143.240	1.360	-16.406
1143.250	1.360	-15.894
1143.260	1.360	-15.381
1143.270	1.240	-15.088
1143.280	1.240	-14.575
1143.290	1.240	-14.209
1143.300	1.130	-13.843
1143.310	1.130	-13.477
1143.320	1.130	-12.744
1143.330	1.010	-12.231
1143.340	1.010	-12.012
1143.350	1.010	-11.719
1143.360	0.890	-11.206
1143.370	0.890	-10.620
1143.380	0.890	-10.474
1143.390	0.760	-9.814
1143.400	0.760	-9.302
1143.410	0.760	-9.009
1143.420	0.630	-8.643
1143.430	0.630	-7.910
1143.440	0.630	-7.471
1143.450	0.500	-6.885
1143.460	0.500	-6.592
1143.470	0.500	-6.079
1143.480	0.390	-5.493
1143.490	0.390	-5.200
1143.500	0.390	-4.761
1143.510	0.290	-4.395
1143.520	0.290	-4.102
1143.530	0.290	-3.809
1143.540	0.180	-3.369
1143.550	0.180	-2.856
1143.560	0.180	-2.490
1143.570	0.080	-2.124
1143.580	0.080	-1.758
1143.590	0.080	-1.392
1143.600	-0.030	-0.879
1143.610	-0.030	-0.366
1143.620	-0.030	0.000
1143.630	-0.150	0.366
1143.640	-0.150	0.732
1143.650	-0.150	1.245
1143.660	-0.250	1.685
1143.670	-0.250	2.051
1143.680	-0.250	2.344
1143.690	-0.350	2.783
1143.700	-0.350	3.296
1143.710	-0.350	3.662
1143.720	-0.460	4.028
1143.730	-0.460	4.175
1143.740	-0.460	4.468
1143.750	-0.560	4.980
1143.760	-0.560	5.273
1143.770	-0.560	5.566
1143.780	-0.650	6.226
1143.790	-0.650	6.445
1143.800	-0.650	6.665
1143.810	-0.750	7.251
1143.820	-0.750	7.617
1143.830	-0.750	8.350
1143.840	-0.870	8.569
1143.850	-0.870	8.569
1143.860	-0.870	9.155
1143.870	-0.960	9.668
1143.880	-0.960	9.888
1143.890	-0.960	10.254
1143.900	-1.080	10.913
1143.910	-1.080	11.060
1143.920	-1.080	11.279
1143.930	-1.160	11.646
1143.940	-1.160	12.158
1143.950	-1.160	12.744
1143.960	-1.270	13.184
1143.970	-1.270	13.184
1143.980	-1.270	13.550
1143.990	-1.350	13.843
1144.000	-1.350	14.136
1144.010	-1.350	14.648
1144.020	-1.460	14.941
1144.030	-1.460	15.234
1144.040	-1.460	15.674
1144.050	-1.530	15.967
1144.060	-1.530	16.333
1144.070	-1.530	16.479
1144.080	-1.640	16.919
1144.090	-1.640	17.505
1144.100	-1.640	17.505
1144.110	-1.720	17.871
1144.120	-1.720	18.237
1144.130	-1.720	18.604
1144.140	-1.790	18.896
1144.150	-1.790	19.189
1144.160	-1.790	19.629
1144.170	-1.900	20.068
1144.180	-1.900	20.215
1144.190	-1.900	20.215
1144.200	-1.990	20.874
1144.210	-1.990	20.801
1144.220	-1.990	21.387
1144.230	-2.060	21.460
1144.240	-2.060	21.899
1144.250	-2.060	22.339
1144.260	-2.120	22.339
1144.270	-2.120	22.412
1144.280	-2.120	23.291
1144.290	-2.220	23.291
1144.300	-2.220	23.511
1144.310	-2.220	24.243
1144.320	-2.290	24.243
1144.330	-2.290	24.536
1144.340	-2.290	25.049
1144.350	-2.350	25.049
1144.360	-2.350	25.195
1144.370	-2.350	25.635
1144.380	-2.390	25.635
1144.390	-2.390	26.294
1144.400	-2.390	26.367
1144.410	-2.470	26.807
1144.420	-2.470	26.660
1144.430	-2.470	26.733
1144.440	-2.540	27.173
1144.450	-2.540	27.319
1144.460	-2.540	27.612
1144.470	-2.610	27.832
1144.480	-2.610	27.905
1144.490	-2.610	28.345
1144.500	-2.640	28.345
1144.510	-2.640	28.345
1144.520	-2.640	28.784
1144.530	-2.650	28.784
1144.540	-2.650	28.857
1144.550	-2.650	29.004
1144.560	-2.700	29.004
1144.570	-2.700	29.443
1144.580	-2.700	29.443
1144.590	-2.760	29.443
1144.600	-2.760	29.663
1144.610	-2.760	30.103
1144.620	-2.800	30.103
1144.630	-2.800	30.322
1144.640	-2.800	30.615
1144.650	-2.820	30.615
1144.660	-2.820	30.762
1144.670	-2.820	30.688
1144.680	-2.840	30.688
1144.690	-2.840	30.908
1144.700	-2.840	30.981
1144.710	-2.880	30.981
1144.720	-2.880	31.201
1144.730	-2.880	31.201
1144.740	-2.910	31.201
1144.750	-2.910	31.494
1144.760	-2.910	31.421
1144.770	-2.910	31.641
1144.780	-2.910	31.714
1144.790	-2.910	31.714
1144.800	-2.920	31.641
1144.810	-2.920	31.860
1144.820	-2.920	31.860
1144.830	-2.920	31.641
1144.840	-2.920	32.007
1144.850	-2.920	31.934
1144.860	-2.900	31.787
1144.870	-2.900	32.007
1144.880	-2.900	31.787
1144.890	-2.880	31.714
1144.900	-2.880	31.934
1144.910	-2.880	31.641
1144.920	-2.890	31.787
1144.930	-2.890	31.934
1144.940	-2.890	31.641
1144.950	-2.890	31.641
1144.960	-2.890	31.714
1144.970	-2.890	31.494
1144.980	-2.880	31.714
1144.990	-2.880	31.714
1145.000	-2.880	31.421
1145.010	-2.860	31.567
1145.020	-2.860	31.348
1145.030	-2.860	31.128
1145.040	-2.850	31.201
1145.050	-2.850	31.274
1145.060	-2.850	30.981
1145.070	-2.820	30.835
1145.080	-2.820	30.762
1145.090	-2.820	30.615
1145.100	-2.770	30.542
1145.110	-2.770	30.469
1145.120	-2.770	30.322
1145.130	-2.720	30.322
1145.140	-2.720	30.029
1145.150	-2.720	29.810
1145.160	-2.670	30.029
1145.170	-2.670	29.883
1145.180	-2.670	29.297
1145.190	-2.630	29.517
1145.200	-2.630	29.370
1145.210	-2.630	29.004
1145.220	-2.590	29.004
1145.230	-2.590	28.711
1145.240	-2.590	28.711
1145.250	-2.540	28.564
1145.260	-2.540	28.125
1145.270	-2.540	28.052
1145.280	-2.480	27.905
1145.290	-2.480	27.539
1145.300	-2.480	27.100
1145.310	-2.430	27.319
1145.320	-2.430	26.660
1145.330	-2.430	26.807
1145.340	-2.360	26.440
1145.350	-2.360	26.074
1145.360	-2.360	25.854
1145.370	-2.300	25.562
1145.380	-2.300	25.635
1145.390	-2.300	25.049
1145.400	-2.230	25.269
1145.410	-2.230	24.609
1145.420	-2.230	24.756
1145.430	-2.160	24.243
1145.440	-2.160	23.950
1145.450	-2.160	23.804
1145.460	-2.090	23.584
1145.470	-2.090	23.291
1145.480	-2.090	22.852
1145.490	-2.000	22.925
1145.500	-2.000	22.192
1145.510	-2.000	21.973
1145.520	-1.930	21.387
1145.530	-1.930	21.313
1145.540	-1.930	21.021
1145.550	-1.840	20.874
1145.560	-1.840	20.435
1145.570	-1.840	19.922
1145.580	-1.740	19.849
1145.590	-1.740	19.263
1145.600	-1.740	19.263
1145.610	-1.640	18.896
1145.620	-1.640	18.457
1145.630	-1.640	18.091
1145.640	-1.570	17.871
1145.650	-1.570	17.065
1145.660	-1.570	16.992
1145.670	-1.490	16.919
1145.680	-1.490	16.040
1145.690	-1.490	16.040
1145.700	-1.360	15.601
1145.710	-1.360	15.161
1145.720	-1.360	15.088
1145.730	-1.230	14.575
1145.740	-1.230	14.209
1145.750	-1.230	13.770
1145.760	-1.160	13.257
1145.770	-1.160	12.891
1145.780	-1.160	12.891
1145.790	-1.070	12.085
1145.800	-1.070	11.499
1145.810	-1.070	11.426
1145.820	-0.920	10.913
1145.830	-0.920	10.547
1145.840	-0.920	9.888
1145.850	-0.810	9.595
1145.860	-0.810	9.009
1145.870	-0.810	8.716
1145.880	-0.670	8.130
1145.890	-0.670	7.837
1145.900	-0.670	7.690
1145.910	-0.560	6.958
1145.920	-0.560	6.519
1145.930	-0.560	5.859
1145.940	-0.450	5.493
1145.950	-0.450	5.273
1145.960	-0.450	5.054
1145.970	-0.340	4.468
1145.980	-0.340	4.102
1145.990	-0.340	3.589
1146.000	-0.210	2.930
1146.010	-0.210	2.563
1146.020	-0.210	2.197
1146.030	-0.080	1.904
1146.040	-0.080	1.465
1146.050	-0.080	1.025
1146.060	0.040	0.366
1146.070	0.040	-0.220
1146.080	0.040	-0.806
1146.090	0.180	-1.245
1146.100	0.180	-1.685
1146.110	0.180	-2.051
1146.120	0.310	-2.417
1146.130	0.310	-2.856
1146.140	0.310	-3.442
1146.150	0.420	-3.955
1146.160	0.420	-4.321
1146.170	0.420	-4.761
1146.180	0.500	-5.273
1146.190	0.500	-5.420
1146.200	0.500	-5.640
1146.210	0.620	-6.372
1146.220	0.620	-6.738
1146.230	0.620	-7.251
1146.240	0.750	-7.690
1146.250	0.750	-7.837
1146.260	0.750	-8.496
1146.270	0.870	-8.716
1146.280	0.870	-9.155
1146.290	0.870	-9.595
1146.300	0.970	-10.254
1146.310	0.970	-10.327
1146.320	0.970	-10.986
1146.330	1.060	-11.133
1146.340	1.060	-11.499
1146.350	1.060	-12.085
1146.360	1.150	-12.305
1146.370	1.150	-12.671
1146.380	1.150	-12.671
1146.390	1.240	-13.477
1146.400	1.240	-13.403
1146.410	1.240	-13.989
1146.420	1.320	-14.355
1146.430	1.320	-14.502
1146.440	1.320	-14.722
1146.450	1.410	-15.234
1146.460	1.410	-15.234
1146.470	1.410	-15.674
1146.480	1.500	-16.260
1146.490	1.500	-16.260
1146.500	1.500	-17.065
1146.510	1.590	-16.919
1146.520	1.590	-17.212
1146.530	1.590	-17.944
1146.540	1.660	-18.237
1146.550	1.660	-18.457
1146.560	1.660	-18.823
1146.570	1.750	-19.189
1146.580	1.750	-19.116
1146.590	1.750	-19.482
1146.600	1.840	-19.775
1146.610	1.840	-20.361
1146.620	1.840	-20.728
1146.630	1.910	-20.728
1146.640	1.910	-21.240
1146.650	1.910	-21.899
1146.660	1.990	-21.899
1146.670	1.990	-21.973
1146.680	1.990	-22.632
1146.690	2.080	-22.852
1146.700	2.080	-23.071
1146.710	2.080	-23.218
1146.720	2.130	-23.437
1146.730	2.130	-23.730
1146.740	2.130	-23.877
1146.750	2.210	-24.243
1146.760	2.210	-24.170
1146.770	2.210	-24.609
1146.780	2.280	-24.609
1146.790	2.280	-25.122
1146.800	2.280	-25.195
1146.810	2.370	-25.854
1146.820	2.370	-25.854
1146.830	2.370	-26.147
1146.840	2.410	-26.440
1146.850	2.410	-26.733
1146.860	2.410	-27.246
1146.870	2.490	-27.393
1146.880	2.490	-27.686
1146.890	2.490	-27.612
1146.900	2.530	-28.125
1146.910	2.530	-28.125
1146.920	2.530	-28.418
1146.930	2.610	-28.784
1146.940	2.610	-29.150
1146.950	2.610	-29.077
1146.960	2.650	-29.077
1146.970	2.650	-29.590
1146.980	2.650	-29.663
1146.990	2.710	-30.029
1147.000	2.710	-30.249
1147.010	2.710	-30.249
1147.020	2.780	-30.542
1147.030	2.780	-30.762
1147.040	2.780	-30.615
1147.050	2.810	-31.055
1147.060	2.810	-31.567
1147.070	2.810	-31.201
1147.080	2.850	-31.494
1147.090	2.850	-31.934
1147.100	2.850	-31.641
1147.110	2.910	-32.153
1147.120	2.910	-32.373
1147.130	2.910	-32.227
1147.140	2.910	-32.666
1147.150	2.910	-32.593
1147.160	2.910	-32.520
1147.170	2.950	-33.032
1147.180	2.950	-33.032
1147.190	2.950	-32.959
1147.200	3.030	-33.179
1147.210	3.030	-33.179
1147.220	3.030	-33.179
1147.230	3.030	-33.838
1147.240	3.030	-33.398
1147.250	3.030	-33.618
1147.260	3.000	-33.911
1147.270	3.000	-33.691
1147.280	3.000	-33.984
1147.290	3.050	-33.911
1147.300	3.050	-34.277
1147.310	3.050	-34.131
1147.320	3.120	-34.277
1147.330	3.120	-33.765
1147.340	3.120	-34.497
1147.350	3.070	-34.424
1147.360	3.070	-34.131
1147.370	3.070	-34.351
1147.380	3.040	-34.497
1147.390	3.040	-34.351
1147.400	3.040	-34.058
1147.410	3.100	-34.351
1147.420	3.100	-34.424
1147.430	3.100	-33.911
1147.440	3.120	-33.911
1147.450	3.120	-34.351
1147.460	3.120	-34.351
1147.470	3.090	-34.058
1147.480	3.090	-34.277
1147.490	3.090	-34.277
1147.500	3.040	-34.277
1147.510	3.040	-33.911
1147.520	3.040	-33.765
1147.530	3.040	-33.765
1147.540	3.040	-34.204
1147.550	3.040	-34.131
1147.560	3.040	-34.131
1147.570	3.040	-33.618
1147.580	3.040	-33.618
1147.590	3.030	-33.545
1147.600	3.030	-33.252
1147.610	3.030	-33.472
1147.620	2.960	-33.472
1147.630	2.960	-33.398
1147.640	2.960	-33.032
1147.650	2.910	-32.959
1147.660	2.910	-32.739
1147.670	2.910	-32.739
1147.680	2.900	-32.593
1147.690	2.900	-32.520
1147.700	2.900	-32.520
1147.710	2.870	-32.080
1147.720	2.870	-32.007
1147.730	2.870	-31.787
1147.740	2.800	-31.641
1147.750	2.800	-31.641
1147.760	2.800	-31.128
1147.770	2.730	-30.981
1147.780	2.730	-30.981
1147.790	2.730	-30.542
1147.800	2.680	-30.396
1147.810	2.680	-30.176
1147.820	2.680	-29.736
1147.830	2.610	-30.029
1147.840	2.610	-29.443
1147.850	2.610	-29.004
1147.860	2.550	-28.931
1147.870	2.550	-28.784
1147.880	2.550	-28.491
1147.890	2.490	-28.198
1147.900	2.490	-27.979
1147.910	2.490	-27.759
1147.920	2.380	-27.466
1147.930	2.380	-26.880
1147.940	2.380	-26.733
1147.950	2.310	-26.880
1147.960	2.310	-26.294
1147.970	2.310	-26.221
1147.980	2.230	-25.635
1147.990	2.230	-25.488
1148.000	2.230	-25.122
1148.010	2.130	-25.122
1148.020	2.130	-24.536
1148.030	2.130	-24.316
1148.040	2.050	-23.877
1148.050	2.050	-23.437
1148.060	2.050	-22.998
1148.070	1.960	-22.559
1148.080	1.960	-22.266
1148.090	1.960	-21.899
1148.100	1.860	-21.753
1148.110	1.860	-21.094
1148.120	1.860	-21.021
1148.130	1.760	-20.215
1148.140	1.760	-20.215
1148.150	1.760	-19.556
1148.160	1.650	-19.556
1148.170	1.650	-18.970
1148.180	1.650	-18.311
1148.190	1.560	-18.311
1148.200	1.560	-17.944
1148.210	1.560	-16.919
1148.220	1.430	-16.919
1148.230	1.430	-16.772
1148.240	1.430	-15.747
1148.250	1.310	-15.747
1148.260	1.310	-15.381
1148.270	1.310	-14.575
1148.280	1.210	-14.575
1148.290	1.210	-14.062
1148.300	1.210	-13.403
1148.310	1.080	-13.403
1148.320	1.080	-12.744
1148.330	1.080	-12.012
1148.340	0.960	-12.012
1148.350	0.960	-11.719
1148.360	0.960	-10.400
1148.370	0.850	-10.400
1148.380	0.850	-10.327
1148.390	0.850	-9.302
1148.400	0.720	-9.302
1148.410	0.720	-8.936
1148.420	0.720	-7.910
1148.430	0.600	-7.910
1148.440	0.600	-7.471
1148.450	0.600	-6.958
1148.460	0.480	-6.665
1148.470	0.480	-6.372
1148.480	0.480	-5.713
1148.490	0.360	-5.420
1148.500	0.360	-5.127
1148.510	0.360	-4.541
1148.520	0.250	-4.175
1148.530	0.250	-3.882
1148.540	0.250	-3.442
1148.550	0.140	-2.856
1148.560	0.140	-2.490
1148.570	0.140	-2.051
1148.580	0.030	-1.758
1148.590	0.030	-1.392
1148.600	0.030	-0.879
1148.610	-0.080	-0.366
1148.620	-0.080	-0.073
1148.630	-0.080	0.366
1148.640	-0.190	0.879
1148.650	-0.190	1.318
1148.660	-0.190	1.685
1148.670	-0.290	2.051
1148.680	-0.290	2.417
1148.690	-0.290	2.856
1148.700	-0.390	3.442
1148.710	-0.390	3.809
1148.720	-0.390	4.028
1148.730	-0.490	4.321
1148.740	-0.490	4.614
1148.750	-0.490	5.054
1148.760	-0.580	5.347
1148.770	-0.580	5.713
1148.780	-0.580	6.226
1148.790	-0.680	6.372
1148.800	-0.680	6.445
1148.810	-0.680	7.031
1148.820	-0.770	7.471
1148.830	-0.770	8.130
1148.840	-0.770	8.203
1148.850	-0.880	8.423
1148.860	-0.880	9.009
1148.870	-0.880	9.229
1148.880	-0.970	9.521
1148.890	-0.970	9.814
1148.900	-0.970	10.547
1148.910	-1.060	10.693
1148.920	-1.060	11.206
1148.930	-1.060	11.206
1148.940	-1.180	11.865
1148.950	-1.180	12.231
1148.960	-1.180	12.158
1148.970	-1.270	13.184
1148.980	-1.270	13.696
1148.990	-1.270	13.696
1149.000	-1.370	14.062
1149.010	-1.370	14.282
1149.020	-1.370	14.355
1149.030	-1.440	15.088
1149.040	-1.440	15.381
1149.050	-1.440	15.381
1149.060	-1.560	16.260
1149.070	-1.560	16.333
1149.080	-1.560	16.553
1149.090	-1.640	17.065
1149.100	-1.640	16.992
1149.110	-1.640	17.578
1149.120	-1.720	18.237
1149.130	-1.720	18.237
1149.140	-1.720	18.530
1149.150	-1.830	18.970
1149.160	-1.830	19.116
1149.170	-1.830	19.336
1149.180	-1.890	19.995
1149.190	-1.890	20.215
1149.200	-1.890	20.728
1149.210	-1.970	20.947
1149.220	-1.970	21.094
1149.230	-1.970	21.460
1149.240	-2.080	21.826
1149.250	-2.080	22.266
1149.260	-2.080	22.485
1149.270	-2.140	22.925
1149.280	-2.140	22.998
1149.290	-2.140	23.291
1149.300	-2.200	23.584
1149.310	-2.200	23.657
1149.320	-2.200	24.023
1149.330	-2.270	24.243
1149.340	-2.270	24.463
1149.350	-2.270	24.683
1149.360	-2.360	25.195
1149.370	-2.360	25.342
1149.380	-2.360	25.854
1149.390	-2.440	25.854
1149.400	-2.440	25.854
1149.410	-2.440	26.367
1149.420	-2.500	26.367
1149.430	-2.500	27.026
1149.440	-2.500	27.319
1149.450	-2.550	27.319
1149.460	-2.550	27.393
1149.470	-2.550	27.905
1149.480	-2.600	28.052
1149.490	-2.600	28.052
1149.500	-2.600	28.491
1149.510	-2.660	28.491
1149.520	-2.660	28.857
1149.530	-2.660	28.857
1149.540	-2.720	28.857
1149.550	-2.720	29.077
1149.560	-2.720	29.736
1149.570	-2.760	29.736
1149.580	-2.760	29.517
1149.590	-2.760	30.396
1149.600	-2.790	30.396
1149.610	-2.790	30.249
1149.620	-2.790	30.688
1149.630	-2.820	30.688
1149.640	-2.820	30.762
1149.650	-2.820	30.908
1149.660	-2.850	30.908
1149.670	-2.850	31.055
1149.680	-2.850	31.274
1149.690	-2.890	31.274
1149.700	-2.890	31.348
1149.710	-2.890	31.274
1149.720	-2.910	31.274
1149.730	-2.910	31.421
1149.740	-2.910	31.567
1149.750	-2.920	31.567
1149.760	-2.920	31.860
1149.770	-2.920	31.787
1149.780	-2.940	31.787
1149.790	-2.940	32.007
1149.800	-2.940	31.934
1149.810	-2.960	31.934
1149.820	-2.960	32.227
1149.830	-2.960	32.300
1149.840	-2.980	32.300
1149.850	-2.980	32.373
1149.860	-2.980	32.300
1149.870	-2.970	32.300
1149.880	-2.970	32.300
1149.890	-2.970	32.446
1149.900	-2.960	32.446
1149.910	-2.960	32.227
1149.920	-2.960	32.446
1149.930	-2.960	32.446
1149.940	-2.960	32.007
1149.950	-2.960	32.300
1149.960	-2.950	32.300
1149.970	-2.950	32.080
1149.980	-2.950	32.153
1149.990	-2.920	32.227
1150.000	-2.920	31.934
1150.010	-2.920	32.007
1150.020	-2.880	31.934
1150.030	-2.880	31.860
1150.040	-2.880	31.860
1150.050	-2.850	31.641
1150.060	-2.850	31.641
1150.070	-2.850	31.421
1150.080	-2.830	31.201
1150.090	-2.830	31.274
1150.100	-2.830	31.128
1150.110	-2.790	30.981
1150.120	-2.790	30.835
1150.130	-2.790	30.615
1150.140	-2.760	30.688
1150.150	-2.760	30.469
1150.160	-2.760	30.103
1150.170	-2.720	30.396
1150.180	-2.720	30.176
1150.190	-2.720	29.736
1150.200	-2.680	29.810
1150.210	-2.680	29.663
1150.220	-2.680	29.443
1150.230	-2.630	29.297
1150.240	-2.630	28.784
1150.250	-2.630	28.931
1150.260	-2.580	28.931
1150.270	-2.580	28.345
1150.280	-2.580	28.271
1150.290	-2.520	28.125
1150.300	-2.520	27.686
1150.310	-2.520	27.539
1150.320	-2.450	27.612
1150.330	-2.450	27.173
1150.340	-2.450	27.246
1150.350	-2.390	26.807
1150.360	-2.390	26.440
1150.370	-2.390	26.147
1150.380	-2.320	26.001
1150.390	-2.320	25.854
1150.400	-2.320	25.488
1150.410	-2.240	25.342
1150.420	-2.240	24.683
1150.430	-2.240	24.756
1150.440	-2.170	24.243
1150.450	-2.170	24.023
1150.460	-2.170	23.877
1150.470	-2.090	23.730
1150.480	-2.090	23.218
1150.490	-2.090	23.145
1150.500	-2.020	22.925
1150.510	-2.020	22.485
1150.520	-2.020	22.339
1150.530	-1.940	21.680
1150.540	-1.940	21.606
1150.550	-1.940	21.021
1150.560	-1.840	20.874
1150.570	-1.840	20.361
1150.580	-1.840	20.068
1150.590	-1.730	19.629
1150.600	-1.730	18.896
1150.610	-1.730	18.896
1150.620	-1.640	18.677
1150.630	-1.640	18.091
1150.640	-1.640	17.871
1150.650	-1.550	17.871
1150.660	-1.550	16.992
1150.670	-1.550	16.846
1150.680	-1.430	16.699
1150.690	-1.430	15.894
1150.700	-1.430	15.967
1150.710	-1.340	15.527
1150.720	-1.340	14.868
1150.730	-1.340	15.088
1150.740	-1.270	14.282
1150.750	-1.270	13.843
1150.760	-1.270	13.550
1150.770	-1.120	13.257
1150.780	-1.120	12.598
1150.790	-1.120	12.671
1150.800	-0.980	11.865
1150.810	-0.980	11.206
1150.820	-0.980	11.206
1150.830	-0.910	10.474
1150.840	-0.910	10.254
1150.850	-0.910	9.668
1150.860	-0.770	9.302
1150.870	-0.770	8.496
1150.880	-0.770	8.423
1150.890	-0.660	7.837
1150.900	-0.660	7.471
1150.910	-0.660	7.178
1150.920	-0.520	6.592
1150.930	-0.520	6.226
1150.940	-0.520	5.640
1150.950	-0.410	5.200
1150.960	-0.410	4.834
1150.970	-0.410	4.395
1150.980	-0.290	3.662
1150.990	-0.290	3.223
1151.000	-0.290	2.783
1151.010	-0.150	2.271
1151.020	-0.150	1.685
1151.030	-0.150	1.245
1151.040	0.000	0.879
1151.050	0.000	0.366
1151.060	0.000	0.000
1151.070	0.130	-0.366
1151.080	0.130	-0.732
1151.090	0.130	-1.172
1151.100	0.280	-1.685
1151.110	0.280	-2.271
1151.120	0.280	-2.783
1151.130	0.390	-3.223
1151.140	0.390	-3.809
1151.150	0.390	-4.395
1151.160	0.500	-4.907
1151.170	0.500	-5.200
1151.180	0.500	-5.786
1151.190	0.610	-6.372
1151.200	0.610	-6.592
1151.210	0.610	-7.178
1151.220	0.740	-7.471
1151.230	0.740	-7.837
1151.240	0.740	-8.276
1151.250	0.870	-9.155
1151.260	0.870	-9.521
1151.270	0.870	-9.521
1151.280	0.970	-10.034
1151.290	0.970	-10.254
1151.300	0.970	-10.986
1151.310	1.060	-10.913
1151.320	1.060	-11.499
1151.330	1.060	-12.158
1151.340	1.140	-12.305
1151.350	1.140	-12.598
1151.360	1.140	-12.671
1151.370	1.230	-13.477
1151.380	1.230	-13.623
1151.390	1.230	-13.989
1151.400	1.330	-14.282
1151.410	1.330	-14.722
1151.420	1.330	-14.868
1151.430	1.420	-15.088
1151.440	1.420	-15.601
1151.450	1.420	-16.040
1151.460	1.500	-16.187
1151.470	1.500	-16.333
1151.480	1.500	-16.846
1151.490	1.590	-17.065
1151.500	1.590	-17.285
1151.510	1.590	-17.578
1151.520	1.680	-18.018
1151.530	1.680	-18.384
1151.540	1.680	-18.604
1151.550	1.780	-19.043
1151.560	1.780	-19.409
1151.570	1.780	-19.629
1151.580	1.840	-19.849
1151.590	1.840	-20.288
1151.600	1.840	-20.654
1151.610	1.930	-21.167
1151.620	1.930	-21.387
1151.630	1.930	-21.606
1151.640	2.030	-21.973
1151.650	2.030	-21.973
1151.660	2.030	-22.559
1151.670	2.090	-22.998
1151.680	2.090	-23.145
1151.690	2.090	-23.511
1151.700	2.180	-23.730
1151.710	2.180	-24.023
1151.720	2.180	-24.243
1151.730	2.240	-24.756
1151.740	2.240	-24.902
1151.750	2.240	-25.415
1151.760	2.330	-25.488
1151.770	2.330	-25.635
1151.780	2.330	-26.001
1151.790	2.390	-26.294
1151.800	2.390	-26.733
1151.810	2.390	-26.807
1151.820	2.470	-27.173
1151.830	2.470	-26.953
1151.840	2.470	-27.319
1151.850	2.520	-27.905
1151.860	2.520	-28.052
1151.870	2.520	-28.271
1151.880	2.610	-28.784
1151.890	2.610	-28.784
1151.900	2.610	-28.931
1151.910	2.650	-29.297
1151.920	2.650	-29.590
1151.930	2.650	-29.956
1151.940	2.730	-30.103
1151.950	2.730	-29.883
1151.960	2.730	-30.469
1151.970	2.790	-30.615
1151.980	2.790	-30.542
1151.990	2.790	-30.981
1152.000	2.820	-31.201
1152.010	2.820	-31.348
1152.020	2.820	-31.421
1152.030	2.880	-31.860
1152.040	2.880	-31.934
1152.050	2.880	-32.007
1152.060	2.940	-32.520
1152.070	2.940	-32.446
1152.080	2.940	-32.739
1152.090	2.950	-32.959
1152.100	2.950	-32.812
1152.110	2.950	-33.032
1152.120	3.000	-33.325
1152.130	3.000	-33.472
1152.140	3.000	-33.618
1152.150	3.070	-33.838
1152.160	3.070	-33.398
1152.170	3.070	-34.204
1152.180	3.100	-34.058
1152.190	3.100	-33.911
1152.200	3.100	-34.424
1152.210	3.090	-34.570
1152.220	3.090	-34.424
1152.230	3.090	-34.204
1152.240	3.110	-34.717
1152.250	3.110	-34.790
1152.260	3.110	-34.863
1152.270	3.180	-34.570
1152.280	3.180	-35.010
1152.290	3.180	-35.156
1152.300	3.190	-35.010
1152.310	3.190	-34.717
1152.320	3.190	-35.083
1152.330	3.190	-35.229
1152.340	3.190	-35.010
1152.350	3.190	-35.010
1152.360	3.130	-35.376
1152.370	3.130	-35.449
1152.380	3.130	-35.083
1152.390	3.190	-35.229
1152.400	3.190	-35.229
1152.410	3.190	-35.596
1152.420	3.220	-35.229
1152.430	3.220	-35.156
1152.440	3.220	-35.376
1152.450	3.180	-35.522
1152.460	3.180	-35.083
1152.470	3.180	-35.010
1152.480	3.130	-35.229
1152.490	3.130	-35.156
1152.500	3.130	-34.937
1152.510	3.080	-34.863
1152.520	3.080	-35.156
1152.530	3.080	-34.863
1152.540	3.120	-34.644
1152.550	3.120	-34.351
1152.560	3.120	-34.717
1152.570	3.110	-34.424
1152.580	3.110	-34.204
1152.590	3.110	-34.058
1152.600	3.050	-34.497
1152.610	3.050	-33.911
1152.620	3.050	-33.545
1152.630	2.970	-34.058
1152.640	2.970	-33.472
1152.650	2.970	-33.325
1152.660	2.910	-33.252
1152.670	2.910	-33.105
1152.680	2.910	-33.105
1152.690	2.920	-32.886
1152.700	2.920	-32.300
1152.710	2.920	-32.520
1152.720	2.880	-32.373
1152.730	2.880	-31.860
1152.740	2.880	-32.080
1152.750	2.780	-31.934
1152.760	2.780	-31.348
1152.770	2.780	-31.348
1152.780	2.720	-31.201
1152.790	2.720	-30.835
1152.800	2.720	-30.615
1152.810	2.690	-30.615
1152.820	2.690	-30.176
1152.830	2.690	-29.810
1152.840	2.610	-29.883
1152.850	2.610	-29.443
1152.860	2.610	-29.297
1152.870	2.530	-29.004
1152.880	2.530	-28.418
1152.890	2.530	-28.345
1152.900	2.470	-28.198
1152.910	2.470	-27.759
1152.920	2.470	-27.612
1152.930	2.350	-27.612
1152.940	2.350	-26.807
1152.950	2.350	-26.660
1152.960	2.290	-26.367
1152.970	2.290	-26.074
1152.980	2.290	-25.928
1152.990	2.240	-25.635
1153.000	2.240	-25.195
1153.010	2.240	-24.683
1153.020	2.140	-24.683
1153.030	2.140	-24.097
1153.040	2.140	-23.950
1153.050	2.060	-23.730
1153.060	2.060	-23.437
1153.070	2.060	-23.145
1153.080	1.950	-22.778
1153.090	1.950	-22.559
1153.100	1.950	-22.192
1153.110	1.860	-22.119
1153.120	1.860	-21.240
1153.130	1.860	-20.947
1153.140	1.740	-20.728
1153.150	1.740	-20.288
1153.160	1.740	-20.068
1153.170	1.640	-19.409
1153.180	1.640	-19.043
1153.190	1.640	-18.677
1153.200	1.530	-18.237
1153.210	1.530	-17.651
1153.220	1.530	-17.725
1153.230	1.430	-17.212
1153.240	1.430	-16.553
1153.250	1.430	-16.333
1153.260	1.320	-15.527
1153.270	1.320	-15.454
1153.280	1.320	-15.161
1153.290	1.200	-14.502
1153.300	1.200	-13.989
1153.310	1.200	-13.623
1153.320	1.070	-13.184
1153.330	1.070	-12.744
1153.340	1.070	-12.231
1153.350	0.950	-11.865
1153.360	0.950	-11.572
1153.370	0.950	-11.279
1153.380	0.840	-10.547
1153.390	0.840	-10.034
1153.400	0.840	-9.888
1153.410	0.720	-9.302
1153.420	0.720	-8.716
1153.430	0.720	-8.569
1153.440	0.590	-8.276
1153.450	0.590	-7.471
1153.460	0.590	-7.031
1153.470	0.480	-6.299
1153.480	0.480	-6.152
1153.490	0.480	-5.859
1153.500	0.350	-5.273
1153.510	0.350	-4.834
1153.520	0.350	-4.395
1153.530	0.230	-3.735
1153.540	0.230	-3.369
1153.550	0.230	-3.003
1153.560	0.110	-2.710
1153.570	0.110	-2.271
1153.580	0.110	-1.685
1153.590	0.000	-1.318
1153.600	0.000	-0.879
1153.610	0.000	-0.513
1153.620	-0.110	-0.146
1153.630	-0.110	0.220
1153.640	-0.110	0.659
1153.650	-0.210	0.952
1153.660	-0.210	1.465
1153.670	-0.210	1.831
1153.680	-0.320	2.417
1153.690	-0.320	2.783
1153.700	-0.320	3.003
1153.710	-0.410	3.223
1153.720	-0.410	3.589
1153.730	-0.410	4.175
1153.740	-0.510	4.541
1153.750	-0.510	4.907
1153.760	-0.510	5.273
1153.770	-0.610	5.640
1153.780	-0.610	5.640
1153.790	-0.610	6.079
1153.800	-0.720	6.738
1153.810	-0.720	7.178
1153.820	-0.720	7.764
1153.830	-0.810	7.764
1153.840	-0.810	7.983
1153.850	-0.810	8.643
1153.860	-0.900	8.862
1153.870	-0.900	9.375
1153.880	-0.900	9.595
1153.890	-1.010	10.181
1153.900	-1.010	10.181
1153.910	-1.010	10.767
1153.920	-1.090	10.693
1153.930	-1.090	11.426
1153.940	-1.090	11.865
1153.950	-1.190	11.938
1153.960	-1.190	12.305
1153.970	-1.190	12.524
1153.980	-1.280	13.257
1153.990	-1.280	13.257
1154.000	-1.280	13.843
1154.010	-1.380	14.209
1154.020	-1.380	14.502
1154.030	-1.380	14.722
1154.040	-1.470	15.234
1154.050	-1.470	15.674
1154.060	-1.470	15.967
1154.070	-1.570	16.187
1154.080	-1.570	16.479
1154.090	-1.570	17.065
1154.100	-1.640	17.139
1154.110	-1.640	17.358
1154.120	-1.640	17.871
1154.130	-1.750	18.237
1154.140	-1.750	18.530
1154.150	-1.750	18.823
1154.160	-1.830	19.336
1154.170	-1.830	19.409
1154.180	-1.830	19.702
1154.190	-1.900	19.922
1154.200	-1.900	20.508
1154.210	-1.900	20.581
1154.220	-2.000	21.167
1154.230	-2.000	21.240
1154.240	-2.000	21.606
1154.250	-2.070	21.753
1154.260	-2.070	21.973
1154.270	-2.070	22.632
1154.280	-2.130	22.925
1154.290	-2.130	23.071
1154.300	-2.130	23.291
1154.310	-2.210	23.730
1154.320	-2.210	23.804
1154.330	-2.210	23.950
1154.340	-2.310	24.390
1154.350	-2.310	24.756
1154.360	-2.310	25.122
1154.370	-2.380	25.269
1154.380	-2.380	25.415
1154.390	-2.380	25.781
1154.400	-2.430	25.854
1154.410	-2.430	26.074
1154.420	-2.430	26.294
1154.430	-2.470	26.953
1154.440	-2.470	26.733
1154.450	-2.470	26.880
1154.460	-2.540	27.100
1154.470	-2.540	27.100
1154.480	-2.540	27.686
1154.490	-2.600	27.979
1154.500	-2.600	28.052
1154.510	-2.600	28.418
1154.520	-2.650	28.784
1154.530	-2.650	28.564
1154.540	-2.650	28.857
1154.550	-2.690	29.297
1154.560	-2.690	29.443
1154.570	-2.690	29.810
1154.580	-2.740	29.590
1154.590	-2.740	29.883
1154.600	-2.740	30.176
1154.610	-2.790	30.176
1154.620	-2.790	30.322
1154.630	-2.790	30.542
1154.640	-2.840	30.762
1154.650	-2.840	30.835
1154.660	-2.840	30.835
1154.670	-2.870	30.908
1154.680	-2.870	31.274
1154.690	-2.870	31.128
1154.700	-2.900	31.348
1154.710	-2.900	31.641
1154.720	-2.900	31.494
1154.730	-2.940	31.641
1154.740	-2.940	31.787
1154.750	-2.940	31.714
1154.760	-2.960	32.080
1154.770	-2.960	32.080
1154.780	-2.960	32.007
1154.790	-2.960	32.300
1154.800	-2.960	32.153
1154.810	-2.960	32.373
1154.820	-2.960	32.666
1154.830	-2.960	32.446
1154.840	-2.960	32.739
1154.850	-2.980	32.812
1154.860	-2.980	32.520
1154.870	-2.980	32.812
1154.880	-3.000	32.959
1154.890	-3.000	32.812
1154.900	-3.000	32.959
1154.910	-2.990	32.812
1154.920	-2.990	32.739
1154.930	-2.990	32.886
1154.940	-2.980	32.812
1154.950	-2.980	32.593
1154.960	-2.980	32.666
1154.970	-2.970	32.593
1154.980	-2.970	32.373
1154.990	-2.970	32.446
1155.000	-2.970	32.593
1155.010	-2.970	32.373
1155.020	-2.970	32.300
1155.030	-2.970	32.227
1155.040	-2.970	32.007
1155.050	-2.970	32.227
1155.060	-2.970	32.080
1155.070	-2.970	32.227
1155.080	-2.970	31.641
1155.090	-2.900	31.641
1155.100	-2.900	31.714
1155.110	-2.900	31.201
1155.120	-2.870	31.201
1155.130	-2.870	31.421
1155.140	-2.870	30.908
1155.150	-2.840	30.908
1155.160	-2.840	30.908
1155.170	-2.840	30.469
1155.180	-2.800	30.469
1155.190	-2.800	30.615
1155.200	-2.800	30.176
1155.210	-2.740	30.396
1155.220	-2.740	30.249
1155.230	-2.740	29.736
1155.240	-2.690	29.663
1155.250	-2.690	29.590
1155.260	-2.690	29.004
1155.270	-2.630	29.004
1155.280	-2.630	28.784
1155.290	-2.630	28.784
1155.300	-2.570	28.784
1155.310	-2.570	28.198
1155.320	-2.570	28.052
1155.330	-2.500	27.979
1155.340	-2.500	27.539
1155.350	-2.500	27.173
1155.360	-2.450	27.173
1155.370	-2.450	26.953
1155.380	-2.450	26.880
1155.390	-2.370	26.440
1155.400	-2.370	26.001
1155.410	-2.370	25.781
1155.420	-2.280	25.562
1155.430	-2.280	25.342
1155.440	-2.280	25.049
1155.450	-2.190	24.976
1155.460	-2.190	24.316
1155.470	-2.190	24.097
1155.480	-2.110	23.877
1155.490	-2.110	23.511
1155.500	-2.110	23.145
1155.510	-2.020	22.778
1155.520	-2.020	22.485
1155.530	-2.020	21.973
1155.540	-1.930	21.826
1155.550	-1.930	21.387
1155.560	-1.930	21.167
1155.570	-1.840	21.021
1155.580	-1.840	20.435
1155.590	-1.840	19.995
1155.600	-1.750	19.629
1155.610	-1.750	19.556
1155.620	-1.750	19.189
1155.630	-1.650	18.823
1155.640	-1.650	18.384
1155.650	-1.650	18.237
1155.660	-1.560	17.505
1155.670	-1.560	16.992
1155.680	-1.560	16.992
1155.690	-1.430	16.553
1155.700	-1.430	16.260
1155.710	-1.430	15.747
1155.720	-1.300	15.161
1155.730	-1.300	15.161
1155.740	-1.300	14.429
1155.750	-1.230	14.062
1155.760	-1.230	13.696
1155.770	-1.230	13.477
1155.780	-1.110	12.671
1155.790	-1.110	12.524
1155.800	-1.110	11.426
1155.810	-0.960	11.426
1155.820	-0.960	11.279
1155.830	-0.960	10.547
1155.840	-0.880	10.547
1155.850	-0.880	9.741
1155.860	-0.880	8.936
1155.870	-0.750	8.936
1155.880	-0.750	8.643
1155.890	-0.750	7.764
1155.900	-0.620	7.764
1155.910	-0.620	7.324
1155.920	-0.620	6.226
1155.930	-0.490	6.226
1155.940	-0.490	5.493
1155.950	-0.490	5.127
1155.960	-0.350	4.761
1155.970	-0.350	4.175
1155.980	-0.350	3.809
1155.990	-0.240	3.442
1156.000	-0.240	3.003
1156.010	-0.240	2.490
1156.020	-0.110	2.051
1156.030	-0.110	1.685
1156.040	-0.110	1.245
1156.050	0.040	0.806
1156.060	0.040	0.220
1156.070	0.040	-0.293
1156.080	0.140	-0.879
1156.090	0.140	-1.245
1156.100	0.140	-1.685
1156.110	0.250	-2.124
1156.120	0.250	-2.563
1156.130	0.250	-3.149
1156.140	0.390	-3.516
1156.150	0.390	-3.809
1156.160	0.390	-4.248
1156.170	0.510	-4.834
1156.180	0.510	-5.127
1156.190	0.510	-5.566
1156.200	0.630	-6.372
1156.210	0.630	-6.738
1156.220	0.630	-7.397
1156.230	0.760	-7.617
1156.240	0.760	-7.910
1156.250	0.760	-8.569
1156.260	0.880	-8.862
1156.270	0.880	-9.668
1156.280	0.880	-9.668
1156.290	0.970	-10.400
1156.300	0.970	-10.327
1156.310	0.970	-11.060
1156.320	1.060	-10.986
1156.330	1.060	-11.499
1156.340	1.060	-12.012
1156.350	1.160	-12.305
1156.360	1.160	-12.744
1156.370	1.160	-12.891
1156.380	1.250	-13.550
1156.390	1.250	-13.477
1156.400	1.250	-13.916
1156.410	1.340	-14.282
1156.420	1.340	-14.795
1156.430	1.340	-15.015
1156.440	1.440	-15.454
1156.450	1.440	-15.674
1156.460	1.440	-15.967
1156.470	1.530	-16.333
1156.480	1.530	-16.626
1156.490	1.530	-17.358
1156.500	1.630	-17.651
1156.510	1.630	-17.651
1156.520	1.630	-17.944
1156.530	1.700	-18.530
1156.540	1.700	-18.823
1156.550	1.700	-19.116
1156.560	1.790	-19.556
1156.570	1.790	-19.849
1156.580	1.790	-20.215
1156.590	1.880	-20.215
1156.600	1.880	-20.801
1156.610	1.880	-20.947
1156.620	1.970	-21.753
1156.630	1.970	-21.533
1156.640	1.970	-21.973
1156.650	2.040	-22.339
1156.660	2.040	-22.632
1156.670	2.040	-22.852
1156.680	2.150	-23.291
1156.690	2.150	-23.584
1156.700	2.150	-23.877
1156.710	2.210	-24.390
1156.720	2.210	-24.316
1156.730	2.210	-24.829
1156.740	2.310	-25.049
1156.750	2.310	-25.195
1156.760	2.310	-25.269
1156.770	2.360	-26.074
1156.780	2.360	-25.928
1156.790	2.360	-26.440
1156.800	2.450	-26.514
1156.810	2.450	-26.733
1156.820	2.450	-27.100
1156.830	2.490	-27.539
1156.840	2.490	-27.759
1156.850	2.490	-27.905
1156.860	2.580	-28.345
1156.870	2.580	-28.491
1156.880	2.580	-28.711
1156.890	2.640	-28.857
1156.900	2.640	-29.297
1156.910	2.640	-29.517
1156.920	2.710	-29.663
1156.930	2.710	-29.956
1156.940	2.710	-30.103
1156.950	2.790	-30.542
1156.960	2.790	-30.688
1156.970	2.790	-30.615
1156.980	2.820	-30.981
1156.990	2.820	-31.421
1157.000	2.820	-31.348
1157.010	2.870	-31.567
1157.020	2.870	-32.007
1157.030	2.870	-31.787
1157.040	2.940	-32.007
1157.050	2.940	-32.373
1157.060	2.940	-32.373
1157.070	2.960	-32.812
1157.080	2.960	-32.812
1157.090	2.960	-32.812
1157.100	2.980	-33.105
1157.110	2.980	-33.032
1157.120	2.980	-33.032
1157.130	3.040	-33.252
1157.140	3.040	-33.618
1157.150	3.040	-33.472
1157.160	3.100	-34.131
1157.170	3.100	-33.618
1157.180	3.100	-34.058
1157.190	3.090	-33.984
1157.200	3.090	-34.058
1157.210	3.090	-34.424
1157.220	3.090	-34.424
1157.230	3.090	-34.717
1157.240	3.090	-34.644
1157.250	3.140	-34.644
1157.260	3.140	-34.570
1157.270	3.140	-34.937
1157.280	3.180	-34.937
1157.290	3.180	-34.937
1157.300	3.180	-34.937
1157.310	3.170	-35.229
1157.320	3.170	-35.229
1157.330	3.170	-35.010
1157.340	3.130	-35.083
1157.350	3.130	-35.303
1157.360	3.130	-35.010
1157.370	3.120	-35.156
1157.380	3.120	-34.937
1157.390	3.120	-35.083
1157.400	3.150	-35.449
1157.410	3.150	-35.010
1157.420	3.150	-34.790
1157.430	3.170	-35.229
1157.440	3.170	-34.863
1157.450	3.170	-34.863
1157.460	3.150	-34.863
1157.470	3.150	-34.863
1157.480	3.150	-34.863
1157.490	3.070	-34.937
1157.500	3.070	-34.277
1157.510	3.070	-34.790
1157.520	3.050	-34.717
1157.530	3.050	-34.497
1157.540	3.050	-34.424
1157.550	3.070	-34.570
1157.560	3.070	-34.351
1157.570	3.070	-33.984
1157.580	3.060	-34.204
1157.590	3.060	-33.765
1157.600	3.060	-33.984
1157.610	2.990	-33.618
1157.620	2.990	-33.691
1157.630	2.990	-33.252
1157.640	2.920	-33.252
1157.650	2.920	-33.105
1157.660	2.920	-32.812
1157.670	2.880	-32.886
1157.680	2.880	-32.666
1157.690	2.880	-32.373
1157.700	2.870	-32.227
1157.710	2.870	-32.153
1157.720	2.870	-31.714
1157.730	2.820	-31.934
1157.740	2.820	-31.860
1157.750	2.820	-31.128
1157.760	2.720	-31.274
1157.770	2.720	-31.201
1157.780	2.720	-30.542
1157.790	2.670	-30.688
1157.800	2.670	-30.762
1157.810	2.670	-30.103
1157.820	2.660	-29.663
1157.830	2.660	-29.224
1157.840	2.660	-29.517
1157.850	2.580	-29.517
1157.860	2.580	-29.150
1157.870	2.580	-28.711
1157.880	2.480	-28.711
1157.890	2.480	-28.345
1157.900	2.480	-28.052
1157.910	2.420	-27.759
1157.920	2.420	-27.612
1157.930	2.420	-27.246
1157.940	2.330	-27.246
1157.950	2.330	-26.514
1157.960	2.330	-26.294
1157.970	2.260	-26.001
1157.980	2.260	-25.708
1157.990	2.260	-25.488
1158.000	2.190	-24.829
1158.010	2.190	-24.756
1158.020	2.190	-24.316
1158.030	2.080	-24.170
1158.040	2.080	-23.657
1158.050	2.080	-23.511
1158.060	2.000	-23.291
1158.070	2.000	-22.778
1158.080	2.000	-22.632
1158.090	1.890	-22.266
1158.100	1.890	-22.119
1158.110	1.890	-21.460
1158.120	1.810	-21.167
1158.130	1.810	-20.801
1158.140	1.810	-20.435
1158.150	1.690	-20.361
1158.160	1.690	-19.482
1158.170	1.690	-19.336
1158.180	1.600	-18.896
1158.190	1.600	-18.311
1158.200	1.600	-17.798
1158.210	1.500	-17.944
1158.220	1.500	-17.358
1158.230	1.500	-16.846
1158.240	1.390	-16.699
1158.250	1.390	-15.820
1158.260	1.390	-15.894
1158.270	1.280	-15.747
1158.280	1.280	-14.868
1158.290	1.280	-14.795
1158.300	1.160	-14.282
1158.310	1.160	-13.770
1158.320	1.160	-13.257
1158.330	1.030	-13.110
1158.340	1.030	-12.378
1158.350	1.030	-12.378
1158.360	0.910	-11.719
1158.370	0.910	-10.767
1158.380	0.910	-10.767
1158.390	0.790	-10.107
1158.400	0.790	-9.888
1158.410	0.790	-9.302
1158.420	0.620	-9.009
1158.430	0.620	-8.203
1158.440	0.620	-7.983
1158.450	0.560	-7.324
1158.460	0.560	-7.031
1158.470	0.560	-6.738
1158.480	0.450	-6.372
1158.490	0.450	-6.079
1158.500	0.450	-5.420
1158.510	0.330	-4.907
1158.520	0.330	-4.541
1158.530	0.330	-4.175
1158.540	0.200	-3.516
1158.550	0.200	-2.563
1158.560	0.200	-2.563
1158.570	0.090	-2.197
1158.580	0.090	-1.611
1158.590	0.090	-1.172
1158.600	-0.020	-0.879
1158.610	-0.020	-0.586
1158.620	-0.020	-0.220
1158.630	-0.120	0.000
1158.640	-0.120	0.220
1158.650	-0.120	0.586
1158.660	-0.210	0.806
1158.670	-0.210	1.172
1158.680	-0.210	1.611
1158.690	-0.320	2.124
1158.700	-0.320	2.563
1158.710	-0.320	3.296
1158.720	-0.410	3.296
1158.730	-0.410	3.882
1158.740	-0.410	4.248
1158.750	-0.500	4.541
1158.760	-0.500	4.761
1158.770	-0.500	5.347
1158.780	-0.590	5.640
1158.790	-0.590	5.786
1158.800	-0.590	6.226
1158.810	-0.690	6.519
1158.820	-0.690	6.665
1158.830	-0.690	6.958
1158.840	-0.780	7.471
1158.850	-0.780	7.837
1158.860	-0.780	8.496
1158.870	-0.890	8.423
1158.880	-0.890	9.009
1158.890	-0.890	9.375
1158.900	-0.990	9.741
1158.910	-0.990	9.888
1158.920	-0.990	10.620
1158.930	-1.070	10.840
1158.940	-1.070	11.279
1158.950	-1.070	11.499
1158.960	-1.170	11.938
1158.970	-1.170	12.524
1158.980	-1.170	12.451
1158.990	-1.270	12.964
1159.000	-1.270	13.184
1159.010	-1.270	13.770
1159.020	-1.360	14.062
1159.030	-1.360	14.355
1159.040	-1.360	14.355
1159.050	-1.440	15.015
1159.060	-1.440	15.015
1159.070	-1.440	15.308
1159.080	-1.540	15.967
1159.090	-1.540	16.187
1159.100	-1.540	16.113
1159.110	-1.600	16.699
1159.120	-1.600	16.992
1159.130	-1.600	17.871
1159.140	-1.700	17.871
1159.150	-1.700	17.798
1159.160	-1.700	18.677
1159.170	-1.760	18.677
1159.180	-1.760	18.896
1159.190	-1.760	19.116
1159.200	-1.840	19.775
1159.210	-1.840	19.995
1159.220	-1.840	19.922
1159.230	-1.960	20.288
1159.240	-1.960	20.288
1159.250	-1.960	21.094
1159.260	-2.020	21.240
1159.270	-2.020	21.533
1159.280	-2.020	21.606
1159.290	-2.070	22.119
1159.300	-2.070	22.339
1159.310	-2.070	22.485
1159.320	-2.160	22.852
1159.330	-2.160	23.218
1159.340	-2.160	23.657
1159.350	-2.260	23.877
1159.360	-2.260	23.950
1159.370	-2.260	24.536
1159.380	-2.300	24.902
1159.390	-2.300	24.829
1159.400	-2.300	25.195
1159.410	-2.330	25.342
1159.420	-2.330	25.708
1159.430	-2.330	25.488
1159.440	-2.410	26.367
1159.450	-2.410	26.294
1159.460	-2.410	26.660
1159.470	-2.490	26.514
1159.480	-2.490	26.587
1159.490	-2.490	27.026
1159.500	-2.560	27.246
1159.510	-2.560	27.612
1159.520	-2.560	27.832
1159.530	-2.590	28.052
1159.540	-2.590	27.905
1159.550	-2.590	28.198
1159.560	-2.610	28.345
1159.570	-2.610	28.564
1159.580	-2.610	29.150
1159.590	-2.670	29.150
1159.600	-2.670	29.224
1159.610	-2.670	29.517
1159.620	-2.730	29.517
1159.630	-2.730	29.810
1159.640	-2.730	29.883
1159.650	-2.780	29.883
1159.660	-2.780	30.103
1159.670	-2.780	30.396
1159.680	-2.810	30.396
1159.690	-2.810	30.322
1159.700	-2.810	30.762
1159.710	-2.830	30.762
1159.720	-2.830	30.688
1159.730	-2.830	31.128
1159.740	-2.860	31.128
1159.750	-2.860	31.201
1159.760	-2.860	31.567
1159.770	-2.890	31.494
1159.780	-2.890	31.494
1159.790	-2.890	31.787
1159.800	-2.900	31.787
1159.810	-2.900	31.787
1159.820	-2.900	32.080
1159.830	-2.900	32.080
1159.840	-2.900	31.934
1159.850	-2.900	32.227
1159.860	-2.920	32.227
1159.870	-2.920	31.934
1159.880	-2.920	32.227
1159.890	-2.920	32.227
1159.900	-2.920	31.934
1159.910	-2.920	32.153
1159.920	-2.930	32.227
1159.930	-2.930	31.934
1159.940	-2.930	32.153
1159.950	-2.930	32.153
1159.960	-2.930	32.007
1159.970	-2.930	32.227
1159.980	-2.920	31.860
1159.990	-2.920	32.007
1160.000	-2.920	32.080
1160.010	-2.920	31.641
1160.020	-2.920	31.934
1160.030	-2.920	31.860
1160.040	-2.900	31.494
1160.050	-2.900	31.860
1160.060	-2.900	31.274
1160.070	-2.880	31.274
1160.080	-2.880	31.934
1160.090	-2.880	31.494
1160.100	-2.860	31.274
1160.110	-2.860	31.641
1160.120	-2.860	31.274
1160.130	-2.830	30.908
1160.140	-2.830	31.201
1160.150	-2.830	30.835
1160.160	-2.790	30.688
1160.170	-2.790	30.908
1160.180	-2.790	30.396
1160.190	-2.750	30.322
1160.200	-2.750	30.176
1160.210	-2.750	29.590
1160.220	-2.710	29.736
1160.230	-2.710	29.736
1160.240	-2.710	29.370
1160.250	-2.670	29.297
1160.260	-2.670	29.077
1160.270	-2.670	28.931
1160.280	-2.610	28.638
1160.290	-2.610	28.271
1160.300	-2.610	28.198
1160.310	-2.540	28.198
1160.320	-2.540	27.905
1160.330	-2.540	27.759
1160.340	-2.480	27.686
1160.350	-2.480	27.173
1160.360	-2.480	26.953
1160.370	-2.400	26.587
1160.380	-2.400	26.294
1160.390	-2.400	26.294
1160.400	-2.330	25.854
1160.410	-2.330	25.708
1160.420	-2.330	25.195
1160.430	-2.240	25.195
1160.440	-2.240	24.536
1160.450	-2.240	24.536
1160.460	-2.160	24.170
1160.470	-2.160	23.877
1160.480	-2.160	23.584
1160.490	-2.080	23.437
1160.500	-2.080	23.218
1160.510	-2.080	22.925
1160.520	-1.990	22.632
1160.530	-1.990	22.119
1160.540	-1.990	22.119
1160.550	-1.850	21.606
1160.560	-1.850	21.387
1160.570	-1.850	20.728
1160.580	-1.830	20.728
1160.590	-1.830	20.215
1160.600	-1.830	19.922
1160.610	-1.720	19.409
1160.620	-1.720	19.043
1160.630	-1.720	18.750
1160.640	-1.620	18.384
1160.650	-1.620	17.725
1160.660	-1.620	17.651
1160.670	-1.500	17.578
1160.680	-1.500	16.626
1160.690	-1.500	16.406
1160.700	-1.370	16.113
1160.710	-1.370	15.674
1160.720	-1.370	15.454
1160.730	-1.290	14.795
1160.740	-1.290	14.355
1160.750	-1.290	13.989
1160.760	-1.170	13.623
1160.770	-1.170	13.037
1160.780	-1.170	13.037
1160.790	-1.070	12.231
1160.800	-1.070	11.792
1160.810	-1.070	11.499
1160.820	-0.930	10.913
1160.830	-0.930	10.620
1160.840	-0.930	9.668
1160.850	-0.780	9.082
1160.860	-0.780	9.082
1160.870	-0.780	8.716
1160.880	-0.690	8.130
1160.890	-0.690	7.910
1160.900	-0.690	7.471
1160.910	-0.550	6.885
1160.920	-0.550	6.299
1160.930	-0.550	5.713
1160.940	-0.400	5.347
1160.950	-0.400	4.980
1160.960	-0.400	4.395
1160.970	-0.260	3.955
1160.980	-0.260	3.516
1160.990	-0.260	2.930
1161.000	-0.120	2.344
1161.010	-0.120	1.904
1161.020	-0.120	1.538
1161.030	0.000	1.025
1161.040	0.000	0.439
1161.050	0.000	-0.146
1161.060	0.140	-0.732
1161.070	0.140	-1.245
1161.080	0.140	-1.685
1161.090	0.290	-2.051
1161.100	0.290	-2.637
1161.110	0.290	-3.296
1161.120	0.420	-3.809
1161.130	0.420	-4.102
1161.140	0.420	-4.761
1161.150	0.520	-5.200
1161.160	0.520	-5.420
1161.170	0.520	-5.933
1161.180	0.670	-6.592
1161.190	0.670	-7.104
1161.200	0.670	-7.690
1161.210	0.790	-7.837
1161.220	0.790	-8.276
1161.230	0.790	-8.862
1161.240	0.880	-9.229
1161.250	0.880	-9.521
1161.260	0.880	-10.107
1161.270	0.990	-10.547
1161.280	0.990	-10.913
1161.290	0.990	-11.279
1161.300	1.100	-11.572
1161.310	1.100	-12.012
1161.320	1.100	-12.598
1161.330	1.200	-12.744
1161.340	1.200	-12.891
1161.350	1.200	-13.550
1161.360	1.310	-13.770
1161.370	1.310	-14.209
1161.380	1.310	-14.648
1161.390	1.400	-14.941
1161.400	1.400	-15.088
1161.410	1.400	-15.747
1161.420	1.470	-15.894
1161.430	1.470	-16.406
1161.440	1.470	-16.626
1161.450	1.590	-16.846
1161.460	1.590	-17.578
1161.470	1.590	-17.651
1161.480	1.690	-18.018
1161.490	1.690	-18.311
1161.500	1.690	-18.750
1161.510	1.770	-19.043
1161.520	1.770	-19.336
1161.530	1.770	-19.849
1161.540	1.860	-20.288
1161.550	1.860	-20.581
1161.560	1.860	-20.654
1161.570	1.940	-21.313
1161.580	1.940	-21.240
1161.590	1.940	-21.899
1161.600	2.040	-22.266
1161.610	2.040	-22.559
1161.620	2.040	-22.705
1161.630	2.140	-22.998
1161.640	2.140	-23.218
1161.650	2.140	-23.584
1161.660	2.190	-23.877
1161.670	2.190	-24.023
1161.680	2.190	-24.463
1161.690	2.280	-24.829
1161.700	2.280	-24.902
1161.710	2.280	-24.976
1161.720	2.350	-25.781
1161.730	2.350	-25.708
1161.740	2.350	-26.147
1161.750	2.440	-26.367
1161.760	2.440	-26.587
1161.770	2.440	-26.953
1161.780	2.500	-27.393
1161.790	2.500	-27.612
1161.800	2.500	-27.759
1161.810	2.580	-28.125
1161.820	2.580	-28.271
1161.830	2.580	-28.491
1161.840	2.620	-28.638
1161.850	2.620	-28.857
1161.860	2.620	-29.443
1161.870	2.720	-29.590
1161.880	2.720	-29.736
1161.890	2.720	-29.883
1161.900	2.760	-30.322
1161.910	2.760	-30.469
1161.920	2.760	-30.469
1161.930	2.810	-30.981
1161.940	2.810	-31.274
1161.950	2.810	-31.494
1161.960	2.890	-31.421
1161.970	2.890	-31.787
1161.980	2.890	-31.860
1161.990	2.910	-32.080
1162.000	2.910	-32.446
1162.010	2.910	-32.446
1162.020	2.960	-32.739
1162.030	2.960	-32.812
1162.040	2.960	-32.959
1162.050	3.030	-33.252
1162.060	3.030	-33.325
1162.070	3.030	-33.472
1162.080	3.050	-33.765
1162.090	3.050	-33.765
1162.100	3.050	-33.545
1162.110	3.060	-34.277
1162.120	3.060	-33.911
1162.130	3.060	-34.204
1162.140	3.100	-34.424
1162.150	3.100	-34.497
1162.160	3.100	-34.570
1162.170	3.150	-34.497
1162.180	3.150	-34.497
1162.190	3.150	-34.863
1162.200	3.160	-35.083
1162.210	3.160	-34.790
1162.220	3.160	-35.156
1162.230	3.130	-35.376
1162.240	3.130	-35.083
1162.250	3.130	-35.229
1162.260	3.190	-35.229
1162.270	3.190	-35.596
1162.280	3.190	-35.303
1162.290	3.200	-35.303
1162.300	3.200	-35.303
1162.310	3.200	-35.522
1162.320	3.210	-35.522
1162.330	3.210	-35.303
1162.340	3.210	-35.669
1162.350	3.170	-35.669
1162.360	3.170	-35.522
1162.370	3.170	-35.522
1162.380	3.150	-35.522
1162.390	3.150	-35.596
1162.400	3.150	-35.229
1162.410	3.170	-35.229
1162.420	3.170	-35.376
1162.430	3.170	-35.522
1162.440	3.180	-35.522
1162.450	3.180	-35.229
1162.460	3.180	-35.303
1162.470	3.150	-35.376
1162.480	3.150	-35.303
1162.490	3.150	-35.010
1162.500	3.100	-35.229
1162.510	3.100	-35.303
1162.520	3.100	-35.010
1162.530	3.090	-34.937
1162.540	3.090	-34.717
1162.550	3.090	-34.790
1162.560	3.080	-34.790
1162.570	3.080	-34.497
1162.580	3.080	-34.424
1162.590	3.060	-34.644
1162.600	3.060	-33.765
1162.610	3.060	-34.131
1162.620	3.010	-33.545
1162.630	3.010	-33.545
1162.640	3.010	-33.545
1162.650	2.950	-33.545
1162.660	2.950	-33.398
1162.670	2.950	-33.032
1162.680	2.950	-33.032
1162.690	2.950	-32.812
1162.700	2.950	-32.593
1162.710	2.900	-32.593
1162.720	2.900	-32.446
1162.730	2.900	-32.080
1162.740	2.830	-32.080
1162.750	2.830	-32.080
1162.760	2.830	-31.714
1162.770	2.760	-31.348
1162.780	2.760	-31.567
1162.790	2.760	-30.981
1162.800	2.720	-30.981
1162.810	2.720	-30.908
1162.820	2.720	-30.469
1162.830	2.660	-30.469
1162.840	2.660	-30.103
1162.850	2.660	-29.883
1162.860	2.590	-29.883
1162.870	2.590	-29.590
1162.880	2.590	-28.857
1162.890	2.510	-28.857
1162.900	2.510	-28.491
1162.910	2.510	-27.979
1162.920	2.460	-27.979
1162.930	2.460	-27.759
1162.940	2.460	-27.246
