% Time (s)	Gyro Output (rads/s)	Input Rate (RPM)	%9/1/20201:45 PM
0.000	0.000	0.000
1888.340	-0.030	0.000
1888.350	-0.030	0.000
1888.360	-0.030	0.000
1888.370	-0.030	0.000
1888.380	-0.020	0.000
1888.390	-0.020	0.000
1888.400	-0.020	0.000
1888.410	-0.020	0.000
1888.420	-0.020	0.000
1888.430	-0.020	0.000
1888.440	-0.030	0.000
1888.450	-0.030	0.000
1888.460	-0.030	0.000
1888.470	-0.020	0.000
1888.480	-0.020	0.000
1888.490	-0.020	0.000
1888.500	-0.020	0.000
1888.510	-0.020	0.000
1888.520	-0.020	0.000
1888.530	-0.030	0.000
1888.540	-0.030	0.000
1888.550	-0.030	0.000
1888.560	-0.030	0.000
1888.570	-0.030	0.000
1888.580	-0.030	0.000
1888.590	-0.030	0.000
1888.600	-0.030	0.000
1888.610	-0.030	0.000
1888.620	-0.030	0.000
1888.630	-0.030	0.000
1888.640	-0.030	0.000
1888.650	-0.030	0.000
1888.660	-0.030	0.000
1888.670	-0.030	0.000
1888.680	-0.020	0.000
1888.690	-0.020	0.000
1888.700	-0.020	0.000
1888.710	-0.030	0.000
1888.720	-0.030	0.000
1888.730	-0.030	0.000
1888.740	-0.020	0.000
1888.750	-0.020	0.000
1888.760	-0.020	0.000
1888.770	-0.020	0.000
1888.780	-0.020	0.000
1888.790	-0.020	0.000
1888.800	-0.030	0.000
1888.810	-0.030	0.000
1888.820	-0.030	0.000
1888.830	-0.020	0.000
1888.840	-0.020	0.000
1888.850	-0.020	0.000
1888.860	-0.020	0.000
1888.870	-0.020	0.000
1888.880	-0.020	0.000
1888.890	-0.020	0.000
1888.900	-0.020	0.000
1888.910	-0.020	0.000
1888.920	-0.020	0.000
1888.930	-0.020	0.000
1888.940	-0.020	0.000
1888.950	-0.030	0.000
1888.960	-0.030	0.000
1888.970	-0.030	0.000
1888.980	-0.020	0.000
1888.990	-0.020	0.000
1889.000	-0.020	0.000
1889.010	-0.030	0.000
1889.020	-0.030	0.000
1889.030	-0.030	0.000
1889.040	-0.030	0.000
1889.050	-0.030	0.000
1889.060	-0.030	0.000
1889.070	-0.020	0.000
1889.080	-0.020	0.000
1889.090	-0.020	0.000
1889.100	-0.030	0.000
1889.110	-0.030	0.000
1889.120	-0.030	0.000
1889.130	-0.030	0.000
1889.140	-0.030	0.000
1889.150	-0.030	0.000
1889.160	-0.020	0.000
1889.170	-0.020	0.000
1889.180	-0.020	0.000
1889.190	-0.030	0.000
1889.200	-0.030	0.000
1889.210	-0.030	0.000
1889.220	-0.020	0.000
1889.230	-0.020	0.000
1889.240	-0.020	0.000
1889.250	-0.030	0.000
1889.260	-0.030	0.000
1889.270	-0.030	0.000
1889.280	-0.020	0.000
1889.290	-0.020	0.000
1889.300	-0.020	0.000
1889.310	-0.020	0.000
1889.320	-0.020	0.000
1889.330	-0.020	0.000
1889.340	-0.020	0.000
1889.350	-0.020	0.000
1889.360	-0.020	0.000
1889.370	-0.030	0.000
1889.380	-0.030	0.000
1889.390	-0.030	0.000
1889.400	-0.030	0.000
1889.410	-0.030	0.000
1889.420	-0.030	0.000
1889.430	-0.030	0.000
1889.440	-0.030	0.000
1889.450	-0.030	0.000
1889.460	-0.030	0.000
1889.470	-0.030	0.000
1889.480	-0.030	0.000
1889.490	-0.030	0.000
1889.500	-0.030	0.000
1889.510	-0.030	0.000
1889.520	-0.030	0.000
1889.530	-0.030	0.000
1889.540	-0.030	0.000
1889.550	-0.030	0.000
1889.560	-0.030	0.000
1889.570	-0.030	0.000
1889.580	-0.030	0.000
1889.590	-0.030	0.000
1889.600	-0.030	0.000
1889.610	-0.020	0.000
1889.620	-0.020	0.000
1889.630	-0.020	0.000
1889.640	-0.030	0.000
1889.650	-0.030	0.000
1889.660	-0.030	0.000
1889.670	-0.020	0.000
1889.680	-0.020	0.000
1889.690	-0.020	0.000
1889.700	-0.030	0.000
1889.710	-0.030	0.000
1889.720	-0.030	0.000
1889.730	-0.030	0.000
1889.740	-0.030	0.000
1889.750	-0.030	0.000
1889.760	-0.020	0.000
1889.770	-0.020	0.000
1889.780	-0.020	0.000
1889.790	-0.020	0.000
1889.800	-0.020	0.000
1889.810	-0.020	0.000
1889.820	-0.020	0.000
1889.830	-0.020	0.000
1889.840	-0.020	0.000
1889.850	-0.030	0.000
1889.860	-0.030	0.000
1889.870	-0.030	0.000
1889.880	-0.030	0.000
1889.890	-0.030	0.000
1889.900	-0.030	0.000
1889.910	-0.030	0.000
1889.920	-0.030	0.000
1889.930	-0.030	0.000
1889.940	-0.030	0.000
1889.950	-0.030	0.000
1889.960	-0.030	0.000
1889.970	-0.020	0.000
1889.980	-0.020	0.000
1891.590	-0.020	0.000
1891.600	-0.020	0.000
1891.610	-0.020	0.000
1891.620	-0.020	0.000
1891.630	-0.020	0.000
1891.640	-0.020	0.000
1891.650	-0.030	0.000
1891.660	-0.030	0.000
1891.670	-0.030	-0.073
1891.680	0.020	-0.220
1891.690	0.020	-0.293
1891.700	0.020	-0.366
1891.710	0.090	-0.586
1891.720	0.090	-0.732
1891.730	0.090	-0.879
1891.740	0.170	-1.172
1891.750	0.170	-1.538
1891.760	0.170	-1.978
1891.770	0.250	-2.271
1891.780	0.250	-2.417
1891.790	0.250	-2.710
1891.800	0.320	-3.149
1891.810	0.320	-3.589
1891.820	0.320	-3.955
1891.830	0.400	-4.248
1891.840	0.400	-4.395
1891.850	0.400	-4.614
1891.860	0.480	-4.980
1891.870	0.480	-5.200
1891.880	0.480	-5.640
1891.890	0.560	-6.152
1891.900	0.560	-6.226
1891.910	0.560	-6.152
1891.920	0.650	-6.592
1891.930	0.650	-6.885
1891.940	0.650	-7.251
1891.950	0.720	-7.764
1891.960	0.720	-7.690
1891.970	0.720	-7.910
1891.980	0.770	-8.276
1891.990	0.770	-8.350
1892.000	0.770	-9.009
1892.010	0.850	-9.229
1892.020	0.850	-9.448
1892.030	0.850	-9.668
1892.040	0.940	-10.327
1892.050	0.940	-10.107
1892.060	0.940	-10.693
1892.070	1.010	-11.133
1892.080	1.010	-11.499
1892.090	1.010	-11.499
1892.100	1.110	-11.792
1892.110	1.110	-12.231
1892.120	1.110	-12.451
1892.130	1.190	-12.964
1892.140	1.190	-12.817
1892.150	1.190	-13.623
1892.160	1.280	-13.623
1892.170	1.280	-13.843
1892.180	1.280	-14.136
1892.190	1.370	-14.575
1892.200	1.370	-14.722
1892.210	1.370	-15.527
1892.220	1.420	-15.527
1892.230	1.420	-15.674
1892.240	1.420	-16.113
1892.250	1.530	-16.333
1892.260	1.530	-16.992
1892.270	1.530	-17.065
1892.280	1.590	-17.285
1892.290	1.590	-17.871
1892.300	1.590	-18.384
1892.310	1.680	-18.384
1892.320	1.680	-18.530
1892.330	1.680	-18.970
1892.340	1.770	-19.189
1892.350	1.770	-19.409
1892.360	1.770	-19.556
1892.370	1.830	-20.215
1892.380	1.830	-20.435
1892.390	1.830	-20.508
1892.400	1.940	-21.094
1892.410	1.940	-21.021
1892.420	1.940	-21.826
1892.430	2.050	-21.826
1892.440	2.050	-22.339
1892.450	2.050	-22.485
1892.460	2.070	-22.998
1892.470	2.070	-23.145
1892.480	2.070	-23.511
1892.490	2.190	-23.877
1892.500	2.190	-23.950
1892.510	2.190	-24.463
1892.520	2.300	-24.609
1892.530	2.300	-25.122
1892.540	2.300	-25.415
1892.550	2.370	-26.001
1892.560	2.370	-25.854
1892.570	2.370	-26.221
1892.580	2.430	-26.660
1892.590	2.430	-26.880
1892.600	2.430	-27.393
1892.610	2.500	-27.686
1892.620	2.500	-27.832
1892.630	2.500	-28.198
1892.640	2.610	-28.638
1892.650	2.610	-28.711
1892.660	2.610	-29.150
1892.670	2.710	-29.663
1892.680	2.710	-29.810
1892.690	2.710	-30.103
1892.700	2.760	-30.469
1892.710	2.760	-30.688
1892.720	2.760	-31.201
1892.730	2.840	-31.567
1892.740	2.840	-31.421
1892.750	2.840	-32.153
1892.760	2.940	-32.520
1892.770	2.940	-32.739
1892.780	2.940	-32.886
1892.790	3.030	-33.765
1892.800	3.030	-33.398
1892.810	3.030	-33.911
1892.820	3.120	-34.277
1892.830	3.120	-34.497
1892.840	3.120	-34.863
1892.850	3.190	-35.010
1892.860	3.190	-35.156
1892.870	3.190	-35.669
1892.880	3.280	-36.035
1892.890	3.280	-35.962
1892.900	3.280	-36.694
1892.910	3.390	-36.841
1892.920	3.390	-37.207
1892.930	3.390	-37.427
1892.940	3.470	-37.866
1892.950	3.470	-37.939
1892.960	3.470	-38.525
1892.970	3.550	-38.525
1892.980	3.550	-38.892
1892.990	3.550	-39.331
1893.000	3.590	-39.624
1893.010	3.590	-39.771
1893.020	3.590	-39.917
1893.030	3.670	-40.430
1893.040	3.670	-40.576
1893.050	3.670	-40.723
1893.060	3.790	-41.089
1893.070	3.790	-41.455
1893.080	3.790	-41.895
1893.090	3.840	-42.041
1893.100	3.840	-42.187
1893.110	3.840	-42.334
1893.120	3.900	-42.627
1893.130	3.900	-42.773
1893.140	3.900	-43.286
1893.150	3.980	-43.799
1893.160	3.980	-43.799
1893.170	3.980	-43.945
1893.180	4.050	-44.165
1893.190	4.050	-44.385
1893.200	4.050	-44.678
1893.210	4.100	-45.483
1893.220	4.100	-45.557
1893.230	4.100	-45.776
1893.240	4.210	-45.776
1893.250	4.210	-45.923
1893.260	4.210	-46.362
1893.270	4.220	-46.655
1893.280	4.220	-46.802
1893.290	4.220	-47.095
1893.300	4.340	-47.534
1893.310	4.340	-47.388
1893.320	4.340	-47.681
1893.330	4.340	-48.120
1893.340	4.340	-48.267
1893.350	4.340	-48.413
1893.360	4.450	-48.999
1893.370	4.450	-49.072
1893.380	4.450	-49.365
1893.390	4.440	-49.365
1893.400	4.440	-49.438
1893.410	4.440	-49.951
1893.420	4.560	-49.951
1893.430	4.560	-50.098
1893.440	4.560	-50.830
1893.450	4.560	-50.830
1893.460	4.560	-50.464
1893.470	4.560	-51.050
1893.480	4.620	-51.050
1893.490	4.620	-51.562
1893.500	4.620	-51.782
1893.510	4.720	-51.782
1893.520	4.720	-52.148
1893.530	4.720	-52.295
1893.540	4.710	-52.515
1893.550	4.710	-52.515
1893.560	4.710	-53.101
1893.570	4.770	-53.101
1893.580	4.770	-53.027
1893.590	4.770	-53.174
1893.600	4.870	-53.760
1893.610	4.870	-53.906
1893.620	4.870	-53.979
1893.630	4.830	-54.346
1893.640	4.830	-53.979
1893.650	4.830	-54.492
1893.660	4.920	-54.565
1893.670	4.920	-54.639
1893.680	4.920	-55.225
1893.690	5.000	-55.151
1893.700	5.000	-55.005
1893.710	5.000	-55.371
1893.720	5.030	-55.591
1893.730	5.030	-55.664
1893.740	5.030	-55.957
1893.750	5.030	-56.177
1893.760	5.030	-56.030
1893.770	5.030	-56.323
1893.780	5.050	-56.689
1893.790	5.050	-56.543
1893.800	5.050	-56.982
1893.810	5.130	-57.056
1893.820	5.130	-57.056
1893.830	5.130	-56.982
1893.840	5.210	-57.568
1893.850	5.210	-57.349
1893.860	5.210	-57.788
1893.870	5.210	-58.008
1893.880	5.210	-57.568
1893.890	5.210	-58.081
1893.900	5.220	-58.081
1893.910	5.220	-58.301
1893.920	5.220	-58.594
1893.930	5.240	-58.594
1893.940	5.240	-58.813
1893.950	5.240	-58.887
1893.960	5.290	-58.887
1893.970	5.290	-59.033
1893.980	5.290	-59.473
1893.990	5.340	-59.473
1894.000	5.340	-59.766
1894.010	5.340	-59.912
1894.020	5.390	-59.912
1894.030	5.390	-60.059
1894.040	5.390	-59.766
1894.050	5.430	-60.645
1894.060	5.430	-60.352
1894.070	5.430	-60.425
1894.080	5.460	-60.645
1894.090	5.460	-60.571
1894.100	5.460	-60.645
1894.110	5.520	-61.011
1894.120	5.520	-60.937
1894.130	5.520	-61.084
1894.140	5.550	-61.230
1894.150	5.550	-60.864
1894.160	5.550	-61.157
1894.170	5.570	-61.377
1894.180	5.570	-61.230
1894.190	5.570	-61.523
1894.200	5.600	-61.450
1894.210	5.600	-61.157
1894.220	5.600	-61.304
1894.230	5.620	-61.743
1894.240	5.620	-61.890
1894.250	5.620	-61.597
1894.260	5.640	-61.816
1894.270	5.640	-61.816
1894.280	5.640	-61.670
1894.290	5.660	-62.256
1894.300	5.660	-62.256
1894.310	5.660	-62.036
1894.320	5.670	-62.549
1894.330	5.670	-62.256
1894.340	5.670	-62.036
1894.350	5.620	-62.622
1894.360	5.620	-62.549
1894.370	5.620	-62.256
1894.380	5.650	-62.695
1894.390	5.650	-62.256
1894.400	5.650	-62.183
1894.410	5.660	-62.695
1894.420	5.660	-62.476
1894.430	5.660	-62.183
1894.440	5.680	-62.622
1894.450	5.680	-62.402
1894.460	5.680	-62.256
1894.470	5.680	-62.549
1894.480	5.680	-62.329
1894.490	5.680	-62.476
1894.500	5.670	-62.476
1894.510	5.670	-62.183
1894.520	5.670	-62.476
1894.530	5.660	-62.476
1894.540	5.660	-62.183
1894.550	5.660	-62.329
1894.560	5.630	-62.329
1894.570	5.630	-62.183
1894.580	5.630	-62.329
1894.590	5.640	-62.329
1894.600	5.640	-62.109
1894.610	5.640	-62.329
1894.620	5.630	-62.329
1894.630	5.630	-61.963
1894.640	5.630	-62.183
1894.650	5.610	-62.036
1894.660	5.610	-61.963
1894.670	5.610	-62.183
1894.680	5.580	-62.036
1894.690	5.580	-61.743
1894.700	5.580	-62.183
1894.710	5.540	-61.597
1894.720	5.540	-61.523
1894.730	5.540	-61.816
1894.740	5.500	-61.523
1894.750	5.500	-61.597
1894.760	5.500	-61.743
1894.770	5.460	-61.230
1894.780	5.460	-61.084
1894.790	5.460	-61.157
1894.800	5.420	-61.084
1894.810	5.420	-61.011
1894.820	5.420	-61.011
1894.830	5.470	-60.937
1894.840	5.470	-60.645
1894.850	5.470	-60.645
1894.860	5.430	-60.425
1894.870	5.430	-60.645
1894.880	5.430	-60.352
1894.890	5.390	-60.498
1894.900	5.390	-60.132
1894.910	5.390	-60.205
1894.920	5.340	-60.278
1894.930	5.340	-59.766
1894.940	5.340	-60.132
1894.950	5.310	-59.766
1894.960	5.310	-59.619
1894.970	5.310	-59.326
1894.980	5.270	-59.985
1894.990	5.270	-59.253
1895.000	5.270	-59.180
1895.010	5.240	-59.253
1895.020	5.240	-58.887
1895.030	5.240	-58.887
1895.040	5.210	-58.887
1895.050	5.210	-58.594
1895.060	5.210	-58.740
1895.070	5.240	-58.447
1895.080	5.240	-57.935
1895.090	5.240	-58.154
1895.100	5.200	-58.301
1895.110	5.200	-57.861
1895.120	5.200	-57.495
1895.130	5.160	-57.715
1895.140	5.160	-57.056
1895.150	5.160	-57.349
1895.160	5.130	-56.909
1895.170	5.130	-56.982
1895.180	5.130	-56.763
1895.190	5.090	-56.616
1895.200	5.090	-56.030
1895.210	5.090	-56.104
1895.220	5.050	-56.250
1895.230	5.050	-55.884
1895.240	5.050	-55.737
1895.250	5.010	-55.298
1895.260	5.010	-55.371
1895.270	5.010	-55.078
1895.280	4.920	-54.932
1895.290	4.920	-54.932
1895.300	4.920	-54.639
1895.310	4.840	-54.492
1895.320	4.840	-54.053
1895.330	4.840	-54.053
1895.340	4.760	-53.979
1895.350	4.760	-53.687
1895.360	4.760	-53.320
1895.370	4.700	-53.540
1895.380	4.700	-53.027
1895.390	4.700	-52.588
1895.400	4.670	-52.588
1895.410	4.670	-52.441
1895.420	4.670	-52.368
1895.430	4.640	-52.002
1895.440	4.640	-51.636
1895.450	4.640	-51.489
1895.460	4.580	-51.123
1895.470	4.580	-50.610
1895.480	4.580	-50.684
1895.490	4.480	-50.830
1895.500	4.480	-50.317
1895.510	4.480	-50.024
1895.520	4.380	-49.585
1895.530	4.380	-49.219
1895.540	4.380	-48.999
1895.550	4.370	-49.072
1895.560	4.370	-48.706
1895.570	4.370	-48.413
1895.580	4.280	-48.047
1895.590	4.280	-47.534
1895.600	4.280	-47.314
1895.610	4.150	-47.241
1895.620	4.150	-46.875
1895.630	4.150	-46.729
1895.640	4.080	-46.509
1895.650	4.080	-46.069
1895.660	4.080	-45.850
1895.670	4.060	-45.850
1895.680	4.060	-45.264
1895.690	4.060	-44.897
1895.700	3.930	-44.824
1895.710	3.930	-44.312
1895.720	3.930	-44.385
1895.730	3.820	-44.092
1895.740	3.820	-43.652
1895.750	3.820	-43.140
1895.760	3.780	-42.993
1895.770	3.780	-42.407
1895.780	3.780	-42.261
1895.790	3.670	-42.114
1895.800	3.670	-41.675
1895.810	3.670	-41.455
1895.820	3.630	-40.649
1895.830	3.630	-40.356
1895.840	3.630	-40.210
1895.850	3.470	-40.063
1895.860	3.470	-39.258
1895.870	3.470	-39.038
1895.880	3.450	-39.038
1895.890	3.450	-38.672
1895.900	3.450	-38.013
1895.910	3.300	-38.013
1895.920	3.300	-37.793
1895.930	3.300	-36.987
1895.940	3.270	-36.987
1895.950	3.270	-36.768
1895.960	3.270	-36.035
1895.970	3.110	-36.035
1895.980	3.110	-35.522
1895.990	3.110	-34.937
1896.000	3.060	-34.937
1896.010	3.060	-34.351
1896.020	3.060	-33.765
1896.030	2.990	-33.765
1896.040	2.990	-33.618
1896.050	2.990	-32.666
1896.060	2.840	-32.666
1896.070	2.840	-32.593
1896.080	2.840	-31.567
1896.090	2.780	-31.567
1896.100	2.780	-31.714
1896.110	2.780	-31.348
1896.120	2.680	-30.762
1896.130	2.680	-30.396
1896.140	2.680	-29.663
1896.150	2.540	-29.663
1896.160	2.540	-29.370
1896.170	2.540	-28.418
1896.180	2.450	-28.418
1896.190	2.450	-28.125
1896.200	2.450	-27.466
1896.210	2.380	-27.466
1896.220	2.380	-27.026
1896.230	2.380	-26.147
1896.240	2.300	-26.147
1896.250	2.300	-26.074
1896.260	2.300	-25.269
1896.270	2.180	-25.269
1896.280	2.180	-24.902
1896.290	2.180	-24.023
1896.300	2.050	-24.023
1896.310	2.050	-23.511
1896.320	2.050	-22.852
1896.330	1.940	-22.852
1896.340	1.940	-22.339
1896.350	1.940	-21.680
1896.360	1.830	-21.680
1896.370	1.830	-21.240
1896.380	1.830	-20.288
1896.390	1.720	-20.288
1896.400	1.720	-19.995
1896.410	1.720	-19.482
1896.420	1.610	-19.482
1896.430	1.610	-18.896
1896.440	1.610	-18.018
1896.450	1.510	-18.018
1896.460	1.510	-17.651
1896.470	1.510	-16.992
1896.480	1.420	-16.626
1896.490	1.420	-16.553
1896.500	1.420	-15.454
1896.510	1.300	-15.454
1896.520	1.300	-14.868
1896.530	1.300	-14.648
1896.540	1.180	-14.136
1896.550	1.180	-13.843
1896.560	1.180	-13.184
1896.570	1.030	-13.257
1896.580	1.030	-12.378
1896.590	1.030	-11.865
1896.600	0.910	-11.572
1896.610	0.910	-11.133
1896.620	0.910	-10.986
1896.630	0.830	-10.034
1896.640	0.830	-9.814
1896.650	0.830	-9.448
1896.660	0.710	-9.082
1896.670	0.710	-8.276
1896.680	0.710	-8.350
1896.690	0.480	-7.910
1896.700	0.480	-7.324
1896.710	0.480	-6.812
1896.720	0.490	-6.152
1896.730	0.490	-6.079
1896.740	0.490	-5.713
1896.750	0.370	-5.054
1896.760	0.370	-4.614
1896.770	0.370	-4.175
1896.780	0.210	-3.516
1896.790	0.210	-3.003
1896.800	0.210	-2.783
1896.810	0.080	-2.490
1896.820	0.080	-2.051
1896.830	0.080	-1.465
1896.840	-0.020	-0.952
1896.850	-0.020	-0.586
1896.860	-0.020	-0.220
1896.870	-0.150	0.146
1896.880	-0.150	0.659
1896.890	-0.150	0.952
1896.900	-0.280	1.465
1896.910	-0.280	2.124
1896.920	-0.280	2.563
1896.930	-0.400	2.856
1896.940	-0.400	3.076
1896.950	-0.400	3.589
1896.960	-0.500	4.248
1896.970	-0.500	4.687
1896.980	-0.500	4.980
1896.990	-0.600	5.713
1897.000	-0.600	6.079
1897.010	-0.600	6.079
1897.020	-0.730	6.738
1897.030	-0.730	7.251
1897.040	-0.730	7.764
1897.050	-0.840	8.203
1897.060	-0.840	8.203
1897.070	-0.840	8.862
1897.080	-0.950	9.302
1897.090	-0.950	9.595
1897.100	-0.950	9.814
1897.110	-1.060	10.693
1897.120	-1.060	10.693
1897.130	-1.060	11.206
1897.140	-1.180	11.426
1897.150	-1.180	12.012
1897.160	-1.180	12.817
1897.170	-1.280	12.671
1897.180	-1.280	13.403
1897.190	-1.280	13.623
1897.200	-1.390	14.062
1897.210	-1.390	14.429
1897.220	-1.390	15.015
1897.230	-1.480	15.015
1897.240	-1.480	15.820
1897.250	-1.480	15.967
1897.260	-1.560	15.967
1897.270	-1.560	16.626
1897.280	-1.560	16.699
1897.290	-1.650	17.212
1897.300	-1.650	17.725
1897.310	-1.650	17.505
1897.320	-1.740	18.091
1897.330	-1.740	18.530
1897.340	-1.740	18.823
1897.350	-1.830	19.043
1897.360	-1.830	19.556
1897.370	-1.830	19.922
1897.380	-1.920	20.361
1897.390	-1.920	20.435
1897.400	-1.920	21.313
1897.410	-2.000	21.240
1897.420	-2.000	21.240
1897.430	-2.000	21.753
1897.440	-2.090	21.753
1897.450	-2.090	22.412
1897.460	-2.090	22.998
1897.470	-2.180	22.998
1897.480	-2.180	23.145
1897.490	-2.180	24.243
1897.500	-2.270	24.243
1897.510	-2.270	24.390
1897.520	-2.270	24.976
1897.530	-2.360	24.976
1897.540	-2.360	25.562
1897.550	-2.360	26.221
1897.560	-2.450	26.221
1897.570	-2.450	26.440
1897.580	-2.450	26.660
1897.590	-2.540	27.026
1897.600	-2.540	27.246
1897.610	-2.540	27.759
1897.620	-2.630	28.125
1897.630	-2.630	28.271
1897.640	-2.630	28.784
1897.650	-2.720	29.443
1897.660	-2.720	29.150
1897.670	-2.720	29.663
1897.680	-2.790	30.103
1897.690	-2.790	30.103
1897.700	-2.790	30.688
1897.710	-2.910	30.908
1897.720	-2.910	30.981
1897.730	-2.910	31.787
1897.740	-2.980	31.787
1897.750	-2.980	32.007
1897.760	-2.980	32.520
1897.770	-3.080	33.032
1897.780	-3.080	33.252
1897.790	-3.080	33.618
1897.800	-3.180	33.911
1897.810	-3.180	34.277
1897.820	-3.180	34.790
1897.830	-3.250	35.010
1897.840	-3.250	35.156
1897.850	-3.250	35.742
1897.860	-3.350	36.108
1897.870	-3.350	36.035
1897.880	-3.350	36.548
1897.890	-3.440	36.914
1897.900	-3.440	37.280
1897.910	-3.440	37.573
1897.920	-3.510	37.939
1897.930	-3.510	38.159
1897.940	-3.510	38.599
1897.950	-3.580	38.599
1897.960	-3.580	39.038
1897.970	-3.580	39.917
1897.980	-3.700	39.917
1897.990	-3.700	40.210
1898.000	-3.700	40.723
1898.010	-3.810	40.723
1898.020	-3.810	41.162
1898.030	-3.810	41.748
1898.040	-3.880	41.748
1898.050	-3.880	41.968
1898.060	-3.880	42.554
1898.070	-3.950	42.554
1898.080	-3.950	42.920
1898.090	-3.950	43.726
1898.100	-4.030	43.726
1898.110	-4.030	44.092
1898.120	-4.030	44.751
1898.130	-4.120	44.751
1898.140	-4.120	45.117
1898.150	-4.120	45.630
1898.160	-4.220	45.630
1898.170	-4.220	45.996
1898.180	-4.220	46.436
1898.190	-4.300	46.655
1898.200	-4.300	46.875
1898.210	-4.300	47.168
1898.220	-4.370	47.168
1898.230	-4.370	47.461
1898.240	-4.370	47.827
1898.250	-4.460	47.827
1898.260	-4.460	48.267
1898.270	-4.460	48.999
1898.280	-4.550	48.999
1898.290	-4.550	49.365
1898.300	-4.550	49.878
1898.310	-4.620	49.878
1898.320	-4.620	50.098
1898.330	-4.620	50.903
1898.340	-4.670	50.903
1898.350	-4.670	51.270
1898.360	-4.670	51.562
1898.370	-4.720	51.562
1898.380	-4.720	51.636
1898.390	-4.720	52.002
1898.400	-4.810	52.002
1898.410	-4.810	52.515
1898.420	-4.810	52.954
1898.430	-4.920	52.954
1898.440	-4.920	53.174
1898.450	-4.920	53.979
1898.460	-4.990	53.979
1898.470	-4.990	54.126
1898.480	-4.990	54.565
1898.490	-5.020	54.565
1898.500	-5.020	54.785
1898.510	-5.020	55.078
1898.520	-5.090	55.078
1898.530	-5.090	55.664
1898.540	-5.090	55.811
1898.550	-5.170	55.811
1898.560	-5.170	56.104
1898.570	-5.170	56.470
1898.580	-5.210	56.470
1898.590	-5.210	56.616
1898.600	-5.210	57.129
1898.610	-5.250	57.129
1898.620	-5.250	57.568
1898.630	-5.250	58.081
1898.640	-5.340	58.081
1898.650	-5.340	58.081
1898.660	-5.340	58.374
1898.670	-5.340	58.667
1898.680	-5.340	58.813
1898.690	-5.340	59.106
1898.700	-5.440	59.399
1898.710	-5.440	59.399
1898.720	-5.440	59.985
1898.730	-5.440	59.985
1898.740	-5.440	59.619
1898.750	-5.440	60.425
1898.760	-5.540	60.425
1898.770	-5.540	60.132
1898.780	-5.540	60.718
1898.790	-5.540	60.718
1898.800	-5.540	61.011
1898.810	-5.540	61.377
1898.820	-5.600	61.597
1898.830	-5.600	61.450
1898.840	-5.600	62.036
1898.850	-5.640	62.183
1898.860	-5.640	61.890
1898.870	-5.640	62.549
1898.880	-5.700	62.549
1898.890	-5.700	62.402
1898.900	-5.700	62.769
1898.910	-5.700	62.915
1898.920	-5.700	62.622
1898.930	-5.700	63.281
1898.940	-5.800	63.354
1898.950	-5.800	62.842
1898.960	-5.800	63.501
1898.970	-5.800	63.647
1898.980	-5.800	63.647
1898.990	-5.800	64.307
1899.000	-5.850	64.014
1899.010	-5.850	63.940
1899.020	-5.850	64.673
1899.030	-5.910	64.819
1899.040	-5.910	64.600
1899.050	-5.910	64.966
1899.060	-5.910	65.186
1899.070	-5.910	65.186
1899.080	-5.910	65.186
1899.090	-5.990	65.552
1899.100	-5.990	65.625
1899.110	-5.990	65.845
1899.120	-5.980	65.918
1899.130	-5.980	65.698
1899.140	-5.980	66.138
1899.150	-6.000	66.431
1899.160	-6.000	66.357
1899.170	-6.000	66.284
1899.180	-6.080	66.650
1899.190	-6.080	66.357
1899.200	-6.080	66.797
1899.210	-6.100	66.797
1899.220	-6.100	66.504
1899.230	-6.100	66.797
1899.240	-6.080	66.797
1899.250	-6.080	67.017
1899.260	-6.080	67.383
1899.270	-6.120	67.383
1899.280	-6.120	67.529
1899.290	-6.120	67.456
1899.300	-6.170	67.969
1899.310	-6.170	67.529
1899.320	-6.170	68.042
1899.330	-6.160	67.749
1899.340	-6.160	67.969
1899.350	-6.160	67.822
1899.360	-6.170	68.042
1899.370	-6.170	67.969
1899.380	-6.170	68.042
1899.390	-6.230	68.335
1899.400	-6.230	67.749
1899.410	-6.230	68.188
1899.420	-6.260	68.408
1899.430	-6.260	68.555
1899.440	-6.260	68.115
1899.450	-6.230	68.555
1899.460	-6.230	68.188
1899.470	-6.230	68.481
1899.480	-6.210	68.408
1899.490	-6.210	68.335
1899.500	-6.210	68.628
1899.510	-6.210	68.774
1899.520	-6.210	68.408
1899.530	-6.210	68.335
1899.540	-6.270	69.141
1899.550	-6.270	68.262
1899.560	-6.270	68.555
1899.570	-6.240	68.481
1899.580	-6.240	68.408
1899.590	-6.240	68.335
1899.600	-6.200	68.628
1899.610	-6.200	68.335
1899.620	-6.200	68.481
1899.630	-6.190	68.701
1899.640	-6.190	68.188
1899.650	-6.190	68.848
1899.660	-6.230	68.774
1899.670	-6.230	68.555
1899.680	-6.230	68.335
1899.690	-6.230	68.701
1899.700	-6.230	68.042
1899.710	-6.230	68.335
1899.720	-6.210	68.408
1899.730	-6.210	68.188
1899.740	-6.210	68.262
1899.750	-6.160	68.408
1899.760	-6.160	68.115
1899.770	-6.160	68.042
1899.780	-6.150	68.555
1899.790	-6.150	67.676
1899.800	-6.150	67.969
1899.810	-6.160	67.822
1899.820	-6.160	67.676
1899.830	-6.160	67.749
1899.840	-6.150	67.822
1899.850	-6.150	67.310
1899.860	-6.150	67.090
1899.870	-6.090	67.383
1899.880	-6.090	66.797
1899.890	-6.090	67.310
1899.900	-6.040	67.310
1899.910	-6.040	67.090
1899.920	-6.040	66.724
1899.930	-6.040	66.724
1899.940	-6.040	66.577
1899.950	-6.040	66.577
1899.960	-6.050	67.310
1899.970	-6.050	66.797
1899.980	-6.050	66.797
1899.990	-6.020	66.724
1900.000	-6.020	66.357
1900.010	-6.020	66.357
1900.020	-5.950	66.431
1900.030	-5.950	66.504
1900.040	-5.950	66.357
1900.050	-5.930	65.991
1900.060	-5.930	65.625
1900.070	-5.930	65.698
1900.080	-5.950	65.918
1900.090	-5.950	65.332
1900.100	-5.950	65.332
1900.110	-5.920	65.332
1900.120	-5.920	65.039
1900.130	-5.920	64.600
1900.140	-5.860	64.819
1900.150	-5.860	64.966
1900.160	-5.860	64.673
1900.170	-5.790	64.673
1900.180	-5.790	64.014
1900.190	-5.790	64.380
1900.200	-5.790	64.526
1900.210	-5.790	63.794
1900.220	-5.790	63.721
1900.230	-5.750	64.160
1900.240	-5.750	63.062
1900.250	-5.750	63.135
1900.260	-5.680	63.135
1900.270	-5.680	62.476
1900.280	-5.680	62.842
1900.290	-5.670	62.769
1900.300	-5.670	61.963
1900.310	-5.670	62.402
1900.320	-5.640	62.036
1900.330	-5.640	61.523
1900.340	-5.640	61.963
1900.350	-5.540	61.597
1900.360	-5.540	61.084
1900.370	-5.540	61.011
1900.380	-5.490	60.937
1900.390	-5.490	60.205
1900.400	-5.490	60.498
1900.410	-5.480	60.059
1900.420	-5.480	59.985
1900.430	-5.480	59.692
1900.440	-5.360	59.546
1900.450	-5.360	59.033
1900.460	-5.360	59.106
1900.470	-5.360	59.180
1900.480	-5.360	58.594
1900.490	-5.360	58.301
1900.500	-5.240	58.447
1900.510	-5.240	58.008
1900.520	-5.240	57.715
1900.530	-5.190	57.568
1900.540	-5.190	56.909
1900.550	-5.190	56.689
1900.560	-5.130	56.689
1900.570	-5.130	56.396
1900.580	-5.130	56.030
1900.590	-5.020	56.030
1900.600	-5.020	55.518
1900.610	-5.020	55.225
1900.620	-4.990	55.225
1900.630	-4.990	55.005
1900.640	-4.990	54.492
1900.650	-4.870	54.492
1900.660	-4.870	54.126
1900.670	-4.870	53.687
1900.680	-4.840	53.687
1900.690	-4.840	53.174
1900.700	-4.840	52.881
1900.710	-4.740	52.881
1900.720	-4.740	52.734
1900.730	-4.740	52.002
1900.740	-4.670	52.002
1900.750	-4.670	51.709
1900.760	-4.670	50.903
1900.770	-4.590	50.903
1900.780	-4.590	50.757
1900.790	-4.590	50.244
1900.800	-4.490	50.244
1900.810	-4.490	49.878
1900.820	-4.490	49.292
1900.830	-4.440	49.292
1900.840	-4.440	49.072
1900.850	-4.440	48.633
1900.860	-4.310	48.633
1900.870	-4.310	48.340
1900.880	-4.310	47.681
1900.890	-4.260	47.681
1900.900	-4.260	47.388
1900.910	-4.260	47.021
1900.920	-4.180	46.802
1900.930	-4.180	45.996
1900.940	-4.180	45.410
1900.950	-4.080	45.410
1900.960	-4.080	45.044
1900.970	-4.080	44.897
1900.980	-3.970	44.824
1900.990	-3.970	44.531
1901.000	-3.970	44.019
1901.010	-3.910	43.799
1901.020	-3.910	43.213
1901.030	-3.910	43.359
1901.040	-3.830	42.993
1901.050	-3.830	42.041
1901.060	-3.830	41.968
1901.070	-3.720	41.968
1901.080	-3.720	41.309
1901.090	-3.720	40.869
1901.100	-3.610	40.796
1901.110	-3.610	40.210
1901.120	-3.610	39.844
1901.130	-3.520	39.771
1901.140	-3.520	39.331
1901.150	-3.520	39.258
1901.160	-3.420	38.965
1901.170	-3.420	38.086
1901.180	-3.420	37.939
1901.190	-3.330	37.720
1901.200	-3.330	37.134
1901.210	-3.330	36.621
1901.220	-3.240	36.768
1901.230	-3.240	35.889
1901.240	-3.240	35.669
1901.250	-3.140	35.229
1901.260	-3.140	34.863
1901.270	-3.140	34.644
1901.280	-3.040	33.984
1901.290	-3.040	33.765
1901.300	-3.040	33.252
1901.310	-2.930	33.252
1901.320	-2.930	32.593
1901.330	-2.930	32.373
1901.340	-2.820	31.860
1901.350	-2.820	31.787
1901.360	-2.820	31.128
1901.370	-2.720	30.835
1901.380	-2.720	30.542
1901.390	-2.720	29.883
1901.400	-2.620	29.883
1901.410	-2.620	29.370
1901.420	-2.620	28.711
1901.430	-2.530	28.491
1901.440	-2.530	27.979
1901.450	-2.530	27.466
1901.460	-2.400	27.173
1901.470	-2.400	26.880
1901.480	-2.400	26.440
1901.490	-2.280	26.294
1901.500	-2.280	25.488
1901.510	-2.280	25.195
1901.520	-2.190	24.976
1901.530	-2.190	24.390
1901.540	-2.190	23.950
1901.550	-2.100	23.584
1901.560	-2.100	22.998
1901.570	-2.100	22.559
1901.580	-1.950	22.119
1901.590	-1.950	21.606
1901.600	-1.950	21.387
1901.610	-1.810	20.947
1901.620	-1.810	20.361
1901.630	-1.810	19.849
1901.640	-1.740	19.849
1901.650	-1.740	19.336
1901.660	-1.740	18.750
1901.670	-1.610	18.384
1901.680	-1.610	18.091
1901.690	-1.610	17.285
1901.700	-1.510	16.919
1901.710	-1.510	16.626
1901.720	-1.510	16.040
1901.730	-1.360	15.967
1901.740	-1.360	15.161
1901.750	-1.360	14.648
1901.760	-1.230	14.575
1901.770	-1.230	13.989
1901.780	-1.230	13.550
1901.790	-1.100	13.330
1901.800	-1.100	12.671
1901.810	-1.100	12.231
1901.820	-0.980	11.938
1901.830	-0.980	11.353
1901.840	-0.980	10.913
1901.850	-0.880	10.327
1901.860	-0.880	10.107
1901.870	-0.880	9.595
1901.880	-0.760	9.082
1901.890	-0.760	8.789
1901.900	-0.760	8.276
1901.910	-0.620	7.544
1901.920	-0.620	7.104
1901.930	-0.620	6.738
1901.940	-0.500	6.519
1901.950	-0.500	6.152
1901.960	-0.500	5.420
1901.970	-0.380	4.907
1901.980	-0.380	4.468
1901.990	-0.380	3.955
1902.000	-0.270	3.662
1902.010	-0.270	3.369
1902.020	-0.270	3.003
1902.030	-0.140	2.417
1902.040	-0.140	1.904
1902.050	-0.140	1.538
1902.060	-0.010	1.099
1902.070	-0.010	0.659
1902.080	-0.010	0.146
1902.090	0.110	-0.293
1902.100	0.110	-0.806
1902.110	0.110	-1.172
1902.120	0.220	-1.538
1902.130	0.220	-1.978
1902.140	0.220	-3.076
1902.150	0.300	-3.076
1902.160	0.300	-3.296
1902.170	0.300	-3.516
1902.180	0.390	-3.735
1902.190	0.390	-4.102
1902.200	0.390	-4.468
1902.210	0.480	-4.834
1902.220	0.480	-5.200
1902.230	0.480	-5.786
1902.240	0.570	-5.933
1902.250	0.570	-5.859
1902.260	0.570	-6.372
1902.270	0.660	-6.738
1902.280	0.660	-7.031
1902.290	0.660	-7.544
1902.300	0.740	-7.690
1902.310	0.740	-7.983
1902.320	0.740	-8.423
1902.330	0.830	-8.423
1902.340	0.830	-9.009
1902.350	0.830	-9.595
1902.360	0.900	-9.595
1902.370	0.900	-9.814
1902.380	0.900	-10.327
1902.390	0.980	-10.327
1902.400	0.980	-10.913
1902.410	0.980	-11.572
1902.420	1.070	-11.572
1902.430	1.070	-11.646
1902.440	1.070	-12.451
1902.450	1.170	-12.451
1902.460	1.170	-12.598
1902.470	1.170	-13.110
1902.480	1.250	-13.110
1902.490	1.250	-13.770
1902.500	1.250	-14.136
1902.510	1.340	-14.136
1902.520	1.340	-14.429
1902.530	1.340	-15.161
1902.540	1.430	-15.161
1902.550	1.430	-15.454
1902.560	1.430	-15.894
1902.570	1.500	-16.260
1902.580	1.500	-16.406
1902.590	1.500	-16.626
1902.600	1.590	-17.285
1902.610	1.590	-17.505
1902.620	1.590	-17.725
1902.630	1.650	-17.871
1902.640	1.650	-18.311
1902.650	1.650	-18.677
1902.660	1.750	-18.896
1902.670	1.750	-19.116
1902.680	1.750	-19.629
1902.690	1.820	-20.142
1902.700	1.820	-19.775
1902.710	1.820	-20.215
1902.720	1.900	-20.508
1902.730	1.900	-21.021
1902.740	1.900	-21.167
1902.750	2.000	-21.460
1902.760	2.000	-21.680
1902.770	2.000	-21.973
1902.780	2.070	-22.339
1902.790	2.070	-22.339
1902.800	2.070	-22.998
1902.810	2.130	-23.511
1902.820	2.130	-23.584
1902.830	2.130	-23.950
1902.840	2.240	-24.243
1902.850	2.240	-24.756
1902.860	2.240	-24.976
1902.870	2.310	-25.269
1902.880	2.310	-25.415
1902.890	2.310	-25.708
1902.900	2.350	-26.001
1902.910	2.350	-26.001
1902.920	2.350	-26.733
1902.930	2.420	-26.807
1902.940	2.420	-27.100
1902.950	2.420	-27.466
1902.960	2.530	-27.466
1902.970	2.530	-27.832
1902.980	2.530	-28.271
1902.990	2.620	-28.271
1903.000	2.620	-28.711
1903.010	2.620	-28.931
1903.020	2.700	-28.931
1903.030	2.700	-29.297
1903.040	2.700	-29.956
1903.050	2.760	-29.956
1903.060	2.760	-30.249
1903.070	2.760	-30.615
1903.080	2.800	-30.615
1903.090	2.800	-31.201
1903.100	2.800	-31.348
1903.110	2.890	-31.567
1903.120	2.890	-32.080
1903.130	2.890	-32.153
1903.140	2.950	-32.520
1903.150	2.950	-32.666
1903.160	2.950	-33.179
1903.170	3.010	-33.252
1903.180	3.010	-33.472
1903.190	3.010	-33.765
1903.200	3.090	-33.984
1903.210	3.090	-34.277
1903.220	3.090	-34.204
1903.230	3.170	-34.790
1903.240	3.170	-35.083
1903.250	3.170	-35.156
1903.260	3.260	-35.376
1903.270	3.260	-35.596
1903.280	3.260	-36.182
1903.290	3.310	-36.328
1903.300	3.310	-36.328
1903.310	3.310	-36.621
1903.320	3.350	-37.061
1903.330	3.350	-37.207
1903.340	3.350	-37.134
1903.350	3.380	-37.720
1903.360	3.380	-37.793
1903.370	3.380	-38.086
1903.380	3.450	-38.306
1903.390	3.450	-38.599
1903.400	3.450	-38.892
1903.410	3.560	-39.038
1903.420	3.560	-39.258
1903.430	3.560	-39.478
1903.440	3.640	-39.844
1903.450	3.640	-39.990
1903.460	3.640	-40.356
1903.470	3.660	-40.796
1903.480	3.660	-40.796
1903.490	3.660	-40.576
1903.500	3.720	-41.089
1903.510	3.720	-41.309
1903.520	3.720	-41.455
1903.530	3.800	-41.821
1903.540	3.800	-41.821
1903.550	3.800	-42.187
1903.560	3.860	-42.334
1903.570	3.860	-42.407
1903.580	3.860	-42.773
1903.590	3.880	-43.433
1903.600	3.880	-43.359
1903.610	3.880	-43.579
1903.620	3.980	-43.799
1903.630	3.980	-43.799
1903.640	3.980	-44.092
1903.650	4.000	-44.458
1903.660	4.000	-44.385
1903.670	4.000	-44.678
1903.680	4.090	-44.897
1903.690	4.090	-44.897
1903.700	4.090	-45.264
1903.710	4.130	-45.703
1903.720	4.130	-45.850
1903.730	4.130	-46.069
1903.740	4.180	-46.509
1903.750	4.180	-46.362
1903.760	4.180	-46.655
1903.770	4.260	-46.875
1903.780	4.260	-46.802
1903.790	4.260	-47.021
1903.800	4.260	-47.314
1903.810	4.260	-47.241
1903.820	4.260	-47.461
1903.830	4.360	-47.900
1903.840	4.360	-47.681
1903.850	4.360	-48.120
1903.860	4.350	-48.486
1903.870	4.350	-48.560
1903.880	4.350	-48.853
1903.890	4.440	-49.146
1903.900	4.440	-48.926
1903.910	4.440	-49.146
1903.920	4.460	-49.292
1903.930	4.460	-49.146
1903.940	4.460	-49.585
1903.950	4.500	-49.805
1903.960	4.500	-49.585
1903.970	4.500	-49.658
1903.980	4.560	-50.024
1903.990	4.560	-49.878
1904.000	4.560	-50.317
1904.010	4.570	-50.537
1904.020	4.570	-50.757
1904.030	4.570	-50.830
1904.040	4.630	-50.977
1904.050	4.630	-50.610
1904.060	4.630	-50.977
1904.070	4.610	-51.343
1904.080	4.610	-51.050
1904.090	4.610	-51.416
1904.100	4.680	-51.416
1904.110	4.680	-51.709
1904.120	4.680	-51.782
1904.130	4.700	-51.782
1904.140	4.700	-51.636
1904.150	4.700	-52.222
1904.160	4.680	-52.222
1904.170	4.680	-52.075
1904.180	4.680	-52.515
1904.190	4.740	-52.515
1904.200	4.740	-52.734
1904.210	4.740	-52.441
1904.220	4.770	-52.441
1904.230	4.770	-52.588
1904.240	4.770	-52.881
1904.250	4.730	-52.881
1904.260	4.730	-52.808
1904.270	4.730	-53.174
1904.280	4.810	-53.174
1904.290	4.810	-53.101
1904.300	4.810	-53.247
1904.310	4.790	-53.247
1904.320	4.790	-53.394
1904.330	4.790	-53.467
1904.340	4.750	-53.467
1904.350	4.750	-53.394
1904.360	4.750	-53.027
1904.370	4.800	-53.027
1904.380	4.800	-53.394
1904.390	4.800	-53.467
1904.400	4.840	-53.467
1904.410	4.840	-53.687
1904.420	4.840	-53.540
1904.430	4.800	-53.613
1904.440	4.800	-53.174
1904.450	4.800	-53.613
1904.460	4.760	-53.687
1904.470	4.760	-53.687
1904.480	4.760	-53.760
1904.490	4.840	-53.906
1904.500	4.840	-53.833
1904.510	4.840	-53.394
1904.520	4.800	-53.760
1904.530	4.800	-53.687
1904.540	4.800	-53.833
1904.550	4.750	-53.979
1904.560	4.750	-53.687
1904.570	4.750	-53.687
1904.580	4.800	-53.320
1904.590	4.800	-53.467
1904.600	4.800	-53.540
1904.610	4.820	-53.467
1904.620	4.820	-53.467
1904.630	4.820	-53.540
1904.640	4.790	-53.613
1904.650	4.790	-52.954
1904.660	4.790	-53.394
1904.670	4.730	-53.467
1904.680	4.730	-53.320
1904.690	4.730	-53.101
1904.700	4.750	-53.394
1904.710	4.750	-53.320
1904.720	4.750	-52.881
1904.730	4.770	-53.247
1904.740	4.770	-53.027
1904.750	4.770	-53.027
1904.760	4.710	-53.027
1904.770	4.710	-52.881
1904.780	4.710	-53.174
1904.790	4.700	-52.954
1904.800	4.700	-52.515
1904.810	4.700	-52.661
1904.820	4.740	-53.027
1904.830	4.740	-52.515
1904.840	4.740	-52.368
1904.850	4.720	-52.881
1904.860	4.720	-52.441
1904.870	4.720	-52.588
1904.880	4.650	-52.295
1904.890	4.650	-52.148
1904.900	4.650	-52.295
1904.910	4.620	-52.368
1904.920	4.620	-51.929
1904.930	4.620	-51.782
1904.940	4.660	-52.075
1904.950	4.660	-51.489
1904.960	4.660	-51.709
1904.970	4.580	-51.562
1904.980	4.580	-51.343
1904.990	4.580	-51.050
1905.000	4.560	-51.050
1905.010	4.560	-50.830
1905.020	4.560	-50.903
1905.030	4.590	-51.196
1905.040	4.590	-50.684
1905.050	4.590	-50.610
1905.060	4.530	-50.244
1905.070	4.530	-50.098
1905.080	4.530	-50.317
1905.090	4.490	-50.610
1905.100	4.490	-50.317
1905.110	4.490	-50.098
1905.120	4.460	-49.878
1905.130	4.460	-49.512
1905.140	4.460	-49.365
1905.150	4.390	-49.365
1905.160	4.390	-49.072
1905.170	4.390	-48.999
1905.180	4.340	-48.779
1905.190	4.340	-48.267
1905.200	4.340	-48.267
1905.210	4.370	-48.340
1905.220	4.370	-48.047
1905.230	4.370	-47.974
1905.240	4.270	-48.120
1905.250	4.270	-47.754
1905.260	4.270	-47.900
1905.270	4.230	-47.754
1905.280	4.230	-47.388
1905.290	4.230	-47.021
1905.300	4.210	-47.021
1905.310	4.210	-46.655
1905.320	4.210	-46.289
1905.330	4.090	-46.289
1905.340	4.090	-45.996
1905.350	4.090	-45.703
1905.360	4.100	-45.703
1905.370	4.100	-45.483
1905.380	4.100	-45.483
1905.390	4.000	-45.483
1905.400	4.000	-45.190
1905.410	4.000	-44.531
1905.420	3.910	-44.531
1905.430	3.910	-44.385
1905.440	3.910	-43.945
1905.450	3.860	-43.945
1905.460	3.860	-43.726
1905.470	3.860	-42.993
1905.480	3.840	-42.993
1905.490	3.840	-42.773
1905.500	3.840	-42.773
1905.510	3.730	-42.627
1905.520	3.730	-42.407
1905.530	3.730	-41.748
1905.540	3.700	-41.748
1905.550	3.700	-41.309
1905.560	3.700	-40.942
1905.570	3.590	-40.942
1905.580	3.590	-40.796
1905.590	3.590	-39.771
1905.600	3.550	-39.771
1905.610	3.550	-39.478
1905.620	3.550	-39.258
1905.630	3.420	-39.478
1905.640	3.420	-39.038
1905.650	3.420	-38.672
1905.660	3.380	-38.672
1905.670	3.380	-38.013
1905.680	3.380	-37.793
1905.690	3.310	-37.793
1905.700	3.310	-37.354
1905.710	3.310	-36.841
1905.720	3.190	-36.987
1905.730	3.190	-36.182
1905.740	3.190	-35.962
1905.750	3.150	-35.889
1905.760	3.150	-35.522
1905.770	3.150	-35.303
1905.780	3.090	-35.010
1905.790	3.090	-34.497
1905.800	3.090	-34.424
1905.810	2.960	-34.204
1905.820	2.960	-33.398
1905.830	2.960	-33.618
1905.840	2.880	-33.105
1905.850	2.880	-32.593
1905.860	2.880	-32.446
1905.870	2.810	-32.080
1905.880	2.810	-31.421
1905.890	2.810	-31.348
1905.900	2.720	-30.908
1905.910	2.720	-30.542
1905.920	2.720	-30.396
1905.930	2.600	-29.810
1905.940	2.600	-29.810
1905.950	2.600	-29.517
1905.960	2.500	-28.931
1905.970	2.500	-28.564
1905.980	2.500	-28.345
1905.990	2.420	-28.198
1906.000	2.420	-27.612
1906.010	2.420	-27.466
1906.020	2.330	-27.246
1906.030	2.330	-26.880
1906.040	2.330	-26.147
1906.050	2.250	-26.074
1906.060	2.250	-25.562
1906.070	2.250	-25.488
1906.080	2.150	-25.122
1906.090	2.150	-24.536
1906.100	2.150	-24.316
1906.110	2.060	-23.950
1906.120	2.060	-23.291
1906.130	2.060	-22.998
1906.140	1.960	-22.559
1906.150	1.960	-22.192
1906.160	1.960	-21.680
1906.170	1.860	-21.313
1906.180	1.860	-21.094
1906.190	1.860	-20.581
1906.200	1.760	-20.508
1906.210	1.760	-19.702
1906.220	1.760	-19.556
1906.230	1.640	-19.189
1906.240	1.640	-19.043
1906.250	1.640	-18.457
1906.260	1.530	-18.384
1906.270	1.530	-17.944
1906.280	1.530	-17.358
1906.290	1.420	-17.139
1906.300	1.420	-16.553
1906.310	1.420	-16.333
1906.320	1.330	-16.113
1906.330	1.330	-15.381
1906.340	1.330	-15.088
1906.350	1.250	-14.868
1906.360	1.250	-14.136
1906.370	1.250	-13.916
1906.380	1.110	-13.550
1906.390	1.110	-13.257
1906.400	1.110	-12.598
1906.410	0.990	-12.305
1906.420	0.990	-11.719
1906.430	0.990	-11.353
1906.440	0.880	-11.133
1906.450	0.880	-10.474
1906.460	0.880	-10.254
1906.470	0.800	-9.741
1906.480	0.800	-9.302
1906.490	0.800	-8.789
1906.500	0.640	-8.716
1906.510	0.640	-8.130
1906.520	0.640	-7.544
1906.530	0.540	-7.251
1906.540	0.540	-6.738
1906.550	0.540	-6.372
1906.560	0.440	-5.933
1906.570	0.440	-5.420
1906.580	0.440	-5.054
1906.590	0.340	-4.541
1906.600	0.340	-4.102
1906.610	0.340	-3.955
1906.620	0.200	-3.662
1906.630	0.200	-3.223
1906.640	0.200	-2.271
1906.650	0.070	-2.271
1906.660	0.070	-1.904
1906.670	0.070	-1.099
1906.680	-0.040	-1.099
1906.690	-0.040	-0.659
1906.700	-0.040	0.659
1906.710	-0.140	0.659
1906.720	-0.140	1.099
1906.730	-0.140	1.904
1906.740	-0.290	1.904
1906.750	-0.290	2.271
1906.760	-0.290	2.710
1906.770	-0.400	3.369
1906.780	-0.400	3.662
1906.790	-0.400	3.955
1906.800	-0.520	4.175
1906.810	-0.520	4.614
1906.820	-0.520	5.054
1906.830	-0.590	5.420
1906.840	-0.590	6.006
1906.850	-0.590	6.665
1906.860	-0.710	6.665
1906.870	-0.710	7.104
1906.880	-0.710	8.130
1906.890	-0.840	8.130
1906.900	-0.840	8.569
1906.910	-0.840	9.229
1906.920	-0.930	9.229
1906.930	-0.930	9.595
1906.940	-0.930	10.254
1906.950	-1.040	10.254
1906.960	-1.040	10.986
1906.970	-1.040	11.133
1906.980	-1.150	11.572
1906.990	-1.150	11.938
1907.000	-1.150	12.378
1907.010	-1.280	13.110
1907.020	-1.280	13.037
1907.030	-1.280	13.623
1907.040	-1.340	13.989
1907.050	-1.340	14.209
1907.060	-1.340	14.502
1907.070	-1.430	15.015
1907.080	-1.430	15.308
1907.090	-1.430	15.527
1907.100	-1.520	15.894
1907.110	-1.520	16.187
1907.120	-1.520	16.846
1907.130	-1.630	16.846
1907.140	-1.630	17.139
1907.150	-1.630	17.725
1907.160	-1.710	18.018
1907.170	-1.710	18.311
1907.180	-1.710	18.384
1907.190	-1.810	18.970
1907.200	-1.810	19.043
1907.210	-1.810	19.409
1907.220	-1.890	19.629
1907.230	-1.890	20.215
1907.240	-1.890	20.435
1907.250	-1.970	20.874
1907.260	-1.970	21.094
1907.270	-1.970	21.387
1907.280	-2.080	22.119
1907.290	-2.080	22.192
1907.300	-2.080	22.852
1907.310	-2.160	23.071
1907.320	-2.160	23.291
1907.330	-2.160	23.657
1907.340	-2.240	23.877
1907.350	-2.240	24.243
1907.360	-2.240	24.829
1907.370	-2.360	24.829
1907.380	-2.360	25.049
1907.390	-2.360	25.854
1907.400	-2.440	25.854
1907.410	-2.440	26.074
1907.420	-2.440	26.807
1907.430	-2.530	26.807
1907.440	-2.530	27.539
1907.450	-2.530	27.979
1907.460	-2.630	27.979
1907.470	-2.630	28.491
1907.480	-2.630	28.857
1907.490	-2.720	28.857
1907.500	-2.720	29.443
1907.510	-2.720	30.029
1907.520	-2.810	30.029
1907.530	-2.810	30.615
1907.540	-2.810	30.908
1907.550	-2.910	30.908
1907.560	-2.910	31.787
1907.570	-2.910	32.007
1907.580	-2.990	32.007
1907.590	-2.990	32.666
1907.600	-2.990	32.886
1907.610	-3.100	33.179
1907.620	-3.100	33.472
1907.630	-3.100	34.204
1907.640	-3.170	34.204
1907.650	-3.170	34.863
1907.660	-3.170	35.156
1907.670	-3.270	35.156
1907.680	-3.270	35.889
1907.690	-3.270	36.255
1907.700	-3.380	36.255
1907.710	-3.380	36.475
1907.720	-3.380	37.427
1907.730	-3.460	37.646
1907.740	-3.460	37.646
1907.750	-3.460	38.452
1907.760	-3.520	38.452
1907.770	-3.520	38.892
1907.780	-3.520	39.331
1907.790	-3.640	39.331
1907.800	-3.640	39.697
1907.810	-3.640	40.210
1907.820	-3.750	40.503
1907.830	-3.750	40.576
1907.840	-3.750	40.869
1907.850	-3.830	41.455
1907.860	-3.830	41.675
1907.870	-3.830	41.675
1907.880	-3.900	42.554
1907.890	-3.900	42.480
1907.900	-3.900	42.773
1907.910	-4.000	43.140
1907.920	-4.000	43.506
1907.930	-4.000	43.945
1907.940	-4.100	44.385
1907.950	-4.100	44.458
1907.960	-4.100	44.824
1907.970	-4.190	45.483
1907.980	-4.190	45.557
1907.990	-4.190	45.996
1908.000	-4.250	46.362
1908.010	-4.250	46.436
1908.020	-4.250	46.655
1908.030	-4.350	47.021
1908.040	-4.350	47.095
1908.050	-4.350	47.388
1908.060	-4.440	47.681
1908.070	-4.440	47.827
1908.080	-4.440	48.340
1908.090	-4.520	48.999
1908.100	-4.520	49.072
1908.110	-4.520	49.438
1908.120	-4.590	49.878
1908.130	-4.590	49.878
1908.140	-4.590	50.391
1908.150	-4.650	51.050
1908.160	-4.650	50.977
1908.170	-4.650	51.123
1908.180	-4.730	51.196
1908.190	-4.730	51.416
1908.200	-4.730	51.782
1908.210	-4.830	52.222
1908.220	-4.830	52.295
1908.230	-4.830	52.808
1908.240	-4.890	52.881
1908.250	-4.890	53.467
1908.260	-4.890	53.467
1908.270	-4.960	53.979
1908.280	-4.960	54.272
1908.290	-4.960	54.346
1908.300	-5.000	54.492
1908.310	-5.000	54.785
1908.320	-5.000	55.005
1908.330	-5.090	55.518
1908.340	-5.090	55.664
1908.350	-5.090	55.957
1908.360	-5.170	56.396
1908.370	-5.170	56.323
1908.380	-5.170	56.689
1908.390	-5.190	56.836
1908.400	-5.190	57.129
1908.410	-5.190	57.275
1908.420	-5.300	57.935
1908.430	-5.300	57.495
1908.440	-5.300	58.081
1908.450	-5.310	58.374
1908.460	-5.310	58.301
1908.470	-5.310	58.521
1908.480	-5.370	58.960
1908.490	-5.370	59.106
1908.500	-5.370	59.473
1908.510	-5.450	59.766
1908.520	-5.450	59.619
1908.530	-5.450	60.352
1908.540	-5.480	60.278
1908.550	-5.480	60.718
1908.560	-5.480	60.937
1908.570	-5.590	61.157
1908.580	-5.590	61.157
1908.590	-5.590	61.450
1908.600	-5.610	61.450
1908.610	-5.610	61.670
1908.620	-5.610	62.036
1908.630	-5.670	61.963
1908.640	-5.670	62.402
1908.650	-5.670	62.549
1908.660	-5.750	62.402
1908.670	-5.750	62.988
1908.680	-5.750	63.208
1908.690	-5.760	63.501
1908.700	-5.760	63.647
1908.710	-5.760	63.721
1908.720	-5.850	64.087
1908.730	-5.850	64.380
1908.740	-5.850	64.160
1908.750	-5.870	64.673
1908.760	-5.870	64.893
1908.770	-5.870	65.039
1908.780	-5.950	65.405
1908.790	-5.950	65.112
1908.800	-5.950	65.552
1908.810	-6.010	65.845
1908.820	-6.010	65.771
1908.830	-6.010	65.991
1908.840	-6.010	66.797
1908.850	-6.010	66.504
1908.860	-6.010	66.504
1908.870	-6.080	66.943
1908.880	-6.080	66.504
1908.890	-6.080	67.163
1908.900	-6.160	67.310
1908.910	-6.160	67.456
1908.920	-6.160	67.603
1908.930	-6.190	67.969
1908.940	-6.190	67.749
1908.950	-6.190	67.896
1908.960	-6.200	68.701
1908.970	-6.200	68.042
1908.980	-6.200	68.628
1908.990	-6.280	68.848
1909.000	-6.280	68.774
1909.010	-6.280	68.994
1909.020	-6.340	68.994
1909.030	-6.340	68.774
1909.040	-6.340	69.141
1909.050	-6.350	68.994
1909.060	-6.350	69.507
1909.070	-6.350	69.507
1909.080	-6.340	69.800
1909.090	-6.340	69.507
1909.100	-6.340	69.873
1909.110	-6.360	70.386
1909.120	-6.360	70.020
1909.130	-6.360	70.166
1909.140	-6.400	70.752
1909.150	-6.400	70.459
1909.160	-6.400	70.532
1909.170	-6.480	70.679
1909.180	-6.480	70.532
1909.190	-6.480	70.679
1909.200	-6.480	70.972
1909.210	-6.480	70.605
1909.220	-6.480	70.825
1909.230	-6.480	71.558
1909.240	-6.480	71.045
1909.250	-6.480	71.191
1909.260	-6.470	71.411
1909.270	-6.470	71.338
1909.280	-6.470	71.338
1909.290	-6.470	71.851
1909.300	-6.470	71.338
1909.310	-6.470	71.777
1909.320	-6.480	71.851
1909.330	-6.480	71.411
1909.340	-6.480	71.411
1909.350	-6.490	72.070
1909.360	-6.490	71.631
1909.370	-6.490	71.704
1909.380	-6.510	71.704
1909.390	-6.510	71.851
1909.400	-6.510	72.144
1909.410	-6.570	72.144
1909.420	-6.570	72.144
1909.430	-6.570	72.437
1909.440	-6.570	72.437
1909.450	-6.570	71.924
1909.460	-6.570	71.924
1909.470	-6.570	71.924
1909.480	-6.570	72.363
1909.490	-6.570	72.290
1909.500	-6.570	72.290
1909.510	-6.570	71.924
1909.520	-6.570	72.290
1909.530	-6.570	72.290
1909.540	-6.570	72.290
1909.550	-6.570	72.363
1909.560	-6.570	72.363
1909.570	-6.570	72.583
1909.580	-6.570	72.363
1909.590	-6.570	72.363
1909.600	-6.570	71.997
1909.610	-6.570	72.144
1909.620	-6.560	72.144
1909.630	-6.560	72.363
1909.640	-6.560	72.437
1909.650	-6.500	72.437
1909.660	-6.500	72.437
1909.670	-6.500	72.437
1909.680	-6.500	72.437
1909.690	-6.500	72.290
1909.700	-6.500	72.070
1909.710	-6.500	72.070
1909.720	-6.500	72.217
1909.730	-6.500	71.997
1909.740	-6.490	71.997
1909.750	-6.490	71.777
1909.760	-6.490	71.704
1909.770	-6.480	71.704
1909.780	-6.480	71.924
1909.790	-6.480	71.924
1909.800	-6.470	71.924
1909.810	-6.470	71.851
1909.820	-6.470	71.924
1909.830	-6.450	71.924
1909.840	-6.450	71.631
1909.850	-6.450	71.265
1909.860	-6.440	71.265
1909.870	-6.440	71.338
1909.880	-6.440	70.972
1909.890	-6.510	70.972
1909.900	-6.510	70.752
1909.910	-6.510	70.752
1909.920	-6.490	70.752
1909.930	-6.490	70.532
1909.940	-6.490	70.532
1909.950	-6.460	70.825
1909.960	-6.460	70.459
1909.970	-6.460	70.386
1909.980	-6.430	70.312
1909.990	-6.430	70.020
1910.000	-6.430	70.020
1910.010	-6.390	70.020
1910.020	-6.390	69.873
1910.030	-6.390	69.727
1910.040	-6.340	69.873
1910.050	-6.340	69.141
1910.060	-6.340	69.360
1910.070	-6.290	69.067
1910.080	-6.290	68.921
1910.090	-6.290	68.555
1910.100	-6.230	68.921
1910.110	-6.230	68.408
1910.120	-6.230	68.408
1910.130	-6.140	68.408
1910.140	-6.140	67.896
1910.150	-6.140	68.042
1910.160	-6.110	68.042
1910.170	-6.110	67.969
1910.180	-6.110	67.603
1910.190	-6.090	67.749
1910.200	-6.090	67.163
1910.210	-6.090	67.236
1910.220	-6.060	67.310
1910.230	-6.060	66.650
1910.240	-6.060	66.650
1910.250	-6.020	66.504
1910.260	-6.020	66.138
1910.270	-6.020	66.064
1910.280	-5.960	66.284
1910.290	-5.960	65.845
1910.300	-5.960	65.625
1910.310	-5.880	65.405
1910.320	-5.880	64.746
1910.330	-5.880	64.819
1910.340	-5.820	64.966
1910.350	-5.820	64.673
1910.360	-5.820	64.160
1910.370	-5.800	64.160
1910.380	-5.800	63.721
1910.390	-5.800	63.281
1910.400	-5.760	63.721
1910.410	-5.760	63.428
1910.420	-5.760	62.988
1910.430	-5.670	63.208
1910.440	-5.670	62.549
1910.450	-5.670	62.109
1910.460	-5.580	62.695
1910.470	-5.580	61.963
1910.480	-5.580	61.743
1910.490	-5.520	62.109
1910.500	-5.520	61.084
1910.510	-5.520	61.011
1910.520	-5.510	61.230
1910.530	-5.510	60.791
1910.540	-5.510	60.498
1910.550	-5.440	60.571
1910.560	-5.440	59.546
1910.570	-5.440	59.839
1910.580	-5.330	59.985
1910.590	-5.330	59.180
1910.600	-5.330	59.180
1910.610	-5.320	58.887
1910.620	-5.320	58.447
1910.630	-5.320	58.228
1910.640	-5.240	57.935
1910.650	-5.240	57.715
1910.660	-5.240	57.715
1910.670	-5.120	57.202
1910.680	-5.120	56.689
1910.690	-5.120	56.323
1910.700	-5.110	56.323
1910.710	-5.110	56.104
1910.720	-5.110	55.737
1910.730	-5.000	55.737
1910.740	-5.000	55.444
1910.750	-5.000	54.639
1910.760	-4.930	54.639
1910.770	-4.930	54.565
1910.780	-4.930	54.053
1910.790	-4.880	54.053
1910.800	-4.880	53.687
1910.810	-4.880	53.027
1910.820	-4.730	53.027
1910.830	-4.730	52.515
1910.840	-4.730	51.929
1910.850	-4.710	51.929
1910.860	-4.710	51.929
1910.870	-4.710	51.270
1910.880	-4.620	51.270
1910.890	-4.620	50.977
1910.900	-4.620	50.610
1910.910	-4.540	50.171
1910.920	-4.540	49.878
1910.930	-4.540	49.805
1910.940	-4.450	49.512
1910.950	-4.450	49.146
1910.960	-4.450	48.633
1910.970	-4.330	48.193
1910.980	-4.330	47.827
1910.990	-4.330	47.534
1911.000	-4.280	47.388
1911.010	-4.280	46.948
1911.020	-4.280	46.655
1911.030	-4.130	46.216
1911.040	-4.130	45.923
1911.050	-4.130	45.483
1911.060	-4.050	45.337
1911.070	-4.050	44.604
1911.080	-4.050	44.312
1911.090	-3.980	44.019
1911.100	-3.980	43.652
1911.110	-3.980	43.359
1911.120	-3.870	42.993
1911.130	-3.870	42.554
1911.140	-3.870	42.187
1911.150	-3.730	41.821
1911.160	-3.730	41.162
1911.170	-3.730	41.309
1911.180	-3.640	41.016
1911.190	-3.640	40.356
1911.200	-3.640	39.917
1911.210	-3.550	39.331
1911.220	-3.550	39.038
1911.230	-3.550	38.232
1911.240	-3.440	38.232
1911.250	-3.440	38.086
1911.260	-3.440	37.207
1911.270	-3.310	37.207
1911.280	-3.310	36.475
1911.290	-3.310	35.742
1911.300	-3.210	35.742
1911.310	-3.210	35.156
1911.320	-3.210	34.424
1911.330	-3.090	34.424
1911.340	-3.090	34.351
1911.350	-3.090	33.691
1911.360	-2.960	33.691
1911.370	-2.960	33.032
1911.380	-2.960	32.593
1911.390	-2.850	32.153
1911.400	-2.850	31.934
1911.410	-2.850	31.201
1911.420	-2.730	30.835
1911.430	-2.730	30.615
1911.440	-2.730	29.810
1911.450	-2.610	29.810
1911.460	-2.610	29.150
1911.470	-2.610	28.491
1911.480	-2.490	28.345
1911.490	-2.490	27.759
1911.500	-2.490	27.173
1911.510	-2.370	26.733
1911.520	-2.370	26.440
1911.530	-2.370	25.928
1911.540	-2.270	25.854
1911.550	-2.270	24.829
1911.560	-2.270	24.536
1911.570	-2.130	24.243
1911.580	-2.130	23.730
1911.590	-2.130	23.291
1911.600	-2.020	22.998
1911.610	-2.020	22.559
1911.620	-2.020	22.119
1911.630	-1.890	21.753
1911.640	-1.890	20.654
1911.650	-1.890	20.654
1911.660	-1.750	20.215
1911.670	-1.750	19.775
1911.680	-1.750	19.116
1911.690	-1.640	18.677
1911.700	-1.640	18.164
1911.710	-1.640	17.871
1911.720	-1.540	16.992
1911.730	-1.540	16.626
1911.740	-1.540	16.553
1911.750	-1.360	15.894
1911.760	-1.360	15.161
1911.770	-1.360	14.795
1911.780	-1.250	14.648
1911.790	-1.250	14.062
1911.800	-1.250	13.623
1911.810	-1.150	12.964
1911.820	-1.150	12.891
1911.830	-1.150	12.158
1911.840	-1.010	11.572
1911.850	-1.010	11.353
1911.860	-1.010	10.986
1911.870	-0.850	10.620
1911.880	-0.850	9.888
1911.890	-0.850	9.448
1911.900	-0.750	8.936
1911.910	-0.750	8.643
1911.920	-0.750	7.983
1911.930	-0.630	7.617
1911.940	-0.630	7.397
1911.950	-0.630	6.738
1911.960	-0.500	6.299
1911.970	-0.500	5.493
1911.980	-0.500	5.054
1911.990	-0.360	4.761
1912.000	-0.360	4.102
1912.010	-0.360	3.516
1912.020	-0.250	3.149
1912.030	-0.250	2.783
1912.040	-0.250	2.197
1912.050	-0.120	1.685
1912.060	-0.120	1.245
1912.070	-0.120	0.879
1912.080	0.010	0.366
1912.090	0.010	0.000
1912.100	0.010	-0.366
1912.110	0.140	-0.732
1912.120	0.140	-1.099
1912.130	0.140	-1.611
1912.140	0.280	-2.124
1912.150	0.280	-2.637
1912.160	0.280	-3.076
1912.170	0.400	-3.442
1912.180	0.400	-3.882
1912.190	0.400	-4.541
1912.200	0.510	-4.834
1912.210	0.510	-5.200
1912.220	0.510	-5.859
1912.230	0.600	-6.299
1912.240	0.600	-6.519
1912.250	0.600	-7.104
1912.260	0.670	-7.251
1912.270	0.670	-7.544
1912.280	0.670	-7.910
1912.290	0.770	-7.983
1912.300	0.770	-8.716
1912.310	0.770	-9.229
1912.320	0.860	-9.229
1912.330	0.860	-9.521
1912.340	0.860	-9.961
1912.350	0.950	-9.961
1912.360	0.950	-10.400
1912.370	0.950	-11.206
1912.380	1.030	-11.206
1912.390	1.030	-11.426
1912.400	1.030	-11.646
1912.410	1.120	-12.158
1912.420	1.120	-12.524
1912.430	1.120	-12.817
1912.440	1.220	-12.817
1912.450	1.220	-13.477
1912.460	1.220	-13.989
1912.470	1.320	-13.989
1912.480	1.320	-14.502
1912.490	1.320	-14.941
1912.500	1.400	-14.941
1912.510	1.400	-15.454
1912.520	1.400	-16.187
1912.530	1.490	-16.187
1912.540	1.490	-16.479
1912.550	1.490	-17.432
1912.560	1.580	-17.432
1912.570	1.580	-17.505
1912.580	1.580	-18.237
1912.590	1.680	-18.237
1912.600	1.680	-18.457
1912.610	1.680	-18.823
1912.620	1.750	-19.409
1912.630	1.750	-19.775
1912.640	1.750	-19.849
1912.650	1.860	-20.142
1912.660	1.860	-20.215
1912.670	1.860	-20.728
1912.680	1.930	-21.094
1912.690	1.930	-21.387
1912.700	1.930	-21.753
1912.710	2.040	-21.973
1912.720	2.040	-22.119
1912.730	2.040	-22.339
1912.740	2.100	-22.925
1912.750	2.100	-23.437
1912.760	2.100	-23.804
1912.770	2.210	-24.243
1912.780	2.210	-24.390
1912.790	2.210	-24.902
1912.800	2.270	-25.122
1912.810	2.270	-25.342
1912.820	2.270	-25.781
1912.830	2.380	-26.147
1912.840	2.380	-26.514
1912.850	2.380	-26.587
1912.860	2.490	-27.100
1912.870	2.490	-27.100
1912.880	2.490	-27.539
1912.890	2.540	-28.125
1912.900	2.540	-28.271
1912.910	2.540	-28.491
1912.920	2.620	-29.297
1912.930	2.620	-29.370
1912.940	2.620	-29.370
1912.950	2.750	-30.176
1912.960	2.750	-30.103
1912.970	2.750	-30.469
1912.980	2.810	-31.201
1912.990	2.810	-30.762
1913.000	2.810	-31.201
1913.010	2.850	-32.080
1913.020	2.850	-31.567
1913.030	2.850	-32.227
1913.040	2.960	-32.739
1913.050	2.960	-32.739
1913.060	2.960	-33.179
1913.070	3.080	-33.545
1913.080	3.080	-33.398
1913.090	3.080	-34.277
1913.100	3.140	-34.570
1913.110	3.140	-34.424
1913.120	3.140	-35.010
1913.130	3.210	-35.522
1913.140	3.210	-35.522
1913.150	3.210	-35.669
1913.160	3.310	-36.182
1913.170	3.310	-36.475
1913.180	3.310	-36.694
1913.190	3.390	-36.694
1913.200	3.390	-37.207
1913.210	3.390	-37.646
1913.220	3.450	-37.646
1913.230	3.450	-37.720
1913.240	3.450	-38.452
1913.250	3.530	-38.452
1913.260	3.530	-38.818
1913.270	3.530	-39.185
1913.280	3.620	-39.185
1913.290	3.620	-39.624
1913.300	3.620	-40.210
1913.310	3.690	-40.210
1913.320	3.690	-40.576
1913.330	3.690	-40.723
1913.340	3.740	-40.723
1913.350	3.740	-41.309
1913.360	3.740	-41.455
1913.370	3.790	-41.455
1913.380	3.790	-41.968
1913.390	3.790	-42.187
1913.400	3.850	-42.554
1913.410	3.850	-42.700
1913.420	3.850	-43.359
1913.430	3.910	-43.359
1913.440	3.910	-43.799
1913.450	3.910	-44.092
1913.460	3.980	-44.092
1913.470	3.980	-44.312
1913.480	3.980	-44.604
1913.490	4.070	-44.604
1913.500	4.070	-44.751
1913.510	4.070	-44.971
1913.520	4.110	-44.971
1913.530	4.110	-45.190
1913.540	4.110	-45.337
1913.550	4.140	-45.776
1913.560	4.140	-45.996
1913.570	4.140	-46.289
1913.580	4.210	-46.655
1913.590	4.210	-46.802
1913.600	4.210	-46.948
1913.610	4.300	-47.314
1913.620	4.300	-47.461
1913.630	4.300	-47.607
1913.640	4.290	-48.120
1913.650	4.290	-48.047
1913.660	4.290	-48.267
1913.670	4.330	-48.560
1913.680	4.330	-48.486
1913.690	4.330	-48.633
1913.700	4.410	-48.926
1913.710	4.410	-48.779
1913.720	4.410	-48.853
1913.730	4.440	-49.219
1913.740	4.440	-48.999
1913.750	4.440	-49.438
1913.760	4.480	-49.658
1913.770	4.480	-49.658
1913.780	4.480	-49.731
1913.790	4.560	-50.464
1913.800	4.560	-50.464
1913.810	4.560	-50.903
1913.820	4.540	-51.050
1913.830	4.540	-50.903
1913.840	4.540	-51.050
1913.850	4.640	-51.343
1913.860	4.640	-51.343
1913.870	4.640	-51.489
1913.880	4.620	-51.855
1913.890	4.620	-51.562
1913.900	4.620	-52.002
1913.910	4.690	-51.855
1913.920	4.690	-51.855
1913.930	4.690	-52.515
1913.940	4.720	-52.515
1913.950	4.720	-52.368
1913.960	4.720	-52.808
1913.970	4.760	-52.808
1913.980	4.760	-53.027
1913.990	4.760	-53.101
1914.000	4.780	-53.027
1914.010	4.780	-53.394
1914.020	4.780	-53.613
1914.030	4.840	-53.906
1914.040	4.840	-53.833
1914.050	4.840	-53.833
1914.060	4.820	-54.126
1914.070	4.820	-54.053
1914.080	4.820	-53.906
1914.090	4.910	-54.272
1914.100	4.910	-54.346
1914.110	4.910	-54.419
1914.120	4.890	-54.565
1914.130	4.890	-54.565
1914.140	4.890	-54.565
1914.150	4.960	-55.005
1914.160	4.960	-55.225
1914.170	4.960	-55.005
1914.180	4.930	-55.371
1914.190	4.930	-55.225
1914.200	4.930	-55.225
1914.210	5.010	-55.811
1914.220	5.010	-55.664
1914.230	5.010	-55.591
1914.240	5.030	-56.030
1914.250	5.030	-55.664
1914.260	5.030	-55.957
1914.270	5.010	-56.250
1914.280	5.010	-55.884
1914.290	5.010	-56.250
1914.300	5.090	-56.396
1914.310	5.090	-56.177
1914.320	5.090	-56.250
1914.330	5.080	-56.689
1914.340	5.080	-56.323
1914.350	5.080	-56.543
1914.360	5.070	-56.689
1914.370	5.070	-56.396
1914.380	5.070	-56.763
1914.390	5.130	-56.763
1914.400	5.130	-56.763
1914.410	5.130	-56.689
1914.420	5.090	-56.836
1914.430	5.090	-56.689
1914.440	5.090	-56.836
1914.450	5.150	-57.129
1914.460	5.150	-56.543
1914.470	5.150	-56.689
1914.480	5.170	-57.129
1914.490	5.170	-56.909
1914.500	5.170	-57.129
1914.510	5.120	-56.763
1914.520	5.120	-56.836
1914.530	5.120	-56.909
1914.540	5.140	-57.349
1914.550	5.140	-56.909
1914.560	5.140	-57.422
1914.570	5.170	-57.422
1914.580	5.170	-56.836
1914.590	5.170	-56.763
1914.600	5.170	-56.763
1914.610	5.170	-56.982
1914.620	5.170	-56.982
1914.630	5.150	-56.982
1914.640	5.150	-56.836
1914.650	5.150	-57.056
1914.660	5.130	-57.056
1914.670	5.130	-56.836
1914.680	5.130	-56.909
1914.690	5.070	-56.836
1914.700	5.070	-56.689
1914.710	5.070	-56.909
1914.720	5.090	-56.982
1914.730	5.090	-57.056
1914.740	5.090	-56.616
1914.750	5.090	-56.689
1914.760	5.090	-56.616
1914.770	5.090	-56.396
1914.780	5.020	-56.763
1914.790	5.020	-56.323
1914.800	5.020	-56.250
1914.810	5.000	-56.177
1914.820	5.000	-55.811
1914.830	5.000	-55.664
1914.840	5.010	-56.104
1914.850	5.010	-55.811
1914.860	5.010	-55.591
1914.870	4.940	-55.811
1914.880	4.940	-55.151
1914.890	4.940	-55.518
1914.900	4.960	-55.737
1914.910	4.960	-55.225
1914.920	4.960	-55.371
1914.930	4.930	-55.225
1914.940	4.930	-54.565
1914.950	4.930	-55.005
1914.960	4.850	-55.151
1914.970	4.850	-54.565
1914.980	4.850	-54.565
1914.990	4.870	-54.272
1915.000	4.870	-53.979
1915.010	4.870	-54.199
1915.020	4.830	-54.272
1915.030	4.830	-53.979
1915.040	4.830	-53.760
1915.050	4.740	-53.540
1915.060	4.740	-53.394
1915.070	4.740	-53.467
1915.080	4.770	-53.394
1915.090	4.770	-53.247
1915.100	4.770	-53.320
1915.110	4.670	-53.027
1915.120	4.670	-52.222
1915.130	4.670	-52.295
1915.140	4.690	-52.515
1915.150	4.690	-52.368
1915.160	4.690	-51.929
1915.170	4.640	-51.929
1915.180	4.640	-51.636
1915.190	4.640	-51.343
1915.200	4.560	-51.343
1915.210	4.560	-51.270
1915.220	4.560	-51.123
1915.230	4.570	-51.123
1915.240	4.570	-50.757
1915.250	4.570	-50.537
1915.260	4.470	-50.903
1915.270	4.470	-50.464
1915.280	4.470	-50.391
1915.290	4.470	-49.951
1915.300	4.470	-49.878
1915.310	4.470	-49.585
1915.320	4.380	-49.805
1915.330	4.380	-49.438
1915.340	4.380	-49.292
1915.350	4.390	-49.292
1915.360	4.390	-48.560
1915.370	4.390	-48.486
1915.380	4.290	-48.486
1915.390	4.290	-48.193
1915.400	4.290	-48.120
1915.410	4.280	-48.193
1915.420	4.280	-47.681
1915.430	4.280	-47.534
1915.440	4.180	-47.388
1915.450	4.180	-46.875
1915.460	4.180	-46.729
1915.470	4.180	-46.802
1915.480	4.180	-46.289
1915.490	4.180	-46.216
1915.500	4.060	-45.850
1915.510	4.060	-45.337
1915.520	4.060	-45.190
1915.530	4.050	-45.410
1915.540	4.050	-45.044
1915.550	4.050	-44.824
1915.560	3.980	-44.458
1915.570	3.980	-44.092
1915.580	3.980	-44.092
1915.590	3.890	-44.092
1915.600	3.890	-43.872
1915.610	3.890	-43.579
1915.620	3.860	-42.993
1915.630	3.860	-42.480
1915.640	3.860	-42.480
1915.650	3.740	-42.554
1915.660	3.740	-42.187
1915.670	3.740	-41.895
1915.680	3.690	-41.748
1915.690	3.690	-40.942
1915.700	3.690	-40.576
1915.710	3.650	-40.723
1915.720	3.650	-40.649
1915.730	3.650	-40.283
1915.740	3.520	-40.063
1915.750	3.520	-39.624
1915.760	3.520	-39.331
1915.770	3.440	-39.258
1915.780	3.440	-38.525
1915.790	3.440	-38.599
1915.800	3.370	-38.525
1915.810	3.370	-37.793
1915.820	3.370	-37.573
1915.830	3.320	-37.354
1915.840	3.320	-36.914
1915.850	3.320	-36.328
1915.860	3.210	-36.548
1915.870	3.210	-35.815
1915.880	3.210	-35.962
1915.890	3.100	-35.303
1915.900	3.100	-34.717
1915.910	3.100	-34.204
1915.920	3.000	-34.204
1915.930	3.000	-33.984
1915.940	3.000	-33.398
1915.950	2.910	-33.398
1915.960	2.910	-32.959
1915.970	2.910	-32.080
1915.980	2.830	-32.080
1915.990	2.830	-32.080
1916.000	2.830	-31.860
1916.010	2.740	-31.201
1916.020	2.740	-31.128
1916.030	2.740	-30.908
1916.040	2.640	-30.249
1916.050	2.640	-29.883
1916.060	2.640	-29.443
1916.070	2.540	-29.150
1916.080	2.540	-29.004
1916.090	2.540	-28.418
1916.100	2.430	-28.125
1916.110	2.430	-27.612
1916.120	2.430	-27.246
1916.130	2.330	-26.660
1916.140	2.330	-26.367
1916.150	2.330	-26.074
1916.160	2.220	-25.635
1916.170	2.220	-25.269
1916.180	2.220	-24.683
1916.190	2.100	-24.390
1916.200	2.100	-23.804
1916.210	2.100	-23.730
1916.220	1.980	-23.364
1916.230	1.980	-22.852
1916.240	1.980	-22.632
1916.250	1.840	-22.339
1916.260	1.840	-22.046
1916.270	1.840	-21.240
1916.280	1.820	-20.874
1916.290	1.820	-20.581
1916.300	1.820	-20.361
1916.310	1.700	-19.995
1916.320	1.700	-19.189
1916.330	1.700	-18.896
1916.340	1.560	-18.677
1916.350	1.560	-17.871
1916.360	1.560	-17.432
1916.370	1.450	-17.578
1916.380	1.450	-16.846
1916.390	1.450	-16.333
1916.400	1.360	-16.040
1916.410	1.360	-15.161
1916.420	1.360	-15.308
1916.430	1.210	-14.795
1916.440	1.210	-14.209
1916.450	1.210	-13.843
1916.460	1.070	-13.477
1916.470	1.070	-12.671
1916.480	1.070	-12.817
1916.490	1.010	-12.158
1916.500	1.010	-11.572
1916.510	1.010	-11.353
1916.520	0.880	-10.767
1916.530	0.880	-10.547
1916.540	0.880	-9.814
1916.550	0.770	-9.448
1916.560	0.770	-8.936
1916.570	0.770	-8.569
