% Time (s)	Gyro Output (rads/s)	Input Rate (RPM)	%9/1/20201:33 PM
0.000	0.000	0.000
1219.230	-0.020	0.000
1219.240	-0.020	0.000
1219.250	-0.020	0.000
1219.260	-0.020	0.000
1219.270	-0.020	0.000
1219.280	-0.020	0.000
1219.290	-0.020	0.000
1219.300	-0.020	0.000
1219.310	-0.020	0.000
1219.320	-0.030	0.000
1219.330	-0.030	0.000
1219.340	-0.030	0.000
1219.350	-0.020	0.000
1219.360	-0.020	0.000
1219.370	-0.020	0.000
1219.380	-0.020	0.000
1219.390	-0.020	0.000
1219.400	-0.020	0.000
1219.410	-0.030	0.000
1219.420	-0.030	0.000
1219.430	-0.030	0.000
1219.440	-0.030	0.000
1219.450	-0.030	0.000
1219.460	-0.030	0.000
1219.470	-0.030	0.000
1219.480	-0.030	0.000
1219.490	-0.030	0.000
1219.500	-0.020	0.000
1219.510	-0.020	0.000
1219.520	-0.020	0.000
1219.530	-0.020	0.000
1219.540	-0.020	0.000
1219.550	-0.020	0.000
1219.560	-0.030	0.000
1219.570	-0.030	0.000
1219.580	-0.030	0.000
1219.590	-0.030	0.000
1219.600	-0.030	0.000
1219.610	-0.030	0.000
1219.620	-0.030	0.000
1219.630	-0.030	0.000
1219.640	-0.030	0.000
1219.650	-0.030	0.000
1219.660	-0.030	0.000
1219.670	-0.030	0.000
1219.680	-0.030	0.000
1219.690	-0.030	0.000
1219.700	-0.030	0.000
1219.710	-0.020	0.000
1219.720	-0.020	0.000
1219.730	-0.020	0.000
1219.740	-0.020	0.000
1219.750	-0.020	0.000
1219.760	-0.020	0.000
1219.770	-0.030	0.000
1219.780	-0.030	0.000
1219.790	-0.030	0.000
1219.800	-0.020	0.000
1219.810	-0.020	0.000
1219.820	-0.020	0.000
1219.830	-0.030	0.000
1219.840	-0.030	0.000
1219.850	-0.030	0.000
1219.860	-0.030	0.000
1219.870	-0.030	0.000
1219.880	-0.030	0.000
1219.890	-0.020	0.000
1219.900	-0.020	0.000
1219.910	-0.020	0.000
1219.920	-0.030	0.000
1219.930	-0.030	0.000
1219.940	-0.030	0.000
1219.950	-0.020	0.000
1219.960	-0.020	0.000
1219.970	-0.020	0.000
1219.980	-0.030	0.000
1219.990	-0.030	0.000
1220.000	-0.030	0.000
1220.010	-0.020	0.000
1220.020	-0.020	0.000
1220.030	-0.020	0.000
1220.040	-0.020	0.000
1220.050	-0.020	0.000
1220.060	-0.020	0.000
1220.070	-0.020	0.000
1220.080	-0.020	0.000
1220.090	-0.020	0.000
1220.100	-0.030	0.000
1220.110	-0.030	0.000
1220.120	-0.030	0.000
1220.130	-0.030	0.000
1220.140	-0.030	0.000
1220.150	-0.030	0.000
1220.160	-0.030	0.000
1220.170	-0.030	0.000
1220.180	-0.030	0.000
1220.190	-0.030	0.000
1220.200	-0.030	0.000
1220.210	-0.030	0.000
1220.220	-0.030	0.000
1220.230	-0.030	0.000
1220.240	-0.030	0.000
1220.250	-0.030	0.000
1220.260	-0.030	0.000
1220.270	-0.030	0.000
1220.280	-0.020	0.000
1220.290	-0.020	0.000
1220.300	-0.020	0.000
1220.310	-0.030	0.000
1220.320	-0.030	0.000
1220.330	-0.030	0.000
1220.340	-0.030	0.000
1220.350	-0.030	0.000
1220.360	-0.030	0.000
1220.370	-0.030	0.000
1220.380	-0.030	0.000
1220.390	-0.030	0.000
1220.400	-0.030	0.000
1220.410	-0.030	0.000
1220.420	-0.030	0.000
1220.430	-0.030	0.000
1220.440	-0.030	0.000
1220.450	-0.030	0.000
1220.460	-0.030	0.000
1220.470	-0.030	0.000
1222.630	-0.030	0.000
1222.640	-0.030	0.000
1222.650	-0.030	0.000
1222.660	-0.030	0.000
1222.670	-0.030	0.000
1222.680	-0.020	0.000
1222.690	-0.020	0.000
1222.700	-0.020	0.000
1222.710	-0.020	0.000
1222.720	-0.020	0.073
1222.730	-0.020	0.146
1222.740	-0.050	0.146
1222.750	-0.050	0.220
1222.760	-0.050	0.366
1222.770	-0.080	0.439
1222.780	-0.080	0.513
1222.790	-0.080	0.659
1222.800	-0.110	0.732
1222.810	-0.110	0.879
1222.820	-0.110	0.952
1222.830	-0.140	1.025
1222.840	-0.140	1.172
1222.850	-0.140	1.172
1222.860	-0.180	1.172
1222.870	-0.180	1.245
1222.880	-0.180	1.465
1222.890	-0.220	1.465
1222.900	-0.220	1.685
1222.910	-0.220	2.197
1222.920	-0.270	2.197
1222.930	-0.270	2.417
1222.940	-0.270	2.783
1222.950	-0.310	2.783
1222.960	-0.310	3.003
1222.970	-0.310	3.662
1222.980	-0.370	3.662
1222.990	-0.370	3.809
1223.000	-0.370	3.809
1223.010	-0.430	3.809
1223.020	-0.430	4.175
1223.030	-0.430	4.687
1223.040	-0.500	4.687
1223.050	-0.500	4.980
1223.060	-0.500	5.420
1223.070	-0.570	5.420
1223.080	-0.570	5.420
1223.090	-0.570	6.372
1223.100	-0.650	6.372
1223.110	-0.650	6.738
1223.120	-0.650	7.178
1223.130	-0.740	7.178
1223.140	-0.740	7.397
1223.150	-0.740	8.130
1223.160	-0.830	8.130
1223.170	-0.830	8.643
1223.180	-0.830	9.302
1223.190	-0.930	9.302
1223.200	-0.930	9.741
1223.210	-0.930	10.107
1223.220	-1.010	10.400
1223.230	-1.010	10.620
1223.240	-1.010	11.206
1223.250	-1.130	11.353
1223.260	-1.130	11.646
1223.270	-1.130	11.938
1223.280	-1.220	12.378
1223.290	-1.220	12.964
1223.300	-1.220	12.891
1223.310	-1.320	13.477
1223.320	-1.320	13.770
1223.330	-1.320	14.136
1223.340	-1.460	14.648
1223.350	-1.460	15.088
1223.360	-1.460	15.747
1223.370	-1.570	16.260
1223.380	-1.570	16.406
1223.390	-1.570	16.919
1223.400	-1.690	17.578
1223.410	-1.690	17.944
1223.420	-1.690	18.457
1223.430	-1.820	18.896
1223.440	-1.820	19.189
1223.450	-1.820	19.409
1223.460	-1.920	19.995
1223.470	-1.920	20.142
1223.480	-1.920	21.094
1223.490	-2.070	21.313
1223.500	-2.070	21.826
1223.510	-2.070	21.973
1223.520	-2.180	22.705
1223.530	-2.180	23.145
1223.540	-2.180	23.804
1223.550	-2.290	24.536
1223.560	-2.290	24.756
1223.570	-2.290	25.342
1223.580	-2.430	25.562
1223.590	-2.430	26.221
1223.600	-2.430	26.660
1223.610	-2.580	27.393
1223.620	-2.580	27.466
1223.630	-2.580	28.125
1223.640	-2.710	28.638
1223.650	-2.710	28.931
1223.660	-2.710	29.297
1223.670	-2.830	30.176
1223.680	-2.830	30.542
1223.690	-2.830	31.055
1223.700	-2.960	31.421
1223.710	-2.960	32.080
1223.720	-2.960	32.593
1223.730	-3.100	32.959
1223.740	-3.100	33.325
1223.750	-3.100	34.058
1223.760	-3.220	34.717
1223.770	-3.220	35.010
1223.780	-3.220	35.376
1223.790	-3.360	35.962
1223.800	-3.360	36.621
1223.810	-3.360	36.841
1223.820	-3.510	37.646
1223.830	-3.510	38.306
1223.840	-3.510	38.599
1223.850	-3.660	38.818
1223.860	-3.660	39.404
1223.870	-3.660	39.917
1223.880	-3.770	40.942
1223.890	-3.770	41.162
1223.900	-3.770	41.455
1223.910	-3.920	42.114
1223.920	-3.920	42.261
1223.930	-3.920	42.920
1223.940	-4.080	43.652
1223.950	-4.080	44.238
1223.960	-4.080	44.678
1223.970	-4.160	45.117
1223.980	-4.160	45.337
1223.990	-4.160	45.923
1224.000	-4.330	46.729
1224.010	-4.330	47.021
1224.020	-4.330	47.681
1224.030	-4.420	48.120
1224.040	-4.420	48.340
1224.050	-4.420	48.779
1224.060	-4.600	49.365
1224.070	-4.600	49.512
1224.080	-4.600	50.391
1224.090	-4.680	50.903
1224.100	-4.680	51.050
1224.110	-4.680	51.562
1224.120	-4.820	52.368
1224.130	-4.820	52.515
1224.140	-4.820	52.954
1224.150	-4.990	53.833
1224.160	-4.990	53.906
1224.170	-4.990	54.785
1224.180	-5.100	54.932
1224.190	-5.100	55.078
1224.200	-5.100	56.323
1224.210	-5.180	56.323
1224.220	-5.180	56.543
1224.230	-5.180	57.056
1224.240	-5.310	57.788
1224.250	-5.310	58.008
1224.260	-5.310	58.960
1224.270	-5.450	58.960
1224.280	-5.450	59.326
1224.290	-5.450	60.059
1224.300	-5.570	60.059
1224.310	-5.570	60.645
1224.320	-5.570	61.523
1224.330	-5.680	61.523
1224.340	-5.680	61.816
1224.350	-5.680	62.622
1224.360	-5.790	62.622
1224.370	-5.790	62.915
1224.380	-5.790	63.574
1224.390	-5.900	63.574
1224.400	-5.900	64.014
1224.410	-5.900	64.673
1224.420	-5.980	64.673
1224.430	-5.980	64.819
1224.440	-5.980	65.259
1224.450	-6.050	65.918
1224.460	-6.050	66.138
1224.470	-6.050	66.357
1224.480	-6.160	67.017
1224.490	-6.160	67.163
1224.500	-6.160	67.090
1224.510	-6.230	67.822
1224.520	-6.230	67.676
1224.530	-6.230	68.115
1224.540	-6.240	68.188
1224.550	-6.240	68.335
1224.560	-6.240	68.628
1224.570	-6.290	69.287
1224.580	-6.290	69.067
1224.590	-6.290	69.434
1224.600	-6.410	70.020
1224.610	-6.410	69.580
1224.620	-6.410	69.946
1224.630	-6.490	70.972
1224.640	-6.490	70.898
1224.650	-6.490	70.972
1224.660	-6.480	71.118
1224.670	-6.480	70.972
1224.680	-6.480	71.411
1224.690	-6.520	71.704
1224.700	-6.520	71.631
1224.710	-6.520	72.290
1224.720	-6.550	72.290
1224.730	-6.550	71.484
1224.740	-6.550	72.070
1224.750	-6.660	72.070
1224.760	-6.660	72.510
1224.770	-6.660	72.510
1224.780	-6.580	73.022
1224.790	-6.580	72.656
1224.800	-6.580	72.803
1224.810	-6.620	73.315
1224.820	-6.620	73.096
1224.830	-6.620	73.389
1224.840	-6.720	73.389
1224.850	-6.720	73.535
1224.860	-6.720	73.315
1224.870	-6.600	73.608
1224.880	-6.600	73.096
1224.890	-6.600	73.242
1224.900	-6.650	73.535
1224.910	-6.650	73.169
1224.920	-6.650	73.608
1224.930	-6.720	73.682
1224.940	-6.720	73.462
1224.950	-6.720	73.315
1224.960	-6.670	73.169
1224.970	-6.670	72.949
1224.980	-6.670	73.096
1224.990	-6.570	73.315
1225.000	-6.570	72.876
1225.010	-6.570	73.169
1225.020	-6.640	73.096
1225.030	-6.640	72.656
1225.040	-6.640	72.729
1225.050	-6.550	72.656
1225.060	-6.550	72.656
1225.070	-6.550	72.437
1225.080	-6.520	72.437
1225.090	-6.520	71.997
1225.100	-6.520	71.631
1225.110	-6.550	71.631
1225.120	-6.550	71.558
1225.130	-6.550	71.484
1225.140	-6.400	71.484
1225.150	-6.400	71.191
1225.160	-6.400	71.191
1225.170	-6.360	71.191
1225.180	-6.360	70.898
1225.190	-6.360	70.532
1225.200	-6.360	70.239
1225.210	-6.360	69.873
1225.220	-6.360	69.873
1225.230	-6.330	69.507
1225.240	-6.330	69.507
1225.250	-6.330	68.994
1225.260	-6.180	68.994
1225.270	-6.180	68.848
1225.280	-6.180	68.481
1225.290	-6.130	68.481
1225.300	-6.130	67.749
1225.310	-6.130	67.822
1225.320	-6.090	67.603
1225.330	-6.090	67.236
1225.340	-6.090	66.870
1225.350	-6.000	66.357
1225.360	-6.000	65.918
1225.370	-6.000	65.552
1225.380	-5.860	65.405
1225.390	-5.860	64.893
1225.400	-5.860	64.893
1225.410	-5.810	64.453
1225.420	-5.810	63.574
1225.430	-5.810	63.354
1225.440	-5.660	63.135
1225.450	-5.660	62.988
1225.460	-5.660	62.549
1225.470	-5.520	61.816
1225.480	-5.520	61.230
1225.490	-5.520	60.937
1225.500	-5.400	60.791
1225.510	-5.400	59.839
1225.520	-5.400	59.839
1225.530	-5.280	59.326
1225.540	-5.280	58.667
1225.550	-5.280	58.081
1225.560	-5.140	57.642
1225.570	-5.140	57.568
1225.580	-5.140	56.982
1225.590	-5.000	56.470
1225.600	-5.000	55.737
1225.610	-5.000	55.444
1225.620	-4.840	54.932
1225.630	-4.840	54.126
1225.640	-4.840	53.760
1225.650	-4.800	53.394
1225.660	-4.800	52.808
1225.670	-4.800	52.075
1225.680	-4.640	51.709
1225.690	-4.640	51.050
1225.700	-4.640	50.317
1225.710	-4.440	49.878
1225.720	-4.440	49.072
1225.730	-4.440	48.779
1225.740	-4.230	48.193
1225.750	-4.230	47.461
1225.760	-4.230	46.948
1225.770	-4.100	46.289
1225.780	-4.100	45.410
1225.790	-4.100	44.751
1225.800	-3.930	44.385
1225.810	-3.930	43.799
1225.820	-3.930	43.286
1225.830	-3.710	42.480
1225.840	-3.710	41.602
1225.850	-3.710	41.016
1225.860	-3.570	40.356
1225.870	-3.570	39.917
1225.880	-3.570	39.185
1225.890	-3.390	38.892
1225.900	-3.390	37.720
1225.910	-3.390	37.207
1225.920	-3.180	36.401
1225.930	-3.180	35.742
1225.940	-3.180	35.156
1225.950	-3.030	34.424
1225.960	-3.030	33.545
1225.970	-3.030	32.959
1225.980	-2.790	32.227
1225.990	-2.790	31.128
1226.000	-2.790	30.762
1226.010	-2.590	29.663
1226.020	-2.590	29.224
1226.030	-2.590	28.491
1226.040	-2.400	27.759
1226.050	-2.400	26.880
1226.060	-2.400	26.367
1226.070	-2.200	25.415
1226.080	-2.200	24.829
1226.090	-2.200	23.950
1226.100	-2.000	23.291
1226.110	-2.000	22.778
1226.120	-2.000	21.899
1226.130	-1.810	21.387
1226.140	-1.810	20.142
1226.150	-1.810	19.775
1226.160	-1.610	19.043
1226.170	-1.610	17.944
1226.180	-1.610	17.432
1226.190	-1.390	17.065
1226.200	-1.390	15.894
1226.210	-1.390	15.015
1226.220	-1.190	14.209
1226.230	-1.190	13.403
1226.240	-1.190	13.037
1226.250	-0.990	11.865
1226.260	-0.990	10.986
1226.270	-0.990	10.693
1226.280	-0.740	9.668
1226.290	-0.740	8.716
1226.300	-0.740	8.276
1226.310	-0.520	7.617
1226.320	-0.520	6.738
1226.330	-0.520	4.907
1226.340	-0.360	4.907
1226.350	-0.360	4.321
1226.360	-0.360	3.589
1226.370	-0.140	2.710
1226.380	-0.140	1.978
1226.390	-0.140	1.465
1226.400	0.070	0.586
1226.410	0.070	-0.220
1226.420	0.070	-1.025
1226.430	0.280	-1.685
1226.440	0.280	-2.271
1226.450	0.280	-3.003
1226.460	0.470	-3.955
1226.470	0.470	-4.614
1226.480	0.470	-5.200
1226.490	0.640	-6.152
1226.500	0.640	-6.665
1226.510	0.640	-7.544
1226.520	0.820	-8.057
1226.530	0.820	-8.569
1226.540	0.820	-9.229
1226.550	1.000	-10.034
1226.560	1.000	-10.327
1226.570	1.000	-11.133
1226.580	1.170	-11.865
1226.590	1.170	-12.378
1226.600	1.170	-13.184
1226.610	1.330	-13.403
1226.620	1.330	-14.062
1226.630	1.330	-14.868
1226.640	1.460	-15.747
1226.650	1.460	-15.747
1226.660	1.460	-16.479
1226.670	1.590	-17.065
1226.680	1.590	-17.578
1226.690	1.590	-18.237
1226.700	1.730	-18.530
1226.710	1.730	-19.189
1226.720	1.730	-19.409
1226.730	1.860	-19.995
1226.740	1.860	-19.922
1226.750	1.860	-20.801
1226.760	1.980	-21.167
1226.770	1.980	-21.533
1226.780	1.980	-21.899
1226.790	2.100	-22.266
1226.800	2.100	-22.705
1226.810	2.100	-23.291
1226.820	2.220	-24.097
1226.830	2.220	-24.316
1226.840	2.220	-24.976
1226.850	2.330	-25.415
1226.860	2.330	-25.708
1226.870	2.330	-26.074
1226.880	2.430	-26.953
1226.890	2.430	-27.026
1226.900	2.430	-27.539
1226.910	2.550	-27.832
1226.920	2.550	-28.052
1226.930	2.550	-28.491
1226.940	2.640	-28.931
1226.950	2.640	-29.077
1226.960	2.640	-29.810
1226.970	2.760	-30.103
1226.980	2.760	-30.029
1226.990	2.760	-30.688
1227.000	2.830	-31.128
1227.010	2.830	-31.348
1227.020	2.830	-31.641
1227.030	2.940	-32.300
1227.040	2.940	-32.227
1227.050	2.940	-32.593
1227.060	2.990	-33.105
1227.070	2.990	-33.252
1227.080	2.990	-33.618
1227.090	3.090	-33.838
1227.100	3.090	-34.204
1227.110	3.090	-34.570
1227.120	3.160	-34.937
1227.130	3.160	-34.644
1227.140	3.160	-35.376
1227.150	3.210	-35.962
1227.160	3.210	-35.522
1227.170	3.210	-36.035
1227.180	3.300	-36.108
1227.190	3.300	-36.548
1227.200	3.300	-36.548
1227.210	3.340	-36.768
1227.220	3.340	-36.914
1227.230	3.340	-37.061
1227.240	3.370	-37.500
1227.250	3.370	-37.427
1227.260	3.370	-37.720
1227.270	3.450	-37.939
1227.280	3.450	-38.232
1227.290	3.450	-38.086
1227.300	3.470	-38.525
1227.310	3.470	-38.599
1227.320	3.470	-38.525
1227.330	3.470	-39.111
1227.340	3.470	-38.672
1227.350	3.470	-38.599
1227.360	3.510	-39.258
1227.370	3.510	-39.331
1227.380	3.510	-39.111
1227.390	3.580	-39.185
1227.400	3.580	-39.111
1227.410	3.580	-39.111
1227.420	3.570	-39.551
1227.430	3.570	-39.478
1227.440	3.570	-39.404
1227.450	3.540	-39.697
1227.460	3.540	-39.185
1227.470	3.540	-38.892
1227.480	3.520	-39.551
1227.490	3.520	-39.697
1227.500	3.520	-39.697
1227.510	3.580	-39.404
1227.520	3.580	-39.331
1227.530	3.580	-39.038
1227.540	3.550	-39.331
1227.550	3.550	-39.404
1227.560	3.550	-39.404
1227.570	3.490	-39.478
1227.580	3.490	-39.038
1227.590	3.490	-38.745
1227.600	3.450	-38.818
1227.610	3.450	-39.185
1227.620	3.450	-38.745
1227.630	3.450	-38.745
1227.640	3.450	-38.599
1227.650	3.450	-38.159
1227.660	3.420	-38.306
1227.670	3.420	-38.013
1227.680	3.420	-37.793
1227.690	3.340	-37.939
1227.700	3.340	-37.354
1227.710	3.340	-37.134
1227.720	3.280	-37.134
1227.730	3.280	-36.914
1227.740	3.280	-36.475
1227.750	3.230	-36.768
1227.760	3.230	-35.889
1227.770	3.230	-35.962
1227.780	3.150	-35.742
1227.790	3.150	-35.449
1227.800	3.150	-35.156
1227.810	3.080	-34.863
1227.820	3.080	-34.644
1227.830	3.080	-34.351
1227.840	3.020	-34.204
1227.850	3.020	-33.325
1227.860	3.020	-33.765
1227.870	2.890	-33.252
1227.880	2.890	-32.812
1227.890	2.890	-32.520
1227.900	2.800	-32.227
1227.910	2.800	-31.714
1227.920	2.800	-31.274
1227.930	2.700	-31.128
1227.940	2.700	-30.762
1227.950	2.700	-30.396
1227.960	2.590	-29.590
1227.970	2.590	-29.224
1227.980	2.590	-29.077
1227.990	2.490	-28.711
1228.000	2.490	-28.198
1228.010	2.490	-27.832
1228.020	2.370	-27.393
1228.030	2.370	-26.733
1228.040	2.370	-26.221
1228.050	2.230	-26.001
1228.060	2.230	-25.708
1228.070	2.230	-25.195
1228.080	2.120	-24.609
1228.090	2.120	-23.950
1228.100	2.120	-23.657
1228.110	1.980	-23.364
1228.120	1.980	-22.778
1228.130	1.980	-22.339
1228.140	1.850	-21.240
1228.150	1.850	-20.728
1228.160	1.850	-20.215
1228.170	1.700	-20.215
1228.180	1.700	-19.702
1228.190	1.700	-19.043
1228.200	1.550	-18.677
1228.210	1.550	-18.164
1228.220	1.550	-17.432
1228.230	1.390	-16.919
1228.240	1.390	-16.626
1228.250	1.390	-15.967
1228.260	1.260	-15.381
1228.270	1.260	-14.868
1228.280	1.260	-13.770
1228.290	1.100	-13.770
1228.300	1.100	-12.891
1228.310	1.100	-11.865
1228.320	0.940	-11.865
1228.330	0.940	-11.426
1228.340	0.940	-9.961
1228.350	0.770	-9.961
1228.360	0.770	-9.448
1228.370	0.770	-8.203
1228.380	0.620	-8.203
1228.390	0.620	-7.910
1228.400	0.620	-6.958
1228.410	0.480	-6.958
1228.420	0.480	-6.445
1228.430	0.480	-5.127
1228.440	0.330	-5.127
1228.450	0.330	-4.687
1228.460	0.330	-3.369
1228.470	0.180	-3.369
1228.480	0.180	-2.930
1228.490	0.180	-1.611
1228.500	0.040	-1.611
1228.510	0.040	-1.099
1228.520	0.040	-0.586
1228.530	-0.120	-0.220
1228.540	-0.120	0.220
1228.550	-0.120	0.659
1228.560	-0.270	1.172
1228.570	-0.270	1.685
1228.580	-0.270	2.490
1228.590	-0.420	3.076
1228.600	-0.420	3.662
1228.610	-0.420	4.321
1228.620	-0.580	4.834
1228.630	-0.580	5.273
1228.640	-0.580	6.006
1228.650	-0.720	6.812
1228.660	-0.720	7.251
1228.670	-0.720	7.983
1228.680	-0.900	8.057
1228.690	-0.900	8.789
1228.700	-0.900	9.302
1228.710	-1.080	9.888
1228.720	-1.080	10.181
1228.730	-1.080	11.646
1228.740	-1.190	11.646
1228.750	-1.190	11.938
1228.760	-1.190	13.257
1228.770	-1.320	13.257
1228.780	-1.320	13.989
1228.790	-1.320	15.234
1228.800	-1.480	15.234
1228.810	-1.480	15.308
1228.820	-1.480	16.626
1228.830	-1.660	16.626
1228.840	-1.660	17.285
1228.850	-1.660	18.237
1228.860	-1.800	18.237
1228.870	-1.800	18.823
1228.880	-1.800	19.922
1228.890	-1.930	19.922
1228.900	-1.930	20.142
1228.910	-1.930	21.606
1228.920	-2.080	21.606
1228.930	-2.080	22.192
1228.940	-2.080	23.291
1228.950	-2.220	23.291
1228.960	-2.220	24.023
1228.970	-2.220	24.976
1228.980	-2.380	24.976
1228.990	-2.380	25.342
1229.000	-2.380	26.587
1229.010	-2.510	26.587
1229.020	-2.510	27.100
1229.030	-2.510	28.052
1229.040	-2.640	28.052
1229.050	-2.640	28.491
1229.060	-2.640	29.297
1229.070	-2.790	29.297
1229.080	-2.790	30.176
1229.090	-2.790	30.615
1229.100	-2.960	31.201
1229.110	-2.960	31.567
1229.120	-2.960	32.300
1229.130	-3.110	32.812
1229.140	-3.110	33.398
1229.150	-3.110	33.472
1229.160	-3.210	34.497
1229.170	-3.210	34.937
1229.180	-3.210	35.156
1229.190	-3.310	35.889
1229.200	-3.310	35.889
1229.210	-3.310	36.768
1229.220	-3.470	37.134
1229.230	-3.470	37.427
1229.240	-3.470	38.013
1229.250	-3.610	38.672
1229.260	-3.610	38.525
1229.270	-3.610	39.258
1229.280	-3.700	39.844
1229.290	-3.700	40.137
1229.300	-3.700	40.723
1229.310	-3.850	41.016
1229.320	-3.850	41.089
1229.330	-3.850	41.821
1229.340	-3.920	42.187
1229.350	-3.920	42.554
1229.360	-3.920	43.140
1229.370	-4.070	43.726
1229.380	-4.070	43.726
1229.390	-4.070	44.092
1229.400	-4.160	44.604
1229.410	-4.160	44.824
1229.420	-4.160	45.190
1229.430	-4.270	45.850
1229.440	-4.270	46.143
1229.450	-4.270	46.509
1229.460	-4.340	46.875
1229.470	-4.340	46.875
1229.480	-4.340	47.241
1229.490	-4.370	47.900
1229.500	-4.370	48.047
1229.510	-4.370	48.340
1229.520	-4.520	48.853
1229.530	-4.520	48.706
1229.540	-4.520	49.146
1229.550	-4.600	49.512
1229.560	-4.600	49.658
1229.570	-4.600	49.805
1229.580	-4.630	50.171
1229.590	-4.630	49.951
1229.600	-4.630	50.610
1229.610	-4.660	51.123
1229.620	-4.660	51.196
1229.630	-4.660	51.416
1229.640	-4.750	51.636
1229.650	-4.750	51.709
1229.660	-4.750	51.855
1229.670	-4.810	52.368
1229.680	-4.810	52.515
1229.690	-4.810	53.027
1229.700	-4.820	52.881
1229.710	-4.820	52.734
1229.720	-4.820	53.174
1229.730	-4.840	53.394
1229.740	-4.840	53.247
1229.750	-4.840	53.613
1229.760	-4.870	53.906
1229.770	-4.870	53.760
1229.780	-4.870	54.053
1229.790	-4.910	54.126
1229.800	-4.910	53.979
1229.810	-4.910	54.419
1229.820	-4.960	54.346
1229.830	-4.960	54.272
1229.840	-4.960	54.639
1229.850	-4.990	54.639
1229.860	-4.990	54.492
1229.870	-4.990	54.858
1229.880	-5.010	54.785
1229.890	-5.010	54.712
1229.900	-5.010	55.151
1229.910	-4.970	54.712
1229.920	-4.970	54.492
1229.930	-4.970	54.712
1229.940	-4.960	54.785
1229.950	-4.960	54.639
1229.960	-4.960	54.932
1229.970	-4.930	54.712
1229.980	-4.930	54.492
1229.990	-4.930	54.419
1230.000	-4.920	54.565
1230.010	-4.920	54.492
1230.020	-4.920	54.858
1230.030	-4.890	54.858
1230.040	-4.890	54.126
1230.050	-4.890	54.126
1230.060	-4.860	54.272
1230.070	-4.860	54.053
1230.080	-4.860	54.126
1230.090	-4.850	54.272
1230.100	-4.850	53.760
1230.110	-4.850	53.687
1230.120	-4.840	53.687
1230.130	-4.840	53.320
1230.140	-4.840	53.613
1230.150	-4.840	53.467
1230.160	-4.840	52.954
1230.170	-4.840	53.101
1230.180	-4.770	52.881
1230.190	-4.770	52.368
1230.200	-4.770	52.148
1230.210	-4.690	52.368
1230.220	-4.690	51.855
1230.230	-4.690	51.855
1230.240	-4.600	51.636
1230.250	-4.600	51.270
1230.260	-4.600	50.977
1230.270	-4.530	50.757
1230.280	-4.530	50.317
1230.290	-4.530	50.244
1230.300	-4.500	50.391
1230.310	-4.500	49.731
1230.320	-4.500	49.512
1230.330	-4.450	49.219
1230.340	-4.450	48.853
1230.350	-4.450	48.560
1230.360	-4.350	48.486
1230.370	-4.350	47.900
1230.380	-4.350	47.900
1230.390	-4.240	47.607
1230.400	-4.240	46.948
1230.410	-4.240	46.655
1230.420	-4.190	46.362
1230.430	-4.190	45.703
1230.440	-4.190	45.410
1230.450	-4.060	45.264
1230.460	-4.060	44.678
1230.470	-4.060	44.458
1230.480	-3.910	43.726
1230.490	-3.910	43.140
1230.500	-3.910	42.700
1230.510	-3.860	42.700
1230.520	-3.860	42.114
1230.530	-3.860	41.455
1230.540	-3.700	41.455
1230.550	-3.700	40.796
1230.560	-3.700	40.063
1230.570	-3.580	40.063
1230.580	-3.580	39.844
1230.590	-3.580	38.818
1230.600	-3.430	38.818
1230.610	-3.430	38.159
1230.620	-3.430	37.354
1230.630	-3.350	37.354
1230.640	-3.350	36.768
1230.650	-3.350	35.889
1230.660	-3.150	35.889
1230.670	-3.150	35.303
1230.680	-3.150	34.058
1230.690	-3.030	34.058
1230.700	-3.030	33.545
1230.710	-3.030	32.153
1230.720	-2.870	32.153
1230.730	-2.870	31.274
1230.740	-2.870	30.615
1230.750	-2.680	30.615
1230.760	-2.680	29.810
1230.770	-2.680	28.857
1230.780	-2.530	28.857
1230.790	-2.530	28.198
1230.800	-2.530	27.319
1230.810	-2.370	27.319
1230.820	-2.370	26.440
1230.830	-2.370	25.049
1230.840	-2.210	25.049
1230.850	-2.210	24.536
1230.860	-2.210	23.657
1230.870	-2.030	23.145
1230.880	-2.030	22.559
1230.890	-2.030	21.753
1230.900	-1.830	21.167
1230.910	-1.830	20.142
1230.920	-1.830	19.702
1230.930	-1.640	19.043
1230.940	-1.640	18.164
1230.950	-1.640	17.578
1230.960	-1.440	17.285
1230.970	-1.440	16.113
1230.980	-1.440	15.674
1230.990	-1.240	14.795
1231.000	-1.240	14.209
1231.010	-1.240	13.550
1231.020	-1.030	12.744
1231.030	-1.030	11.938
1231.040	-1.030	11.353
1231.050	-0.840	10.620
1231.060	-0.840	9.741
1231.070	-0.840	9.155
1231.080	-0.650	8.130
1231.090	-0.650	7.397
1231.100	-0.650	6.665
1231.110	-0.430	6.226
1231.120	-0.430	5.420
1231.130	-0.430	4.541
1231.140	-0.250	3.955
1231.150	-0.250	3.076
1231.160	-0.250	2.417
1231.170	-0.020	1.831
1231.180	-0.020	1.099
1231.190	-0.020	0.220
1231.200	0.180	-0.732
1231.210	0.180	-1.538
1231.220	0.180	-2.124
1231.230	0.390	-2.783
1231.240	0.390	-3.662
1231.250	0.390	-4.321
1231.260	0.580	-5.054
1231.270	0.580	-6.006
1231.280	0.580	-6.519
1231.290	0.780	-7.178
1231.300	0.780	-7.764
1231.310	0.780	-8.716
1231.320	0.940	-9.302
1231.330	0.940	-10.107
1231.340	0.940	-10.547
1231.350	1.110	-11.572
1231.360	1.110	-12.012
1231.370	1.110	-12.524
1231.380	1.290	-13.550
1231.390	1.290	-13.916
1231.400	1.290	-14.502
1231.410	1.480	-15.015
1231.420	1.480	-15.894
1231.430	1.480	-16.553
1231.440	1.640	-16.992
1231.450	1.640	-17.285
1231.460	1.640	-18.091
1231.470	1.780	-18.823
1231.480	1.780	-19.116
1231.490	1.780	-19.849
1231.500	1.930	-20.581
1231.510	1.930	-20.947
1231.520	1.930	-21.533
1231.530	2.090	-21.753
1231.540	2.090	-22.559
1231.550	2.090	-23.145
1231.560	2.220	-23.730
1231.570	2.220	-24.170
1231.580	2.220	-24.756
1231.590	2.350	-25.415
1231.600	2.350	-25.635
1231.610	2.350	-26.147
1231.620	2.490	-26.953
1231.630	2.490	-27.319
1231.640	2.490	-27.832
1231.650	2.630	-28.125
1231.660	2.630	-28.784
1231.670	2.630	-29.224
1231.680	2.760	-29.663
1231.690	2.760	-29.956
1231.700	2.760	-30.615
1231.710	2.910	-31.421
1231.720	2.910	-31.201
1231.730	2.910	-31.860
1231.740	3.010	-32.666
1231.750	3.010	-32.959
1231.760	3.010	-33.398
1231.770	3.140	-33.765
1231.780	3.140	-34.351
1231.790	3.140	-34.937
1231.800	3.220	-35.156
1231.810	3.220	-35.376
1231.820	3.220	-35.962
1231.830	3.350	-36.768
1231.840	3.350	-36.987
1231.850	3.350	-37.427
1231.860	3.460	-37.646
1231.870	3.460	-37.939
1231.880	3.460	-38.086
1231.890	3.530	-38.599
1231.900	3.530	-39.258
1231.910	3.530	-39.478
1231.920	3.650	-39.990
1231.930	3.650	-40.063
1231.940	3.650	-40.283
1231.950	3.760	-40.869
1231.960	3.760	-41.016
1231.970	3.760	-41.455
1231.980	3.820	-42.114
1231.990	3.820	-42.114
1232.000	3.820	-42.480
1232.010	3.880	-42.920
1232.020	3.880	-43.359
1232.030	3.880	-43.506
1232.040	3.960	-44.019
1232.050	3.960	-44.092
1232.060	3.960	-44.385
1232.070	4.060	-44.678
1232.080	4.060	-44.751
1232.090	4.060	-44.897
1232.100	4.130	-45.190
1232.110	4.130	-45.190
1232.120	4.130	-45.337
1232.130	4.180	-45.850
1232.140	4.180	-45.776
1232.150	4.180	-46.143
1232.160	4.230	-46.729
1232.170	4.230	-46.655
1232.180	4.230	-46.875
1232.190	4.290	-47.241
1232.200	4.290	-47.388
1232.210	4.290	-47.681
1232.220	4.330	-48.120
1232.230	4.330	-47.900
1232.240	4.330	-48.267
1232.250	4.320	-48.486
1232.260	4.320	-48.413
1232.270	4.320	-48.560
1232.280	4.350	-48.779
1232.290	4.350	-48.633
1232.300	4.350	-48.633
1232.310	4.390	-48.779
1232.320	4.390	-48.486
1232.330	4.390	-48.779
1232.340	4.450	-48.999
1232.350	4.450	-49.072
1232.360	4.450	-49.072
1232.370	4.460	-49.292
1232.380	4.460	-49.072
1232.390	4.460	-49.365
1232.400	4.450	-49.585
1232.410	4.450	-49.731
1232.420	4.450	-49.878
1232.430	4.440	-50.098
1232.440	4.440	-49.585
1232.450	4.440	-49.585
1232.460	4.450	-49.585
1232.470	4.450	-49.512
1232.480	4.450	-49.512
1232.490	4.450	-49.438
1232.500	4.450	-49.219
1232.510	4.450	-49.146
1232.520	4.420	-49.438
1232.530	4.420	-48.999
1232.540	4.420	-49.219
1232.550	4.410	-49.146
1232.560	4.410	-49.072
1232.570	4.410	-48.926
1232.580	4.380	-49.146
1232.590	4.380	-48.853
1232.600	4.380	-48.633
1232.610	4.350	-48.267
1232.620	4.350	-48.267
1232.630	4.350	-48.120
1232.640	4.300	-48.120
1232.650	4.300	-48.047
1232.660	4.300	-48.120
1232.670	4.250	-48.120
1232.680	4.250	-47.827
1232.690	4.250	-47.607
1232.700	4.210	-47.607
1232.710	4.210	-47.314
1232.720	4.210	-47.021
1232.730	4.180	-47.095
1232.740	4.180	-46.729
1232.750	4.180	-46.436
1232.760	4.120	-46.069
1232.770	4.120	-45.850
1232.780	4.120	-45.557
1232.790	4.050	-45.630
1232.800	4.050	-45.264
1232.810	4.050	-45.190
1232.820	3.980	-44.751
1232.830	3.980	-44.312
1232.840	3.980	-44.165
1232.850	3.900	-44.092
1232.860	3.900	-43.726
1232.870	3.900	-43.506
1232.880	3.810	-43.066
1232.890	3.810	-42.554
1232.900	3.810	-42.334
1232.910	3.710	-41.968
1232.920	3.710	-41.602
1232.930	3.710	-41.309
1232.940	3.580	-41.235
1232.950	3.580	-40.356
1232.960	3.580	-40.137
1232.970	3.520	-39.697
1232.980	3.520	-39.331
1232.990	3.520	-39.111
1233.000	3.430	-38.379
1233.010	3.430	-38.013
1233.020	3.430	-37.793
1233.030	3.300	-37.500
1233.040	3.300	-36.621
1233.050	3.300	-36.548
1233.060	3.140	-36.035
1233.070	3.140	-35.742
1233.080	3.140	-35.010
1233.090	3.010	-34.424
1233.100	3.010	-34.424
1233.110	3.010	-33.618
1233.120	2.910	-33.398
1233.130	2.910	-32.812
1233.140	2.910	-32.227
1233.150	2.750	-31.714
1233.160	2.750	-31.421
1233.170	2.750	-30.542
1233.180	2.620	-30.469
1233.190	2.620	-29.810
1233.200	2.620	-29.004
1233.210	2.450	-28.857
1233.220	2.450	-27.905
1233.230	2.450	-27.539
1233.240	2.310	-27.100
1233.250	2.310	-26.587
1233.260	2.310	-25.562
1233.270	2.150	-25.415
1233.280	2.150	-24.463
1233.290	2.150	-24.023
1233.300	1.990	-23.437
1233.310	1.990	-22.778
1233.320	1.990	-22.412
1233.330	1.820	-21.460
1233.340	1.820	-21.021
1233.350	1.820	-20.142
1233.360	1.630	-19.849
1233.370	1.630	-19.116
1233.380	1.630	-18.530
1233.390	1.450	-17.871
1233.400	1.450	-17.432
1233.410	1.450	-16.479
1233.420	1.280	-15.894
1233.430	1.280	-15.308
1233.440	1.280	-14.722
1233.450	1.130	-14.062
1233.460	1.130	-13.403
1233.470	1.130	-12.451
1233.480	0.950	-12.305
1233.490	0.950	-11.499
1233.500	0.950	-10.474
1233.510	0.760	-10.254
1233.520	0.760	-9.448
1233.530	0.760	-8.789
1233.540	0.590	-8.057
1233.550	0.590	-7.837
1233.560	0.590	-7.031
1233.570	0.420	-6.519
1233.580	0.420	-5.566
1233.590	0.420	-5.054
1233.600	0.260	-4.614
1233.610	0.260	-3.809
1233.620	0.260	-3.149
1233.630	0.090	-2.563
1233.640	0.090	-1.978
1233.650	0.090	-1.245
1233.660	-0.090	-0.732
1233.670	-0.090	-0.220
1233.680	-0.090	0.220
1233.690	-0.240	0.732
1233.700	-0.240	1.392
1233.710	-0.240	2.124
1233.720	-0.390	2.637
1233.730	-0.390	3.223
1233.740	-0.390	4.028
1233.750	-0.570	4.687
1233.760	-0.570	5.200
1233.770	-0.570	5.859
1233.780	-0.720	6.665
1233.790	-0.720	7.251
1233.800	-0.720	7.837
1233.810	-0.900	8.057
1233.820	-0.900	8.862
1233.830	-0.900	9.375
1233.840	-1.040	10.034
1233.850	-1.040	10.400
1233.860	-1.040	11.279
1233.870	-1.220	11.865
1233.880	-1.220	12.012
1233.890	-1.220	12.891
1233.900	-1.350	13.403
1233.910	-1.350	13.989
1233.920	-1.350	15.234
1233.930	-1.500	15.234
1233.940	-1.500	15.308
1233.950	-1.500	16.553
1233.960	-1.660	16.553
1233.970	-1.660	17.139
1233.980	-1.660	18.237
1233.990	-1.790	18.237
1234.000	-1.790	18.896
1234.010	-1.790	19.922
1234.020	-1.930	19.922
1234.030	-1.930	20.142
1234.040	-1.930	21.387
1234.050	-2.090	21.387
1234.060	-2.090	22.192
1234.070	-2.090	22.412
1234.080	-2.240	23.218
1234.090	-2.240	23.730
1234.100	-2.240	24.097
1234.110	-2.380	24.756
1234.120	-2.380	25.049
1234.130	-2.380	25.854
1234.140	-2.500	26.367
1234.150	-2.500	26.953
1234.160	-2.500	27.173
1234.170	-2.600	27.759
1234.180	-2.600	28.198
1234.190	-2.600	28.711
1234.200	-2.740	29.004
1234.210	-2.740	29.810
1234.220	-2.740	30.249
1234.230	-2.890	30.396
1234.240	-2.890	30.981
1234.250	-2.890	31.348
1234.260	-3.030	32.080
1234.270	-3.030	32.373
1234.280	-3.030	32.739
1234.290	-3.140	33.105
1234.300	-3.140	33.618
1234.310	-3.140	33.618
1234.320	-3.210	34.497
1234.330	-3.210	34.937
1234.340	-3.210	35.156
1234.350	-3.340	35.596
1234.360	-3.340	35.669
1234.370	-3.340	36.401
1234.380	-3.450	36.548
1234.390	-3.450	37.061
1234.400	-3.450	37.573
1234.410	-3.530	37.866
1234.420	-3.530	38.013
1234.430	-3.530	38.672
1234.440	-3.600	38.892
1234.450	-3.600	39.185
1234.460	-3.600	39.624
1234.470	-3.730	40.063
1234.480	-3.730	39.990
1234.490	-3.730	40.723
1234.500	-3.780	41.309
1234.510	-3.780	41.455
1234.520	-3.780	41.455
1234.530	-3.890	41.821
1234.540	-3.890	41.895
1234.550	-3.890	42.334
1234.560	-3.920	42.627
1234.570	-3.920	42.627
1234.580	-3.920	43.359
1234.590	-4.010	43.652
1234.600	-4.010	43.652
1234.610	-4.010	43.652
1234.620	-4.040	44.092
1234.630	-4.040	43.872
1234.640	-4.040	44.385
1234.650	-4.110	44.678
1234.660	-4.110	44.751
1234.670	-4.110	44.971
1234.680	-4.180	45.264
1234.690	-4.180	45.264
1234.700	-4.180	45.630
1234.710	-4.170	45.996
1234.720	-4.170	45.996
1234.730	-4.170	46.362
1234.740	-4.250	46.582
1234.750	-4.250	46.509
1234.760	-4.250	46.655
1234.770	-4.300	46.948
1234.780	-4.300	46.875
1234.790	-4.300	47.021
1234.800	-4.270	47.241
1234.810	-4.270	47.168
1234.820	-4.270	47.241
1234.830	-4.310	47.461
1234.840	-4.310	47.314
1234.850	-4.310	47.314
1234.860	-4.350	47.607
1234.870	-4.350	47.388
1234.880	-4.350	47.607
1234.890	-4.310	47.900
1234.900	-4.310	47.827
1234.910	-4.310	47.900
1234.920	-4.350	48.193
1234.930	-4.350	47.900
1234.940	-4.350	47.974
1234.950	-4.390	48.267
1234.960	-4.390	48.047
1234.970	-4.390	48.193
1234.980	-4.350	48.120
1234.990	-4.350	47.754
1235.000	-4.350	47.681
1235.010	-4.300	47.754
1235.020	-4.300	47.388
1235.030	-4.300	47.534
1235.040	-4.320	47.534
1235.050	-4.320	47.314
1235.060	-4.320	47.241
1235.070	-4.330	47.241
1235.080	-4.330	47.168
1235.090	-4.330	47.095
1235.100	-4.230	47.095
1235.110	-4.230	46.948
1235.120	-4.230	46.802
1235.130	-4.250	46.802
1235.140	-4.250	46.802
1235.150	-4.250	46.509
1235.160	-4.220	46.509
1235.170	-4.220	46.289
1235.180	-4.220	45.996
1235.190	-4.110	45.996
1235.200	-4.110	45.776
1235.210	-4.110	45.483
1235.220	-4.070	45.410
1235.230	-4.070	44.971
1235.240	-4.070	44.751
1235.250	-4.050	44.824
1235.260	-4.050	44.458
1235.270	-4.050	44.312
1235.280	-3.930	44.019
1235.290	-3.930	43.579
1235.300	-3.930	43.286
1235.310	-3.880	43.433
1235.320	-3.880	42.847
1235.330	-3.880	42.773
1235.340	-3.790	42.334
1235.350	-3.790	41.968
1235.360	-3.790	41.821
1235.370	-3.740	41.675
1235.380	-3.740	41.162
1235.390	-3.740	41.089
1235.400	-3.650	40.723
1235.410	-3.650	39.990
1235.420	-3.650	39.990
1235.430	-3.540	39.771
1235.440	-3.540	39.404
1235.450	-3.540	38.892
1235.460	-3.450	38.232
1235.470	-3.450	37.939
1235.480	-3.450	37.573
1235.490	-3.320	37.207
1235.500	-3.320	36.694
1235.510	-3.320	35.815
1235.520	-3.200	35.815
1235.530	-3.200	35.303
1235.540	-3.200	34.497
1235.550	-3.110	34.497
1235.560	-3.110	34.351
1235.570	-3.110	33.252
1235.580	-2.970	33.252
1235.590	-2.970	32.886
1235.600	-2.970	31.787
1235.610	-2.810	31.787
1235.620	-2.810	31.494
1235.630	-2.810	30.469
1235.640	-2.710	30.469
1235.650	-2.710	29.956
1235.660	-2.710	29.370
1235.670	-2.560	28.857
1235.680	-2.560	28.418
1235.690	-2.560	27.759
1235.700	-2.390	27.466
1235.710	-2.390	26.880
1235.720	-2.390	26.294
1235.730	-2.210	25.708
1235.740	-2.210	25.122
1235.750	-2.210	24.390
1235.760	-2.050	23.804
1235.770	-2.050	23.218
1235.780	-2.050	22.485
1235.790	-1.880	21.899
1235.800	-1.880	21.240
1235.810	-1.880	20.654
1235.820	-1.740	19.775
1235.830	-1.740	19.336
1235.840	-1.740	18.896
1235.850	-1.570	18.237
1235.860	-1.570	17.725
1235.870	-1.570	17.358
1235.880	-1.400	16.406
1235.890	-1.400	15.820
1235.900	-1.400	15.015
1235.910	-1.210	14.502
1235.920	-1.210	13.770
1235.930	-1.210	12.817
1235.940	-1.000	12.231
1235.950	-1.000	11.719
1235.960	-1.000	10.913
1235.970	-0.810	10.107
1235.980	-0.810	9.448
1235.990	-0.810	8.643
1236.000	-0.650	8.203
1236.010	-0.650	7.324
1236.020	-0.650	6.885
1236.030	-0.440	6.226
1236.040	-0.440	5.273
1236.050	-0.440	4.614
1236.060	-0.240	3.809
1236.070	-0.240	3.076
1236.080	-0.240	2.637
1236.090	-0.050	1.904
1236.100	-0.050	1.025
1236.110	-0.050	-0.366
1236.120	0.170	-0.366
1236.130	0.170	-1.245
1236.140	0.170	-2.637
1236.150	0.370	-2.637
1236.160	0.370	-3.223
1236.170	0.370	-4.761
1236.180	0.560	-4.761
1236.190	0.560	-5.420
1236.200	0.560	-6.958
1236.210	0.730	-6.958
1236.220	0.730	-7.397
1236.230	0.730	-8.496
1236.240	0.900	-8.496
1236.250	0.900	-9.375
1236.260	0.900	-10.767
1236.270	1.080	-10.767
1236.280	1.080	-11.572
1236.290	1.080	-12.524
1236.300	1.270	-12.524
1236.310	1.270	-13.477
1236.320	1.270	-14.722
1236.330	1.440	-14.722
1236.340	1.440	-15.527
1236.350	1.440	-15.967
1236.360	1.590	-16.846
1236.370	1.590	-17.065
1236.380	1.590	-18.384
1236.390	1.730	-18.384
1236.400	1.730	-18.750
1236.410	1.730	-19.922
1236.420	1.900	-19.922
1236.430	1.900	-20.508
1236.440	1.900	-21.533
1236.450	2.050	-21.533
1236.460	2.050	-21.973
1236.470	2.050	-23.145
1236.480	2.190	-23.145
1236.490	2.190	-23.657
1236.500	2.190	-24.756
1236.510	2.300	-24.756
1236.520	2.300	-25.488
1236.530	2.300	-26.221
1236.540	2.460	-26.221
1236.550	2.460	-26.733
1236.560	2.460	-27.905
1236.570	2.600	-27.905
1236.580	2.600	-28.345
1236.590	2.600	-29.517
1236.600	2.730	-29.517
1236.610	2.730	-29.883
1236.620	2.730	-30.908
1236.630	2.860	-30.908
1236.640	2.860	-31.567
1236.650	2.860	-31.934
1236.660	2.980	-32.300
1236.670	2.980	-32.739
1236.680	2.980	-33.398
1236.690	3.110	-33.691
1236.700	3.110	-33.911
1236.710	3.110	-34.644
1236.720	3.250	-35.156
1236.730	3.250	-35.449
1236.740	3.250	-35.742
1236.750	3.320	-36.328
1236.760	3.320	-36.694
1236.770	3.320	-37.207
1236.780	3.460	-37.793
1236.790	3.460	-37.866
1236.800	3.460	-38.599
1236.810	3.570	-38.965
1236.820	3.570	-38.892
1236.830	3.570	-39.624
1236.840	3.650	-40.210
1236.850	3.650	-40.649
1236.860	3.650	-40.942
1236.870	3.740	-41.309
1236.880	3.740	-41.235
1236.890	3.740	-41.968
1236.900	3.860	-42.261
1236.910	3.860	-42.554
1236.920	3.860	-43.140
1236.930	3.970	-43.506
1236.940	3.970	-43.433
1236.950	3.970	-43.506
1236.960	4.060	-44.165
1236.970	4.060	-44.165
1236.980	4.060	-44.824
1236.990	4.100	-45.190
1237.000	4.100	-45.337
1237.010	4.100	-45.557
1237.020	4.190	-45.996
1237.030	4.190	-46.069
1237.040	4.190	-46.582
1237.050	4.270	-47.168
1237.060	4.270	-47.168
1237.070	4.270	-47.681
1237.080	4.330	-47.974
1237.090	4.330	-48.047
1237.100	4.330	-48.340
1237.110	4.370	-48.779
1237.120	4.370	-48.706
1237.130	4.370	-48.999
1237.140	4.430	-49.438
1237.150	4.430	-49.512
1237.160	4.430	-49.585
1237.170	4.520	-49.878
1237.180	4.520	-49.805
1237.190	4.520	-50.024
1237.200	4.570	-50.244
1237.210	4.570	-50.171
1237.220	4.570	-50.610
1237.230	4.580	-50.903
1237.240	4.580	-50.684
1237.250	4.580	-50.757
1237.260	4.600	-51.562
1237.270	4.600	-51.343
1237.280	4.600	-51.489
1237.290	4.630	-51.562
1237.300	4.630	-51.489
1237.310	4.630	-51.782
1237.320	4.670	-51.929
1237.330	4.670	-51.782
1237.340	4.670	-51.929
1237.350	4.690	-52.515
1237.360	4.690	-51.855
1237.370	4.690	-52.075
1237.380	4.720	-52.295
1237.390	4.720	-52.368
1237.400	4.720	-52.661
1237.410	4.720	-52.661
1237.420	4.720	-52.515
1237.430	4.720	-52.734
1237.440	4.720	-53.027
1237.450	4.720	-52.295
1237.460	4.720	-52.441
1237.470	4.700	-52.734
1237.480	4.700	-52.661
1237.490	4.700	-52.661
1237.500	4.680	-52.588
1237.510	4.680	-52.661
1237.520	4.680	-52.661
1237.530	4.680	-52.588
1237.540	4.680	-52.075
1237.550	4.680	-52.148
1237.560	4.690	-52.515
1237.570	4.690	-52.075
1237.580	4.690	-52.002
1237.590	4.670	-52.002
1237.600	4.670	-51.782
1237.610	4.670	-51.709
1237.620	4.600	-51.782
1237.630	4.600	-51.416
1237.640	4.600	-51.416
1237.650	4.550	-51.416
1237.660	4.550	-50.757
1237.670	4.550	-50.684
1237.680	4.520	-50.903
1237.690	4.520	-50.537
1237.700	4.520	-50.391
1237.710	4.460	-50.098
1237.720	4.460	-49.585
1237.730	4.460	-49.585
1237.740	4.410	-49.512
1237.750	4.410	-49.146
1237.760	4.410	-48.926
1237.770	4.350	-48.853
1237.780	4.350	-48.193
1237.790	4.350	-48.193
1237.800	4.280	-47.974
1237.810	4.280	-47.534
1237.820	4.280	-47.241
1237.830	4.210	-47.095
1237.840	4.210	-46.655
1237.850	4.210	-46.436
1237.860	4.110	-46.436
1237.870	4.110	-45.630
1237.880	4.110	-45.630
1237.890	4.010	-45.410
1237.900	4.010	-44.751
1237.910	4.010	-44.458
1237.920	3.920	-44.458
1237.930	3.920	-43.945
1237.940	3.920	-43.726
1237.950	3.810	-43.213
1237.960	3.810	-42.554
1237.970	3.810	-42.187
1237.980	3.680	-42.041
1237.990	3.680	-41.162
1238.000	3.680	-41.162
1238.010	3.540	-41.016
1238.020	3.540	-39.990
1238.030	3.540	-39.551
1238.040	3.410	-38.892
1238.050	3.410	-38.672
1238.060	3.410	-38.525
1238.070	3.300	-37.939
1238.080	3.300	-37.207
1238.090	3.300	-37.061
1238.100	3.190	-36.328
1238.110	3.190	-35.669
1238.120	3.190	-35.376
1238.130	3.030	-35.156
1238.140	3.030	-34.497
1238.150	3.030	-33.765
1238.160	2.850	-33.398
1238.170	2.850	-32.739
1238.180	2.850	-31.567
1238.190	2.740	-31.567
1238.200	2.740	-31.128
1238.210	2.740	-29.956
1238.220	2.580	-29.956
1238.230	2.580	-29.004
1238.240	2.580	-28.125
1238.250	2.410	-28.125
1238.260	2.410	-27.319
1238.270	2.410	-26.660
1238.280	2.240	-26.660
1238.290	2.240	-25.708
1238.300	2.240	-25.122
1238.310	2.060	-24.390
1238.320	2.060	-24.023
1238.330	2.060	-23.364
1238.340	1.890	-22.705
1238.350	1.890	-22.339
1238.360	1.890	-21.606
1238.370	1.730	-21.021
1238.380	1.730	-19.995
1238.390	1.730	-19.629
1238.400	1.570	-19.043
1238.410	1.570	-18.237
1238.420	1.570	-17.651
1238.430	1.370	-17.065
1238.440	1.370	-16.333
1238.450	1.370	-15.454
1238.460	1.190	-14.868
1238.470	1.190	-14.282
1238.480	1.190	-13.770
1238.490	1.020	-12.891
1238.500	1.020	-12.305
1238.510	1.020	-11.792
1238.520	0.840	-11.279
1238.530	0.840	-10.547
1238.540	0.840	-9.668
1238.550	0.650	-9.082
1238.560	0.650	-8.496
1238.570	0.650	-7.690
1238.580	0.470	-7.031
1238.590	0.470	-6.519
1238.600	0.470	-5.713
1238.610	0.310	-5.200
1238.620	0.310	-4.395
1238.630	0.310	-3.882
1238.640	0.160	-3.516
1238.650	0.160	-2.930
1238.660	0.160	-2.271
1238.670	0.000	-1.685
1238.680	0.000	-1.025
1238.690	0.000	-0.439
1238.700	-0.160	0.146
1238.710	-0.160	0.806
1238.720	-0.160	1.392
1238.730	-0.330	2.051
1238.740	-0.330	2.783
1238.750	-0.330	3.296
1238.760	-0.500	3.809
1238.770	-0.500	4.248
1238.780	-0.500	4.980
1238.790	-0.650	5.566
1238.800	-0.650	6.226
1238.810	-0.650	6.885
1238.820	-0.820	7.324
1238.830	-0.820	8.130
1238.840	-0.820	8.423
1238.850	-0.980	9.229
1238.860	-0.980	9.668
1238.870	-0.980	10.620
1238.880	-1.110	10.840
1238.890	-1.110	11.426
1238.900	-1.110	11.938
1238.910	-1.260	12.451
1238.920	-1.260	13.330
1238.930	-1.260	13.477
1238.940	-1.440	14.209
1238.950	-1.440	14.648
1238.960	-1.440	15.601
1238.970	-1.570	16.040
1238.980	-1.570	16.919
1238.990	-1.570	17.505
1239.000	-1.720	17.505
1239.010	-1.720	18.091
1239.020	-1.720	19.336
1239.030	-1.890	19.336
1239.040	-1.890	19.922
1239.050	-1.890	20.801
1239.060	-2.020	20.801
1239.070	-2.020	21.094
1239.080	-2.020	22.632
1239.090	-2.150	22.632
1239.100	-2.150	22.998
1239.110	-2.150	23.364
1239.120	-2.280	23.950
1239.130	-2.280	24.390
1239.140	-2.280	24.609
1239.150	-2.430	25.342
1239.160	-2.430	25.854
1239.170	-2.430	26.733
1239.180	-2.560	26.733
1239.190	-2.560	27.100
1239.200	-2.560	28.345
1239.210	-2.680	28.345
1239.220	-2.680	28.638
1239.230	-2.680	30.029
1239.240	-2.800	30.029
1239.250	-2.800	30.176
1239.260	-2.800	31.274
1239.270	-2.950	31.274
1239.280	-2.950	31.934
1239.290	-2.950	32.227
1239.300	-3.100	32.812
1239.310	-3.100	33.179
1239.320	-3.100	33.838
1239.330	-3.270	33.911
1239.340	-3.270	34.570
1239.350	-3.270	35.010
1239.360	-3.300	35.449
1239.370	-3.300	35.815
1239.380	-3.300	35.889
1239.390	-3.380	36.841
1239.400	-3.380	36.768
1239.410	-3.380	37.280
1239.420	-3.520	37.720
1239.430	-3.520	37.866
1239.440	-3.520	38.672
1239.450	-3.640	38.672
1239.460	-3.640	38.818
1239.470	-3.640	39.111
1239.480	-3.680	39.771
1239.490	-3.680	39.844
1239.500	-3.680	40.356
1239.510	-3.800	40.796
1239.520	-3.800	40.796
1239.530	-3.800	41.382
1239.540	-3.860	41.968
1239.550	-3.860	42.041
1239.560	-3.860	42.334
1239.570	-3.990	43.066
1239.580	-3.990	42.993
1239.590	-3.990	43.213
1239.600	-4.040	43.286
1239.610	-4.040	43.506
1239.620	-4.040	43.799
1239.630	-4.050	44.385
1239.640	-4.050	44.312
1239.650	-4.050	44.604
1239.660	-4.150	44.678
1239.670	-4.150	44.678
1239.680	-4.150	44.897
1239.690	-4.170	45.483
1239.700	-4.170	45.557
1239.710	-4.170	45.703
1239.720	-4.230	45.850
1239.730	-4.230	45.703
1239.740	-4.230	45.923
1239.750	-4.290	46.436
1239.760	-4.290	46.436
1239.770	-4.290	46.729
1239.780	-4.260	46.875
1239.790	-4.260	46.655
1239.800	-4.260	46.948
1239.810	-4.340	47.388
1239.820	-4.340	47.461
1239.830	-4.340	47.534
1239.840	-4.300	47.681
1239.850	-4.300	47.314
1239.860	-4.300	47.607
1239.870	-4.360	47.681
1239.880	-4.360	47.754
1239.890	-4.360	47.754
1239.900	-4.370	47.827
1239.910	-4.370	47.534
1239.920	-4.370	47.681
1239.930	-4.320	47.827
1239.940	-4.320	47.681
1239.950	-4.320	47.754
1239.960	-4.370	47.754
1239.970	-4.370	47.534
1239.980	-4.370	47.534
1239.990	-4.340	47.827
1240.000	-4.340	47.607
1240.010	-4.340	47.607
1240.020	-4.280	47.607
1240.030	-4.280	47.461
1240.040	-4.280	47.534
1240.050	-4.310	47.461
1240.060	-4.310	47.388
1240.070	-4.310	47.241
1240.080	-4.230	47.534
1240.090	-4.230	46.948
1240.100	-4.230	46.948
1240.110	-4.240	46.802
1240.120	-4.240	46.436
1240.130	-4.240	46.289
1240.140	-4.200	46.289
1240.150	-4.200	46.069
1240.160	-4.200	45.850
1240.170	-4.100	45.850
1240.180	-4.100	45.410
1240.190	-4.100	45.190
1240.200	-4.110	45.190
1240.210	-4.110	44.897
1240.220	-4.110	44.678
1240.230	-4.020	44.678
1240.240	-4.020	44.312
1240.250	-4.020	44.019
1240.260	-3.950	44.019
1240.270	-3.950	43.945
1240.280	-3.950	43.140
1240.290	-3.880	43.140
1240.300	-3.880	43.140
1240.310	-3.880	42.847
1240.320	-3.840	42.847
1240.330	-3.840	42.114
1240.340	-3.840	41.748
1240.350	-3.730	41.748
1240.360	-3.730	41.455
1240.370	-3.730	40.796
1240.380	-3.660	40.796
1240.390	-3.660	40.356
1240.400	-3.660	39.844
1240.410	-3.530	39.844
1240.420	-3.530	39.404
1240.430	-3.530	38.818
1240.440	-3.470	38.818
1240.450	-3.470	38.159
1240.460	-3.470	37.573
1240.470	-3.320	37.573
1240.480	-3.320	37.207
1240.490	-3.320	36.841
1240.500	-3.240	36.768
1240.510	-3.240	35.889
1240.520	-3.240	35.669
1240.530	-3.150	35.156
1240.540	-3.150	34.644
1240.550	-3.150	33.618
1240.560	-2.990	33.618
1240.570	-2.990	33.398
1240.580	-2.990	32.446
1240.590	-2.860	32.446
1240.600	-2.860	31.787
1240.610	-2.860	31.494
1240.620	-2.750	31.055
1240.630	-2.750	30.615
1240.640	-2.750	29.956
1240.650	-2.630	29.443
1240.660	-2.630	28.931
1240.670	-2.630	28.638
1240.680	-2.450	28.125
1240.690	-2.450	27.686
1240.700	-2.450	27.026
1240.710	-2.310	26.587
1240.720	-2.310	25.928
1240.730	-2.310	25.342
1240.740	-2.150	25.122
1240.750	-2.150	24.390
1240.760	-2.150	24.097
1240.770	-2.030	23.218
1240.780	-2.030	22.266
1240.790	-2.030	21.973
1240.800	-1.860	21.460
1240.810	-1.860	20.874
1240.820	-1.860	20.215
1240.830	-1.690	19.482
1240.840	-1.690	18.970
1240.850	-1.690	18.457
1240.860	-1.520	17.578
1240.870	-1.520	17.139
1240.880	-1.520	15.820
1240.890	-1.330	15.820
1240.900	-1.330	15.088
1240.910	-1.330	13.916
1240.920	-1.160	13.916
1240.930	-1.160	13.550
1240.940	-1.160	11.938
1240.950	-1.000	11.938
1240.960	-1.000	11.426
1240.970	-1.000	10.107
1240.980	-0.780	10.107
1240.990	-0.780	9.375
1241.000	-0.780	7.910
1241.010	-0.630	7.910
1241.020	-0.630	7.324
1241.030	-0.630	6.226
1241.040	-0.450	6.226
1241.050	-0.450	5.273
1241.060	-0.450	4.028
1241.070	-0.270	4.028
1241.080	-0.270	3.223
1241.090	-0.270	2.197
1241.100	-0.070	2.197
1241.110	-0.070	1.611
1241.120	-0.070	0.806
1241.130	0.110	0.073
1241.140	0.110	-0.659
1241.150	0.110	-1.538
1241.160	0.300	-2.124
1241.170	0.300	-2.637
1241.180	0.300	-3.882
1241.190	0.480	-3.882
1241.200	0.480	-4.541
1241.210	0.480	-5.200
1241.220	0.610	-6.079
1241.230	0.610	-6.592
1241.240	0.610	-7.031
1241.250	0.790	-7.544
1241.260	0.790	-8.203
1241.270	0.790	-9.082
1241.280	0.960	-9.668
1241.290	0.960	-10.181
1241.300	0.960	-10.840
1241.310	1.130	-11.426
1241.320	1.130	-11.865
1241.330	1.130	-12.524
1241.340	1.270	-13.257
1241.350	1.270	-13.696
1241.360	1.270	-14.209
1241.370	1.420	-14.502
1241.380	1.420	-15.381
1241.390	1.420	-16.040
1241.400	1.560	-16.333
1241.410	1.560	-16.919
1241.420	1.560	-17.358
1241.430	1.710	-18.018
1241.440	1.710	-18.530
1241.450	1.710	-18.970
1241.460	1.830	-19.702
1241.470	1.830	-20.142
1241.480	1.830	-20.728
1241.490	1.970	-21.021
1241.500	1.970	-21.753
1241.510	1.970	-22.266
1241.520	2.110	-22.852
1241.530	2.110	-22.998
1241.540	2.110	-23.511
1241.550	2.230	-24.097
1241.560	2.230	-24.316
1241.570	2.230	-25.049
1241.580	2.370	-25.488
1241.590	2.370	-26.074
1241.600	2.370	-26.294
1241.610	2.510	-26.733
1241.620	2.510	-27.393
1241.630	2.510	-27.979
1241.640	2.630	-28.345
1241.650	2.630	-28.857
1241.660	2.630	-29.370
1241.670	2.750	-29.736
1241.680	2.750	-30.103
1241.690	2.750	-30.469
1241.700	2.870	-31.055
1241.710	2.870	-31.860
1241.720	2.870	-31.714
1241.730	2.960	-32.446
1241.740	2.960	-32.812
1241.750	2.960	-33.252
1241.760	3.100	-33.765
1241.770	3.100	-34.204
1241.780	3.100	-34.424
1241.790	3.230	-35.156
1241.800	3.230	-35.376
1241.810	3.230	-35.596
1241.820	3.330	-36.255
1241.830	3.330	-36.401
1241.840	3.330	-37.134
1241.850	3.410	-37.793
1241.860	3.410	-37.793
1241.870	3.410	-38.232
1241.880	3.500	-38.892
1241.890	3.500	-38.672
1241.900	3.500	-39.771
1241.910	3.610	-39.771
1241.920	3.610	-40.576
1241.930	3.610	-40.503
1241.940	3.720	-40.576
1241.950	3.720	-40.576
1241.960	3.720	-41.602
1241.970	3.820	-41.602
1241.980	3.820	-41.821
1241.990	3.820	-42.554
1242.000	3.900	-42.554
1242.010	3.900	-42.700
1242.020	3.900	-43.433
1242.030	3.960	-43.433
1242.040	3.960	-44.019
1242.050	3.960	-44.678
1242.060	4.010	-44.678
1242.070	4.010	-44.824
1242.080	4.010	-45.337
1242.090	4.090	-45.337
1242.100	4.090	-45.776
1242.110	4.090	-45.996
1242.120	4.170	-45.996
1242.130	4.170	-46.216
1242.140	4.170	-46.655
1242.150	4.210	-46.655
1242.160	4.210	-46.729
1242.170	4.210	-47.168
1242.180	4.250	-47.168
1242.190	4.250	-47.314
1242.200	4.250	-47.607
1242.210	4.320	-47.607
1242.220	4.320	-47.900
1242.230	4.320	-48.047
1242.240	4.380	-48.047
1242.250	4.380	-48.267
1242.260	4.380	-48.853
1242.270	4.410	-48.853
1242.280	4.410	-48.853
1242.290	4.410	-49.146
1242.300	4.420	-49.438
1242.310	4.420	-49.438
1242.320	4.420	-49.805
1242.330	4.450	-49.878
1242.340	4.450	-49.878
1242.350	4.450	-49.878
1242.360	4.480	-49.878
1242.370	4.480	-49.878
1242.380	4.480	-49.878
1242.390	4.520	-49.878
1242.400	4.520	-49.951
1242.410	4.520	-50.244
1242.420	4.530	-50.244
1242.430	4.530	-50.098
1242.440	4.530	-50.098
1242.450	4.500	-49.878
1242.460	4.500	-50.024
1242.470	4.500	-50.171
1242.480	4.480	-50.171
1242.490	4.480	-50.244
1242.500	4.480	-50.171
1242.510	4.490	-50.171
1242.520	4.490	-49.951
1242.530	4.490	-49.731
1242.540	4.490	-49.731
1242.550	4.490	-49.658
1242.560	4.490	-49.512
1242.570	4.440	-49.512
1242.580	4.440	-49.292
1242.590	4.440	-48.999
1242.600	4.380	-48.999
1242.610	4.380	-49.072
1242.620	4.380	-48.926
1242.630	4.370	-49.072
1242.640	4.370	-48.706
1242.650	4.370	-48.633
1242.660	4.340	-48.413
1242.670	4.340	-48.267
1242.680	4.340	-48.120
1242.690	4.300	-48.267
1242.700	4.300	-47.681
1242.710	4.300	-47.461
1242.720	4.240	-47.314
1242.730	4.240	-46.948
1242.740	4.240	-46.875
1242.750	4.150	-46.802
1242.760	4.150	-46.509
1242.770	4.150	-46.289
1242.780	4.060	-46.216
1242.790	4.060	-45.557
1242.800	4.060	-45.410
1242.810	3.980	-45.044
1242.820	3.980	-44.824
1242.830	3.980	-44.531
1242.840	3.890	-44.604
1242.850	3.890	-44.092
1242.860	3.890	-43.872
1242.870	3.810	-43.213
1242.880	3.810	-42.773
1242.890	3.810	-42.261
1242.900	3.710	-42.261
1242.910	3.710	-41.968
1242.920	3.710	-41.455
1242.930	3.600	-41.455
1242.940	3.600	-40.430
1242.950	3.600	-39.697
1242.960	3.490	-39.697
1242.970	3.490	-39.551
1242.980	3.490	-38.525
1242.990	3.360	-38.525
1243.000	3.360	-38.379
1243.010	3.360	-37.354
1243.020	3.240	-37.354
1243.030	3.240	-36.621
1243.040	3.240	-35.815
1243.050	3.110	-35.815
1243.060	3.110	-35.815
1243.070	3.110	-34.351
1243.080	2.990	-34.351
1243.090	2.990	-34.424
1243.100	2.990	-33.179
1243.110	2.890	-33.179
1243.120	2.890	-32.739
1243.130	2.890	-31.421
1243.140	2.730	-31.421
1243.150	2.730	-31.494
1243.160	2.730	-30.396
1243.170	2.570	-30.322
1243.180	2.570	-29.590
1243.190	2.570	-28.711
1243.200	2.430	-28.564
1243.210	2.430	-27.832
1243.220	2.430	-27.319
1243.230	2.270	-26.807
1243.240	2.270	-26.440
1243.250	2.270	-25.342
1243.260	2.080	-25.195
1243.270	2.080	-24.170
1243.280	2.080	-23.730
1243.290	1.930	-23.291
1243.300	1.930	-22.559
1243.310	1.930	-22.266
1243.320	1.760	-21.167
1243.330	1.760	-20.654
1243.340	1.760	-19.995
1243.350	1.570	-19.629
1243.360	1.570	-18.823
1243.370	1.570	-18.384
1243.380	1.450	-17.725
1243.390	1.450	-16.919
1243.400	1.450	-15.454
1243.410	1.250	-15.454
1243.420	1.250	-15.088
1243.430	1.250	-13.916
1243.440	1.070	-13.916
1243.450	1.070	-12.817
1243.460	1.070	-11.572
1243.470	0.900	-11.572
1243.480	0.900	-11.060
1243.490	0.900	-9.595
1243.500	0.720	-9.595
1243.510	0.720	-8.936
1243.520	0.720	-7.471
1243.530	0.530	-7.471
1243.540	0.530	-6.812
1243.550	0.530	-5.493
1243.560	0.330	-5.493
1243.570	0.330	-4.907
1243.580	0.330	-3.296
1243.590	0.150	-3.296
1243.600	0.150	-2.783
1243.610	0.150	-1.538
1243.620	-0.020	-1.538
1243.630	-0.020	-0.879
1243.640	-0.020	0.293
1243.650	-0.180	0.293
1243.660	-0.180	0.879
1243.670	-0.180	1.611
1243.680	-0.350	2.271
1243.690	-0.350	2.710
1243.700	-0.350	3.149
1243.710	-0.520	3.882
1243.720	-0.520	4.614
1243.730	-0.520	5.200
1243.740	-0.680	5.933
1243.750	-0.680	6.445
1243.760	-0.680	6.812
1243.770	-0.850	7.544
1243.780	-0.850	8.057
1243.790	-0.850	9.448
1243.800	-1.020	9.448
1243.810	-1.020	10.181
1243.820	-1.020	11.133
1243.830	-1.160	11.133
1243.840	-1.160	11.426
1243.850	-1.160	13.257
1243.860	-1.300	13.257
1243.870	-1.300	13.403
1243.880	-1.300	14.502
1243.890	-1.460	14.502
1243.900	-1.460	15.308
1243.910	-1.460	16.187
1243.920	-1.600	16.187
1243.930	-1.600	16.919
1243.940	-1.600	17.944
1243.950	-1.760	17.944
1243.960	-1.760	18.457
1243.970	-1.760	19.702
1243.980	-1.930	19.702
1243.990	-1.930	20.068
1244.000	-1.930	21.240
1244.010	-2.050	21.240
1244.020	-2.050	22.046
1244.030	-2.050	22.998
1244.040	-2.200	22.998
1244.050	-2.200	23.511
1244.060	-2.200	24.316
1244.070	-2.360	24.316
1244.080	-2.360	24.756
1244.090	-2.360	25.708
1244.100	-2.480	25.854
1244.110	-2.480	26.660
1244.120	-2.480	27.026
1244.130	-2.600	27.466
1244.140	-2.600	28.125
1244.150	-2.600	28.564
1244.160	-2.740	29.004
1244.170	-2.740	29.810
1244.180	-2.740	30.249
1244.190	-2.890	30.396
1244.200	-2.890	31.201
1244.210	-2.890	31.348
1244.220	-3.030	32.080
1244.230	-3.030	32.666
1244.240	-3.030	32.959
1244.250	-3.170	33.325
1244.260	-3.170	34.058
1244.270	-3.170	33.911
1244.280	-3.290	34.863
1244.290	-3.290	35.376
1244.300	-3.290	35.522
1244.310	-3.390	36.255
1244.320	-3.390	36.182
1244.330	-3.390	36.987
1244.340	-3.520	37.354
1244.350	-3.520	37.793
1244.360	-3.520	38.086
1244.370	-3.600	38.965
1244.380	-3.600	38.965
1244.390	-3.600	39.185
1244.400	-3.700	39.917
1244.410	-3.700	40.210
1244.420	-3.700	41.089
1244.430	-3.820	41.089
1244.440	-3.820	41.235
1244.450	-3.820	41.821
1244.460	-3.930	42.334
1244.470	-3.930	42.480
1244.480	-3.930	42.773
1244.490	-4.000	43.506
1244.500	-4.000	43.579
1244.510	-4.000	43.799
1244.520	-4.130	43.726
1244.530	-4.130	44.165
1244.540	-4.130	44.824
1244.550	-4.200	44.824
1244.560	-4.200	44.897
1244.570	-4.200	45.776
1244.580	-4.220	45.776
1244.590	-4.220	45.996
1244.600	-4.220	46.582
1244.610	-4.350	46.582
1244.620	-4.350	47.021
1244.630	-4.350	47.900
1244.640	-4.360	47.900
1244.650	-4.360	48.120
1244.660	-4.360	48.267
1244.670	-4.470	48.267
1244.680	-4.470	48.413
1244.690	-4.470	48.926
1244.700	-4.470	48.926
1244.710	-4.470	48.926
1244.720	-4.470	49.292
1244.730	-4.550	49.292
1244.740	-4.550	49.365
1244.750	-4.550	49.365
1244.760	-4.560	49.731
1244.770	-4.560	49.658
1244.780	-4.560	49.878
1244.790	-4.620	50.244
1244.800	-4.620	50.317
1244.810	-4.620	50.391
1244.820	-4.600	50.610
1244.830	-4.600	50.391
1244.840	-4.600	50.391
1244.850	-4.630	50.830
1244.860	-4.630	50.830
1244.870	-4.630	51.050
1244.880	-4.650	50.977
1244.890	-4.650	50.610
1244.900	-4.650	50.537
1244.910	-4.610	51.050
1244.920	-4.610	50.830
1244.930	-4.610	50.977
1244.940	-4.660	51.123
1244.950	-4.660	50.757
1244.960	-4.660	50.830
1244.970	-4.620	51.050
1244.980	-4.620	50.977
1244.990	-4.620	50.977
1245.000	-4.620	51.050
1245.010	-4.620	50.391
1245.020	-4.620	50.537
1245.030	-4.580	50.684
1245.040	-4.580	50.537
1245.050	-4.580	50.537
1245.060	-4.530	50.537
1245.070	-4.530	50.024
1245.080	-4.530	50.098
1245.090	-4.560	50.171
1245.100	-4.560	50.024
1245.110	-4.560	50.244
1245.120	-4.470	50.098
1245.130	-4.470	49.658
1245.140	-4.470	49.438
1245.150	-4.450	49.292
1245.160	-4.450	48.853
1245.170	-4.450	48.926
1245.180	-4.400	48.779
1245.190	-4.400	48.413
1245.200	-4.400	48.193
1245.210	-4.310	48.047
1245.220	-4.310	47.607
1245.230	-4.310	47.461
1245.240	-4.350	47.388
1245.250	-4.350	47.168
1245.260	-4.350	47.095
1245.270	-4.220	47.021
1245.280	-4.220	46.582
1245.290	-4.220	46.436
1245.300	-4.150	46.362
1245.310	-4.150	45.923
1245.320	-4.150	45.703
1245.330	-4.050	45.557
1245.340	-4.050	45.044
1245.350	-4.050	44.678
1245.360	-3.990	44.604
1245.370	-3.990	44.019
1245.380	-3.990	43.872
1245.390	-3.890	43.359
1245.400	-3.890	42.920
1245.410	-3.890	42.627
1245.420	-3.780	42.700
1245.430	-3.780	42.041
1245.440	-3.780	41.748
1245.450	-3.710	41.675
1245.460	-3.710	40.649
1245.470	-3.710	40.503
1245.480	-3.600	40.356
1245.490	-3.600	39.917
1245.500	-3.600	39.551
1245.510	-3.460	39.185
1245.520	-3.460	38.306
1245.530	-3.460	38.232
1245.540	-3.370	37.793
1245.550	-3.370	37.280
1245.560	-3.370	36.914
1245.570	-3.250	36.694
1245.580	-3.250	35.815
1245.590	-3.250	35.303
1245.600	-3.080	35.083
1245.610	-3.080	34.351
1245.620	-3.080	33.984
1245.630	-2.940	33.472
1245.640	-2.940	32.959
1245.650	-2.940	32.153
1245.660	-2.810	32.300
1245.670	-2.810	31.274
1245.680	-2.810	30.688
1245.690	-2.670	30.835
1245.700	-2.670	29.883
1245.710	-2.670	29.517
1245.720	-2.540	29.004
1245.730	-2.540	28.271
1245.740	-2.540	27.832
1245.750	-2.380	27.319
1245.760	-2.380	26.587
1245.770	-2.380	26.001
1245.780	-2.210	25.854
1245.790	-2.210	24.683
1245.800	-2.210	24.316
1245.810	-2.060	23.730
1245.820	-2.060	23.218
1245.830	-2.060	22.705
1245.840	-1.890	21.826
1245.850	-1.890	21.387
1245.860	-1.890	20.654
1245.870	-1.720	20.288
1245.880	-1.720	19.336
1245.890	-1.720	18.750
1245.900	-1.530	18.237
1245.910	-1.530	17.432
1245.920	-1.530	16.699
1245.930	-1.340	16.187
1245.940	-1.340	15.674
1245.950	-1.340	15.015
1245.960	-1.220	14.136
1245.970	-1.220	13.330
1245.980	-1.220	12.964
1245.990	-1.010	12.378
1246.000	-1.010	11.646
1246.010	-1.010	10.913
1246.020	-0.830	10.107
1246.030	-0.830	9.521
1246.040	-0.830	8.936
1246.050	-0.620	8.130
1246.060	-0.620	7.617
1246.070	-0.620	7.031
1246.080	-0.450	6.226
1246.090	-0.450	5.566
1246.100	-0.450	4.687
1246.110	-0.240	4.175
1246.120	-0.240	3.589
1246.130	-0.240	2.710
1246.140	-0.060	2.051
1246.150	-0.060	1.465
1246.160	-0.060	0.732
1246.170	0.130	-0.073
1246.180	0.130	-0.879
1246.190	0.130	-1.465
1246.200	0.300	-2.051
1246.210	0.300	-2.710
1246.220	0.300	-3.589
1246.230	0.480	-4.175
1246.240	0.480	-4.687
1246.250	0.480	-5.493
1246.260	0.650	-6.079
1246.270	0.650	-6.738
1246.280	0.650	-7.397
1246.290	0.810	-7.837
1246.300	0.810	-8.643
1246.310	0.810	-9.009
1246.320	0.960	-9.595
1246.330	0.960	-10.034
1246.340	0.960	-10.913
1246.350	1.110	-11.426
1246.360	1.110	-11.865
1246.370	1.110	-12.305
1246.380	1.260	-12.671
1246.390	1.260	-13.477
1246.400	1.260	-13.916
1246.410	1.390	-14.648
1246.420	1.390	-14.795
1246.430	1.390	-15.601
1246.440	1.520	-16.187
1246.450	1.520	-16.333
1246.460	1.520	-16.992
1246.470	1.670	-17.578
1246.480	1.670	-18.091
1246.490	1.670	-18.604
1246.500	1.800	-19.116
1246.510	1.800	-19.702
1246.520	1.800	-20.288
1246.530	1.940	-21.021
1246.540	1.940	-21.021
1246.550	1.940	-21.899
1246.560	2.090	-22.266
1246.570	2.090	-22.705
1246.580	2.090	-23.145
1246.590	2.200	-23.730
1246.600	2.200	-24.023
1246.610	2.200	-24.390
1246.620	2.340	-25.195
1246.630	2.340	-25.342
1246.640	2.340	-26.074
1246.650	2.460	-26.367
1246.660	2.460	-26.733
1246.670	2.460	-27.393
1246.680	2.560	-27.979
1246.690	2.560	-28.125
1246.700	2.560	-28.638
1246.710	2.710	-29.370
1246.720	2.710	-29.370
1246.730	2.710	-29.956
1246.740	2.800	-30.322
1246.750	2.800	-30.688
1246.760	2.800	-31.421
1246.770	2.900	-31.641
1246.780	2.900	-31.860
1246.790	2.900	-32.520
1246.800	3.020	-33.105
1246.810	3.020	-33.105
1246.820	3.020	-33.545
1246.830	3.160	-34.277
1246.840	3.160	-34.570
1246.850	3.160	-34.937
1246.860	3.260	-35.229
1246.870	3.260	-35.376
1246.880	3.260	-36.255
1246.890	3.390	-36.621
1246.900	3.390	-36.694
1246.910	3.390	-37.207
1246.920	3.400	-37.500
1246.930	3.400	-37.573
1246.940	3.400	-38.159
1246.950	3.480	-38.965
1246.960	3.480	-38.745
1246.970	3.480	-39.404
1246.980	3.560	-39.404
1246.990	3.560	-39.331
1247.000	3.560	-40.283
1247.010	3.650	-40.283
1247.020	3.650	-40.942
1247.030	3.650	-41.089
1247.040	3.740	-41.309
1247.050	3.740	-40.942
1247.060	3.740	-41.895
1247.070	3.840	-41.895
1247.080	3.840	-42.261
1247.090	3.840	-42.700
1247.100	3.910	-42.700
1247.110	3.910	-42.920
1247.120	3.910	-43.433
1247.130	3.940	-43.433
1247.140	3.940	-43.506
1247.150	3.940	-44.238
1247.160	4.010	-44.238
1247.170	4.010	-44.604
1247.180	4.010	-44.824
1247.190	4.050	-44.824
1247.200	4.050	-45.117
1247.210	4.050	-45.337
1247.220	4.080	-45.483
1247.230	4.080	-45.483
1247.240	4.080	-45.557
1247.250	4.110	-45.996
1247.260	4.110	-45.923
1247.270	4.110	-46.069
1247.280	4.190	-46.069
1247.290	4.190	-46.289
1247.300	4.190	-46.362
1247.310	4.220	-46.802
1247.320	4.220	-46.655
1247.330	4.220	-46.948
1247.340	4.200	-47.095
1247.350	4.200	-46.802
1247.360	4.200	-46.948
1247.370	4.210	-47.241
1247.380	4.210	-47.461
1247.390	4.210	-47.461
1247.400	4.250	-47.607
1247.410	4.250	-47.241
1247.420	4.250	-47.461
1247.430	4.280	-47.534
1247.440	4.280	-47.461
1247.450	4.280	-47.534
1247.460	4.250	-47.607
1247.470	4.250	-47.241
1247.480	4.250	-47.241
1247.490	4.230	-47.388
1247.500	4.230	-47.314
1247.510	4.230	-47.314
1247.520	4.250	-47.314
1247.530	4.250	-47.095
1247.540	4.250	-47.095
1247.550	4.240	-47.168
1247.560	4.240	-47.021
1247.570	4.240	-46.948
1247.580	4.180	-46.655
1247.590	4.180	-46.655
1247.600	4.180	-46.582
1247.610	4.150	-46.582
1247.620	4.150	-46.582
1247.630	4.150	-46.216
1247.640	4.110	-45.923
1247.650	4.110	-45.776
1247.660	4.110	-45.850
1247.670	4.100	-45.850
1247.680	4.100	-45.337
1247.690	4.100	-45.190
1247.700	4.050	-45.044
1247.710	4.050	-44.678
1247.720	4.050	-44.604
1247.730	3.960	-44.458
1247.740	3.960	-44.165
1247.750	3.960	-43.872
1247.760	3.890	-43.945
1247.770	3.890	-43.359
1247.780	3.890	-43.652
1247.790	3.820	-43.286
