% Time (s)	Gyro Output (rads/s)	Input Rate (RPM)	%9/1/20201:35 PM
0.000	0.000	0.000
1285.450	-0.030	0.000
1285.460	-0.030	0.000
1285.470	-0.030	0.000
1285.480	-0.030	0.000
1285.490	-0.030	0.000
1285.500	-0.030	0.000
1285.510	-0.030	0.000
1285.520	-0.030	0.000
1285.530	-0.020	0.000
1285.540	-0.020	0.000
1285.550	-0.020	0.000
1285.560	-0.010	0.000
1285.570	-0.010	0.000
1285.580	-0.010	0.000
1285.590	-0.010	-0.073
1285.600	-0.010	-0.073
1285.610	-0.010	-0.146
1285.620	0.010	-0.146
1285.630	0.010	-0.220
1285.640	0.010	-0.293
1285.650	0.020	-0.293
1285.660	0.020	-0.366
1285.670	0.020	-0.439
1285.680	0.050	-0.586
1285.690	0.050	-0.586
1285.700	0.050	-0.659
1285.710	0.070	-0.732
1285.720	0.070	-0.806
1285.730	0.070	-0.952
1285.740	0.090	-1.025
1285.750	0.090	-1.245
1285.760	0.090	-1.392
1285.770	0.110	-1.465
1285.780	0.110	-1.538
1285.790	0.110	-1.611
1285.800	0.140	-1.685
1285.810	0.140	-1.758
1285.820	0.140	-1.831
1285.830	0.160	-1.831
1285.840	0.160	-1.904
1285.850	0.160	-1.978
1285.860	0.180	-2.197
1285.870	0.180	-2.271
1285.880	0.180	-2.344
1285.890	0.210	-2.417
1285.900	0.210	-2.490
1285.910	0.210	-2.490
1285.920	0.230	-2.637
1285.930	0.230	-2.783
1285.940	0.230	-3.003
1285.950	0.270	-3.149
1285.960	0.270	-3.076
1285.970	0.270	-3.149
1285.980	0.310	-3.223
1285.990	0.310	-3.516
1286.000	0.310	-3.882
1286.010	0.350	-4.102
1286.020	0.350	-4.102
1286.030	0.350	-4.175
1286.040	0.390	-4.102
1286.050	0.390	-4.321
1286.060	0.390	-4.468
1286.070	0.420	-4.614
1286.080	0.420	-4.687
1286.090	0.420	-4.834
1286.100	0.450	-4.980
1286.110	0.450	-4.980
1286.120	0.450	-5.127
1286.130	0.480	-5.273
1286.140	0.480	-5.640
1286.150	0.480	-5.566
1286.160	0.520	-5.713
1286.170	0.520	-6.152
1286.180	0.520	-6.372
1286.190	0.560	-6.152
1286.200	0.560	-6.079
1286.210	0.560	-6.445
1286.220	0.600	-6.738
1286.230	0.600	-6.812
1286.240	0.600	-7.031
1286.250	0.630	-7.104
1286.260	0.630	-7.031
1286.270	0.630	-7.104
1286.280	0.670	-7.178
1286.290	0.670	-7.544
1286.300	0.670	-7.910
1286.310	0.700	-7.764
1286.320	0.700	-7.764
1286.330	0.700	-8.057
1286.340	0.740	-7.910
1286.350	0.740	-8.203
1286.360	0.740	-8.569
1286.370	0.770	-8.276
1286.380	0.770	-8.643
1286.390	0.770	-8.716
1286.400	0.820	-8.862
1286.410	0.820	-9.155
1286.420	0.820	-9.375
1286.430	0.860	-9.375
1286.440	0.860	-9.814
1286.450	0.860	-9.668
1286.460	0.890	-9.668
1286.470	0.890	-10.034
1286.480	0.890	-10.400
1286.490	0.920	-10.400
1286.500	0.920	-10.327
1286.510	0.920	-10.254
1286.520	0.970	-10.767
1286.530	0.970	-10.620
1286.540	0.970	-11.060
1286.550	0.980	-10.620
1286.560	0.980	-11.060
1286.570	0.980	-11.133
1286.580	1.000	-11.353
1286.590	1.000	-11.060
1286.600	1.000	-11.206
1286.610	1.040	-11.426
1286.620	1.040	-11.572
1286.630	1.040	-11.499
1286.640	1.060	-11.499
1286.650	1.060	-11.792
1286.660	1.060	-12.012
1286.670	1.100	-12.012
1286.680	1.100	-12.012
1286.690	1.100	-12.451
1286.700	1.120	-12.451
1286.710	1.120	-12.671
1286.720	1.120	-12.598
1286.730	1.150	-13.257
1286.740	1.150	-12.891
1286.750	1.150	-13.110
1286.760	1.180	-13.037
1286.770	1.180	-13.257
1286.780	1.180	-13.257
1286.790	1.190	-13.330
1286.800	1.190	-13.623
1286.810	1.190	-13.403
1286.820	1.240	-13.550
1286.830	1.240	-13.403
1286.840	1.240	-13.696
1286.850	1.240	-13.916
1286.860	1.240	-13.843
1286.870	1.240	-14.062
1286.880	1.270	-14.062
1286.890	1.270	-13.989
1286.900	1.270	-14.062
1286.910	1.270	-14.282
1286.920	1.270	-14.355
1286.930	1.270	-14.575
1286.940	1.290	-14.502
1286.950	1.290	-14.429
1286.960	1.290	-14.648
1286.970	1.290	-14.429
1286.980	1.290	-14.648
1286.990	1.290	-14.941
1287.000	1.310	-14.648
1287.010	1.310	-14.868
1287.020	1.310	-14.648
1287.030	1.320	-14.575
1287.040	1.320	-14.941
1287.050	1.320	-14.795
1287.060	1.330	-14.941
1287.070	1.330	-14.941
1287.080	1.330	-14.795
1287.090	1.330	-14.868
1287.100	1.330	-14.868
1287.110	1.330	-14.868
1287.120	1.340	-15.308
1287.130	1.340	-14.868
1287.140	1.340	-14.868
1287.150	1.320	-15.234
1287.160	1.320	-14.722
1287.170	1.320	-15.015
1287.180	1.340	-15.308
1287.190	1.340	-14.795
1287.200	1.340	-15.015
1287.210	1.310	-15.015
1287.220	1.310	-14.648
1287.230	1.310	-14.941
1287.240	1.320	-14.941
1287.250	1.320	-14.648
1287.260	1.320	-14.648
1287.270	1.300	-14.648
1287.280	1.300	-14.575
1287.290	1.300	-14.648
1287.300	1.300	-14.648
1287.310	1.300	-14.722
1287.320	1.300	-14.502
1287.330	1.270	-14.502
1287.340	1.270	-14.575
1287.350	1.270	-14.355
1287.360	1.270	-14.355
1287.370	1.270	-14.429
1287.380	1.270	-14.209
1287.390	1.230	-14.355
1287.400	1.230	-14.062
1287.410	1.230	-14.062
1287.420	1.240	-13.989
1287.430	1.240	-13.989
1287.440	1.240	-13.843
1287.450	1.190	-13.989
1287.460	1.190	-13.770
1287.470	1.190	-13.623
1287.480	1.190	-13.696
1287.490	1.190	-13.330
1287.500	1.190	-13.477
1287.510	1.150	-13.257
1287.520	1.150	-13.477
1287.530	1.150	-13.037
1287.540	1.150	-12.964
1287.550	1.150	-13.110
1287.560	1.150	-12.817
1287.570	1.100	-12.891
1287.580	1.100	-12.524
1287.590	1.100	-12.964
1287.600	1.090	-12.451
1287.610	1.090	-12.305
1287.620	1.090	-12.085
1287.630	1.040	-12.378
1287.640	1.040	-11.938
1287.650	1.040	-11.719
1287.660	1.010	-11.792
1287.670	1.010	-11.792
1287.680	1.010	-11.426
1287.690	0.950	-10.986
1287.700	0.950	-11.206
1287.710	0.950	-10.913
1287.720	0.940	-11.060
1287.730	0.940	-10.400
1287.740	0.940	-10.620
1287.750	0.880	-10.327
1287.760	0.880	-10.327
1287.770	0.880	-9.814
1287.780	0.850	-9.814
1287.790	0.850	-9.814
1287.800	0.850	-9.448
1287.810	0.790	-9.448
1287.820	0.790	-9.229
1287.830	0.790	-9.155
1287.840	0.750	-8.862
1287.850	0.750	-8.862
1287.860	0.750	-8.423
1287.870	0.710	-8.423
1287.880	0.710	-8.496
1287.890	0.710	-7.910
1287.900	0.650	-7.910
1287.910	0.650	-7.837
1287.920	0.650	-7.324
1287.930	0.600	-7.324
1287.940	0.600	-7.324
1287.950	0.600	-6.812
1287.960	0.540	-6.299
1287.970	0.540	-6.299
1287.980	0.540	-6.226
1287.990	0.490	-6.226
1288.000	0.490	-6.079
1288.010	0.490	-5.713
1288.020	0.450	-5.640
1288.030	0.450	-5.640
1288.040	0.450	-4.907
1288.050	0.380	-4.907
1288.060	0.380	-4.761
1288.070	0.380	-4.614
1288.080	0.320	-4.248
1288.090	0.320	-4.028
1288.100	0.320	-3.662
1288.110	0.270	-3.662
1288.120	0.270	-3.369
1288.130	0.270	-2.710
1288.140	0.190	-2.710
1288.150	0.190	-2.563
1288.160	0.190	-2.197
1288.170	0.120	-2.197
1288.180	0.120	-1.978
1288.190	0.120	-1.318
1288.200	0.060	-1.318
1288.210	0.060	-1.099
1288.220	0.060	-0.659
1288.230	-0.010	-0.659
1288.240	-0.010	-0.439
1288.250	-0.010	0.000
1288.260	-0.090	0.000
1288.270	-0.090	0.293
1288.280	-0.090	0.806
1288.290	-0.170	0.806
1288.300	-0.170	0.952
1288.310	-0.170	1.611
1288.320	-0.230	1.611
1288.330	-0.230	1.978
1288.340	-0.230	2.417
1288.350	-0.300	2.417
1288.360	-0.300	2.563
1288.370	-0.300	2.930
1288.380	-0.370	2.930
1288.390	-0.370	3.369
1288.400	-0.370	3.882
1288.410	-0.430	3.882
1288.420	-0.430	4.028
1288.430	-0.430	4.614
1288.440	-0.480	4.614
1288.450	-0.480	4.761
1288.460	-0.480	5.347
1288.470	-0.550	5.347
1288.480	-0.550	5.786
1288.490	-0.550	5.859
1288.500	-0.600	5.859
1288.510	-0.600	6.299
1288.520	-0.600	6.372
1288.530	-0.670	6.445
1288.540	-0.670	6.738
1288.550	-0.670	7.104
1288.560	-0.740	7.397
1288.570	-0.740	7.764
1288.580	-0.740	7.617
1288.590	-0.810	7.983
1288.600	-0.810	8.350
1288.610	-0.810	8.276
1288.620	-0.840	8.789
1288.630	-0.840	8.862
1288.640	-0.840	8.716
1288.650	-0.880	9.155
1288.660	-0.880	9.302
1288.670	-0.880	9.448
1288.680	-0.920	9.521
1288.690	-0.920	9.814
1288.700	-0.920	9.814
1288.710	-0.970	10.181
1288.720	-0.970	9.961
1288.730	-0.970	10.181
1288.740	-1.010	10.767
1288.750	-1.010	10.620
1288.760	-1.010	10.840
1288.770	-1.050	10.767
1288.780	-1.050	11.353
1288.790	-1.050	11.353
1288.800	-1.110	11.499
1288.810	-1.110	11.426
1288.820	-1.110	11.938
1288.830	-1.160	12.451
1288.840	-1.160	12.085
1288.850	-1.160	12.451
1288.860	-1.200	12.598
1288.870	-1.200	12.817
1288.880	-1.200	12.598
1288.890	-1.240	13.037
1288.900	-1.240	13.330
1288.910	-1.240	13.403
1288.920	-1.280	13.623
1288.930	-1.280	13.477
1288.940	-1.280	13.843
1288.950	-1.320	13.989
1288.960	-1.320	14.062
1288.970	-1.320	14.722
1288.980	-1.360	14.722
1288.990	-1.360	14.502
1289.000	-1.360	14.941
1289.010	-1.410	14.941
1289.020	-1.410	14.868
1289.030	-1.410	15.454
1289.040	-1.440	15.454
1289.050	-1.440	15.308
1289.060	-1.440	15.747
1289.070	-1.480	15.747
1289.080	-1.480	15.747
1289.090	-1.480	15.967
1289.100	-1.530	16.333
1289.110	-1.530	16.406
1289.120	-1.530	16.333
1289.130	-1.560	16.553
1289.140	-1.560	16.772
1289.150	-1.560	16.772
1289.160	-1.590	16.992
1289.170	-1.590	17.065
1289.180	-1.590	17.358
1289.190	-1.630	17.505
1289.200	-1.630	17.212
1289.210	-1.630	17.578
1289.220	-1.670	17.944
1289.230	-1.670	17.798
1289.240	-1.670	17.798
1289.250	-1.690	18.091
1289.260	-1.690	18.237
1289.270	-1.690	18.384
1289.280	-1.730	18.384
1289.290	-1.730	18.457
1289.300	-1.730	18.677
1289.310	-1.770	18.750
1289.320	-1.770	18.823
1289.330	-1.770	18.970
1289.340	-1.780	19.189
1289.350	-1.780	19.116
1289.360	-1.780	19.189
1289.370	-1.810	19.336
1289.380	-1.810	19.556
1289.390	-1.810	19.775
1289.400	-1.830	19.995
1289.410	-1.830	19.849
1289.420	-1.830	19.775
1289.430	-1.850	20.068
1289.440	-1.850	19.995
1289.450	-1.850	20.508
1289.460	-1.880	20.435
1289.470	-1.880	20.361
1289.480	-1.880	20.508
1289.490	-1.900	20.288
1289.500	-1.900	20.288
1289.510	-1.900	20.288
1289.520	-1.900	20.728
1289.530	-1.900	20.654
1289.540	-1.900	20.801
1289.550	-1.930	20.801
1289.560	-1.930	20.874
1289.570	-1.930	21.021
1289.580	-1.920	20.801
1289.590	-1.920	20.947
1289.600	-1.920	20.801
1289.610	-1.940	21.094
1289.620	-1.940	20.874
1289.630	-1.940	20.947
1289.640	-1.940	20.947
1289.650	-1.940	20.874
1289.660	-1.940	21.021
1289.670	-1.960	20.947
1289.680	-1.960	21.167
1289.690	-1.960	20.947
1289.700	-1.970	21.387
1289.710	-1.970	21.167
1289.720	-1.970	21.313
1289.730	-1.960	21.240
1289.740	-1.960	21.313
1289.750	-1.960	21.387
1289.760	-1.970	21.167
1289.770	-1.970	21.240
1289.780	-1.970	21.021
1289.790	-1.950	21.606
1289.800	-1.950	21.094
1289.810	-1.950	21.313
1289.820	-1.950	21.094
1289.830	-1.950	21.167
1289.840	-1.950	21.021
1289.850	-1.940	21.021
1289.860	-1.940	21.094
1289.870	-1.940	21.167
1289.880	-1.930	21.167
1289.890	-1.930	20.581
1289.900	-1.930	20.654
1289.910	-1.920	20.654
1289.920	-1.920	20.947
1289.930	-1.920	20.801
1289.940	-1.900	20.801
1289.950	-1.900	20.728
1289.960	-1.900	20.581
1289.970	-1.890	20.581
1289.980	-1.890	20.288
1289.990	-1.890	20.581
1290.000	-1.850	20.435
1290.010	-1.850	20.581
1290.020	-1.850	20.435
1290.030	-1.850	20.215
1290.040	-1.850	19.995
1290.050	-1.850	19.775
1290.060	-1.800	19.995
1290.070	-1.800	19.922
1290.080	-1.800	19.995
1290.090	-1.790	19.775
1290.100	-1.790	19.336
1290.110	-1.790	19.336
1290.120	-1.750	19.189
1290.130	-1.750	19.263
1290.140	-1.750	19.189
1290.150	-1.720	18.896
1290.160	-1.720	18.823
1290.170	-1.720	18.604
1290.180	-1.700	18.604
1290.190	-1.700	18.457
1290.200	-1.700	18.384
1290.210	-1.660	18.384
1290.220	-1.660	18.237
1290.230	-1.660	17.871
1290.240	-1.630	17.871
1290.250	-1.630	18.018
1290.260	-1.630	17.432
1290.270	-1.580	17.432
1290.280	-1.580	17.212
1290.290	-1.580	17.432
1290.300	-1.540	17.432
1290.310	-1.540	16.699
1290.320	-1.540	16.846
1290.330	-1.500	16.846
1290.340	-1.500	16.333
1290.350	-1.500	16.406
1290.360	-1.450	16.187
1290.370	-1.450	15.820
1290.380	-1.450	15.894
1290.390	-1.410	15.674
1290.400	-1.410	15.234
1290.410	-1.410	15.527
1290.420	-1.360	15.015
1290.430	-1.360	14.722
1290.440	-1.360	14.648
1290.450	-1.310	14.429
1290.460	-1.310	14.355
1290.470	-1.310	14.209
1290.480	-1.260	14.136
1290.490	-1.260	13.623
1290.500	-1.260	13.696
1290.510	-1.210	13.184
1290.520	-1.210	13.257
1290.530	-1.210	13.110
1290.540	-1.140	13.037
1290.550	-1.140	12.598
1290.560	-1.140	12.378
1290.570	-1.100	12.451
1290.580	-1.100	11.865
1290.590	-1.100	11.646
1290.600	-1.040	11.646
1290.610	-1.040	11.499
1290.620	-1.040	11.279
1290.630	-0.970	10.840
1290.640	-0.970	10.767
1290.650	-0.970	10.620
1290.660	-0.910	10.254
1290.670	-0.910	10.107
1290.680	-0.910	9.741
1290.690	-0.850	9.668
1290.700	-0.850	9.375
1290.710	-0.850	9.155
1290.720	-0.790	8.936
1290.730	-0.790	8.862
1290.740	-0.790	8.350
1290.750	-0.720	8.203
1290.760	-0.720	8.130
1290.770	-0.720	7.690
1290.780	-0.650	7.617
1290.790	-0.650	7.544
1290.800	-0.650	7.031
1290.810	-0.590	6.738
1290.820	-0.590	6.226
1290.830	-0.590	6.152
1290.840	-0.520	6.226
1290.850	-0.520	5.786
1290.860	-0.520	5.347
1290.870	-0.450	5.200
1290.880	-0.450	5.054
1290.890	-0.450	4.761
1290.900	-0.380	4.614
1290.910	-0.380	4.395
1290.920	-0.380	4.175
1290.930	-0.310	3.662
1290.940	-0.310	3.223
1290.950	-0.310	3.003
1290.960	-0.230	2.856
1290.970	-0.230	2.637
1290.980	-0.230	2.344
1290.990	-0.160	2.051
1291.000	-0.160	1.758
1291.010	-0.160	1.611
1291.020	-0.100	1.392
1291.030	-0.100	1.245
1291.040	-0.100	1.025
1291.050	-0.030	0.806
1291.060	-0.030	0.513
1291.070	-0.030	0.146
1291.080	0.030	-0.146
1291.090	0.030	-0.439
1291.100	0.030	-0.659
1291.110	0.080	-0.879
1291.120	0.080	-0.952
1291.130	0.080	-1.172
1291.140	0.120	-1.318
1291.150	0.120	-1.392
1291.160	0.120	-1.465
1291.170	0.160	-1.538
1291.180	0.160	-1.685
1291.190	0.160	-1.904
1291.200	0.210	-2.197
1291.210	0.210	-2.344
1291.220	0.210	-2.563
1291.230	0.250	-2.637
1291.240	0.250	-2.856
1291.250	0.250	-3.076
1291.260	0.290	-3.516
1291.270	0.290	-3.735
1291.280	0.290	-3.809
1291.290	0.340	-3.735
1291.300	0.340	-3.662
1291.310	0.340	-3.882
1291.320	0.380	-4.248
1291.330	0.380	-4.395
1291.340	0.380	-4.468
1291.350	0.420	-4.614
1291.360	0.420	-4.761
1291.370	0.420	-4.834
1291.380	0.460	-4.980
1291.390	0.460	-5.127
1291.400	0.460	-5.566
1291.410	0.500	-5.713
1291.420	0.500	-5.566
1291.430	0.500	-5.786
1291.440	0.530	-6.152
1291.450	0.530	-6.152
1291.460	0.530	-6.006
1291.470	0.570	-6.226
1291.480	0.570	-6.445
1291.490	0.570	-6.592
1291.500	0.600	-6.592
1291.510	0.600	-6.812
1291.520	0.600	-6.958
1291.530	0.640	-7.031
1291.540	0.640	-7.178
1291.550	0.640	-7.324
1291.560	0.680	-7.690
1291.570	0.680	-7.837
1291.580	0.680	-7.910
1291.590	0.700	-7.910
1291.600	0.700	-8.057
1291.610	0.700	-7.910
1291.620	0.730	-8.423
1291.630	0.730	-8.423
1291.640	0.730	-8.276
1291.650	0.770	-8.716
1291.660	0.770	-8.643
1291.670	0.770	-8.936
1291.680	0.820	-9.155
1291.690	0.820	-9.155
1291.700	0.820	-9.302
1291.710	0.850	-9.448
1291.720	0.850	-9.448
1291.730	0.850	-9.595
1291.740	0.870	-9.888
1291.750	0.870	-9.814
1291.760	0.870	-10.034
1291.770	0.910	-10.034
1291.780	0.910	-10.034
1291.790	0.910	-10.400
1291.800	0.930	-10.254
1291.810	0.930	-10.620
1291.820	0.930	-10.327
1291.830	0.940	-10.620
1291.840	0.940	-10.547
1291.850	0.940	-10.913
1291.860	0.970	-10.840
1291.870	0.970	-10.986
1291.880	0.970	-11.133
1291.890	0.990	-11.133
1291.900	0.990	-11.206
1291.910	0.990	-11.426
1291.920	1.010	-11.426
1291.930	1.010	-11.646
1291.940	1.010	-11.353
1291.950	1.040	-11.353
1291.960	1.040	-11.572
1291.970	1.040	-11.865
1291.980	1.060	-11.865
1291.990	1.060	-11.865
1292.000	1.060	-12.451
1292.010	1.080	-12.451
1292.020	1.080	-12.158
1292.030	1.080	-12.085
1292.040	1.110	-12.085
1292.050	1.110	-12.598
1292.060	1.110	-12.378
1292.070	1.110	-12.378
1292.080	1.110	-12.671
1292.090	1.110	-12.671
1292.100	1.130	-12.671
1292.110	1.130	-12.451
1292.120	1.130	-12.671
1292.130	1.150	-12.671
1292.140	1.150	-12.964
1292.150	1.150	-13.184
1292.160	1.140	-13.184
1292.170	1.140	-12.817
1292.180	1.140	-13.037
1292.190	1.160	-13.037
1292.200	1.160	-12.964
1292.210	1.160	-12.817
1292.220	1.160	-12.817
1292.230	1.160	-13.330
1292.240	1.160	-13.184
1292.250	1.150	-13.184
1292.260	1.150	-12.891
1292.270	1.150	-13.184
1292.280	1.160	-13.184
1292.290	1.160	-12.964
1292.300	1.160	-13.037
1292.310	1.150	-13.037
1292.320	1.150	-13.257
1292.330	1.150	-13.330
1292.340	1.170	-13.330
1292.350	1.170	-13.037
1292.360	1.170	-13.184
1292.370	1.160	-13.403
1292.380	1.160	-13.037
1292.390	1.160	-13.184
1292.400	1.160	-12.891
1292.410	1.160	-13.330
1292.420	1.160	-13.110
1292.430	1.150	-13.110
1292.440	1.150	-13.110
1292.450	1.150	-13.037
1292.460	1.130	-13.037
1292.470	1.130	-12.671
1292.480	1.130	-12.744
1292.490	1.130	-12.744
1292.500	1.130	-12.891
1292.510	1.130	-12.964
1292.520	1.110	-12.964
1292.530	1.110	-12.524
1292.540	1.110	-12.451
1292.550	1.090	-12.451
1292.560	1.090	-12.524
1292.570	1.090	-12.231
1292.580	1.080	-12.231
1292.590	1.080	-12.451
1292.600	1.080	-12.085
1292.610	1.050	-12.085
1292.620	1.050	-11.938
1292.630	1.050	-12.085
1292.640	1.040	-12.012
1292.650	1.040	-11.719
1292.660	1.040	-11.646
1292.670	1.000	-11.719
1292.680	1.000	-11.572
1292.690	1.000	-11.133
1292.700	0.970	-11.279
1292.710	0.970	-11.206
1292.720	0.970	-11.206
1292.730	0.960	-10.913
1292.740	0.960	-10.767
1292.750	0.960	-10.840
1292.760	0.920	-10.693
1292.770	0.920	-10.620
1292.780	0.920	-10.181
1292.790	0.880	-10.547
1292.800	0.880	-10.107
1292.810	0.880	-10.254
1292.820	0.850	-9.888
1292.830	0.850	-9.741
1292.840	0.850	-9.741
1292.850	0.810	-9.595
1292.860	0.810	-9.375
1292.870	0.810	-9.229
1292.880	0.760	-9.155
1292.890	0.760	-8.789
1292.900	0.760	-8.789
1292.910	0.730	-8.350
1292.920	0.730	-8.423
1292.930	0.730	-8.423
1292.940	0.680	-7.910
1292.950	0.680	-7.764
1292.960	0.680	-7.690
1292.970	0.640	-7.471
1292.980	0.640	-7.471
1292.990	0.640	-7.544
1293.000	0.600	-7.251
1293.010	0.600	-7.104
1293.020	0.600	-6.665
1293.030	0.550	-6.665
1293.040	0.550	-6.592
1293.050	0.550	-6.445
1293.060	0.500	-6.226
1293.070	0.500	-6.226
1293.080	0.500	-6.006
1293.090	0.440	-5.493
1293.100	0.440	-5.200
1293.110	0.440	-5.127
1293.120	0.380	-5.200
1293.130	0.380	-4.834
1293.140	0.380	-4.687
1293.150	0.330	-4.468
1293.160	0.330	-4.175
1293.170	0.330	-3.809
1293.180	0.270	-3.809
1293.190	0.270	-3.809
1293.200	0.270	-3.735
1293.210	0.220	-3.516
1293.220	0.220	-2.783
1293.230	0.220	-2.783
1293.240	0.150	-2.563
1293.250	0.150	-2.344
1293.260	0.150	-2.051
1293.270	0.090	-1.831
1293.280	0.090	-1.392
1293.290	0.090	-1.025
1293.300	0.020	-0.806
1293.310	0.020	-0.586
1293.320	0.020	-0.439
1293.330	-0.040	-0.366
1293.340	-0.040	-0.146
1293.350	-0.040	0.000
1293.360	-0.110	0.220
1293.370	-0.110	0.366
1293.380	-0.110	0.586
1293.390	-0.170	0.732
1293.400	-0.170	0.952
1293.410	-0.170	1.318
1293.420	-0.230	1.758
1293.430	-0.230	2.051
1293.440	-0.230	2.271
1293.450	-0.290	2.490
1293.460	-0.290	2.710
1293.470	-0.290	2.930
1293.480	-0.330	3.223
1293.490	-0.330	3.516
1293.500	-0.330	3.589
1293.510	-0.360	3.516
1293.520	-0.360	3.442
1293.530	-0.360	3.516
1293.540	-0.400	3.809
1293.550	-0.400	4.102
1293.560	-0.400	4.102
1293.570	-0.430	4.321
1293.580	-0.430	4.248
1293.590	-0.430	4.468
1293.600	-0.470	4.614
1293.610	-0.470	4.687
1293.620	-0.470	4.761
1293.630	-0.500	5.054
1293.640	-0.500	5.200
1293.650	-0.500	5.200
1293.660	-0.540	5.347
1293.670	-0.540	5.566
1293.680	-0.540	5.786
1293.690	-0.570	5.640
1293.700	-0.570	5.640
1293.710	-0.570	6.079
1293.720	-0.600	6.372
1293.730	-0.600	6.299
1293.740	-0.600	6.226
1293.750	-0.630	6.445
1293.760	-0.630	6.445
1293.770	-0.630	6.299
1293.780	-0.660	6.519
1293.790	-0.660	6.812
1293.800	-0.660	7.031
1293.810	-0.690	7.178
1293.820	-0.690	7.104
1293.830	-0.690	7.178
1293.840	-0.740	7.544
1293.850	-0.740	7.544
1293.860	-0.740	7.764
1293.870	-0.770	8.203
1293.880	-0.770	7.983
1293.890	-0.770	8.423
1293.900	-0.800	8.423
1293.910	-0.800	8.276
1293.920	-0.800	8.789
1293.930	-0.830	8.789
1293.940	-0.830	8.569
1293.950	-0.830	8.936
1293.960	-0.870	9.082
1293.970	-0.870	9.082
1293.980	-0.870	9.375
1293.990	-0.910	9.375
1294.000	-0.910	9.448
1294.010	-0.910	9.668
1294.020	-0.930	9.668
1294.030	-0.930	9.741
1294.040	-0.930	9.888
1294.050	-0.950	9.888
1294.060	-0.950	10.107
1294.070	-0.950	10.107
1294.080	-0.990	10.181
1294.090	-0.990	10.693
1294.100	-0.990	10.474
1294.110	-1.030	10.840
1294.120	-1.030	10.547
1294.130	-1.030	11.060
1294.140	-1.040	10.986
1294.150	-1.040	11.206
1294.160	-1.040	11.060
1294.170	-1.080	11.499
1294.180	-1.080	11.572
1294.190	-1.080	11.572
1294.200	-1.100	11.499
1294.210	-1.100	11.719
1294.220	-1.100	11.865
1294.230	-1.120	11.865
1294.240	-1.120	11.792
1294.250	-1.120	12.085
1294.260	-1.160	12.378
1294.270	-1.160	12.085
1294.280	-1.160	12.378
1294.290	-1.170	12.378
1294.300	-1.170	12.817
1294.310	-1.170	12.305
1294.320	-1.190	12.891
1294.330	-1.190	12.671
1294.340	-1.190	13.184
1294.350	-1.220	12.817
1294.360	-1.220	12.964
1294.370	-1.220	13.184
1294.380	-1.220	13.037
1294.390	-1.220	13.184
1294.400	-1.220	13.110
1294.410	-1.250	13.623
1294.420	-1.250	13.184
1294.430	-1.250	13.477
1294.440	-1.250	13.477
1294.450	-1.250	13.403
1294.460	-1.250	13.623
1294.470	-1.270	13.477
1294.480	-1.270	13.696
1294.490	-1.270	13.623
1294.500	-1.280	13.770
1294.510	-1.280	13.770
1294.520	-1.280	13.623
1294.530	-1.290	13.843
1294.540	-1.290	13.843
1294.550	-1.290	13.989
1294.560	-1.310	13.989
1294.570	-1.310	13.989
1294.580	-1.310	14.062
1294.590	-1.300	14.062
1294.600	-1.300	13.989
1294.610	-1.300	14.062
1294.620	-1.320	14.282
1294.630	-1.320	14.136
1294.640	-1.320	14.136
1294.650	-1.300	14.136
1294.660	-1.300	14.136
1294.670	-1.300	14.282
1294.680	-1.320	14.209
1294.690	-1.320	14.209
1294.700	-1.320	14.209
1294.710	-1.290	14.209
1294.720	-1.290	14.062
1294.730	-1.290	14.136
1294.740	-1.310	14.282
1294.750	-1.310	14.136
1294.760	-1.310	14.136
1294.770	-1.280	14.136
1294.780	-1.280	13.989
1294.790	-1.280	13.989
1294.800	-1.300	14.062
1294.810	-1.300	13.989
1294.820	-1.300	13.989
1294.830	-1.270	13.989
1294.840	-1.270	13.770
1294.850	-1.270	13.843
1294.860	-1.290	13.770
1294.870	-1.290	13.623
1294.880	-1.290	13.843
1294.890	-1.260	13.696
1294.900	-1.260	13.696
1294.910	-1.260	13.696
1294.920	-1.260	13.623
1294.930	-1.260	13.550
1294.940	-1.260	13.403
1294.950	-1.230	13.696
1294.960	-1.230	13.330
1294.970	-1.230	13.477
1294.980	-1.230	13.403
1294.990	-1.230	13.184
1295.000	-1.230	13.110
1295.010	-1.180	12.891
1295.020	-1.180	13.330
1295.030	-1.180	12.817
1295.040	-1.190	13.037
1295.050	-1.190	12.671
1295.060	-1.190	12.817
1295.070	-1.150	12.451
1295.080	-1.150	12.451
1295.090	-1.150	12.598
1295.100	-1.140	12.451
1295.110	-1.140	12.305
1295.120	-1.140	12.085
1295.130	-1.090	12.231
1295.140	-1.090	11.865
1295.150	-1.090	11.792
1295.160	-1.080	11.792
1295.170	-1.080	11.792
1295.180	-1.080	11.646
1295.190	-1.030	11.353
1295.200	-1.030	11.426
1295.210	-1.030	11.279
1295.220	-1.010	11.206
1295.230	-1.010	10.840
1295.240	-1.010	10.840
1295.250	-0.970	10.913
1295.260	-0.970	10.620
1295.270	-0.970	10.620
1295.280	-0.940	10.181
1295.290	-0.940	10.474
1295.300	-0.940	10.034
1295.310	-0.910	10.034
1295.320	-0.910	9.741
1295.330	-0.910	9.668
1295.340	-0.850	9.668
1295.350	-0.850	9.448
1295.360	-0.850	9.155
1295.370	-0.820	9.155
1295.380	-0.820	9.009
1295.390	-0.820	8.716
1295.400	-0.770	8.716
1295.410	-0.770	8.423
1295.420	-0.770	8.350
1295.430	-0.730	8.423
1295.440	-0.730	7.837
1295.450	-0.730	7.764
1295.460	-0.680	7.764
1295.470	-0.680	7.397
1295.480	-0.680	7.251
1295.490	-0.620	7.251
1295.500	-0.620	6.958
1295.510	-0.620	6.372
1295.520	-0.590	6.372
1295.530	-0.590	6.152
1295.540	-0.590	6.152
1295.550	-0.530	6.152
1295.560	-0.530	5.713
1295.570	-0.530	5.566
1295.580	-0.480	5.566
1295.590	-0.480	5.273
1295.600	-0.480	4.761
1295.610	-0.440	4.761
1295.620	-0.440	4.614
1295.630	-0.440	4.028
1295.640	-0.370	4.028
1295.650	-0.370	3.955
1295.660	-0.370	3.589
1295.670	-0.310	3.589
1295.680	-0.310	3.296
1295.690	-0.310	2.930
1295.700	-0.250	2.930
1295.710	-0.250	2.783
1295.720	-0.250	2.637
1295.730	-0.180	2.490
1295.740	-0.180	1.831
1295.750	-0.180	1.538
1295.760	-0.110	1.538
1295.770	-0.110	1.318
1295.780	-0.110	0.879
1295.790	-0.040	0.879
1295.800	-0.040	0.513
1295.810	-0.040	0.073
1295.820	0.020	0.073
1295.830	0.020	-0.220
1295.840	0.020	-0.732
1295.850	0.090	-0.732
1295.860	0.090	-0.952
1295.870	0.090	-1.465
1295.880	0.160	-1.465
1295.890	0.160	-1.831
1295.900	0.160	-2.417
1295.910	0.230	-2.417
1295.920	0.230	-2.710
1295.930	0.230	-2.930
1295.940	0.300	-2.930
1295.950	0.300	-3.076
1295.960	0.300	-3.735
1295.970	0.360	-3.735
1295.980	0.360	-3.955
1295.990	0.360	-4.102
1296.000	0.410	-4.102
1296.010	0.410	-4.614
1296.020	0.410	-4.614
1296.030	0.460	-4.907
1296.040	0.460	-5.054
1296.050	0.460	-5.420
1296.060	0.510	-5.640
1296.070	0.510	-5.640
1296.080	0.510	-5.933
1296.090	0.560	-6.372
1296.100	0.560	-6.445
1296.110	0.560	-6.299
1296.120	0.630	-6.738
1296.130	0.630	-6.958
1296.140	0.630	-7.251
1296.150	0.680	-7.617
1296.160	0.680	-7.544
1296.170	0.680	-7.837
1296.180	0.720	-7.983
1296.190	0.720	-7.837
1296.200	0.720	-8.423
1296.210	0.750	-8.569
1296.220	0.750	-8.423
1296.230	0.750	-8.716
1296.240	0.790	-8.789
1296.250	0.790	-8.862
1296.260	0.790	-9.155
1296.270	0.830	-9.155
1296.280	0.830	-9.302
1296.290	0.830	-9.521
1296.300	0.870	-9.595
1296.310	0.870	-9.595
1296.320	0.870	-9.961
1296.330	0.900	-9.961
1296.340	0.900	-10.254
1296.350	0.900	-10.181
1296.360	0.930	-10.254
1296.370	0.930	-10.693
1296.380	0.930	-10.620
1296.390	0.970	-10.986
1296.400	0.970	-10.620
1296.410	0.970	-11.133
1296.420	1.010	-11.133
1296.430	1.010	-11.426
1296.440	1.010	-11.279
1296.450	1.040	-11.646
1296.460	1.040	-11.865
1296.470	1.040	-11.792
1296.480	1.080	-11.938
1296.490	1.080	-11.865
1296.500	1.080	-12.378
1296.510	1.110	-12.231
1296.520	1.110	-12.524
1296.530	1.110	-12.451
1296.540	1.150	-13.037
1296.550	1.150	-12.671
1296.560	1.150	-12.964
1296.570	1.180	-13.184
1296.580	1.180	-13.257
1296.590	1.180	-13.477
1296.600	1.220	-13.477
1296.610	1.220	-13.770
1296.620	1.220	-13.696
1296.630	1.250	-13.843
1296.640	1.250	-13.989
1296.650	1.250	-14.062
1296.660	1.280	-14.282
1296.670	1.280	-14.429
1296.680	1.280	-14.429
1296.690	1.320	-14.575
1296.700	1.320	-14.795
1296.710	1.320	-14.648
1296.720	1.340	-15.015
1296.730	1.340	-15.308
1296.740	1.340	-14.868
1296.750	1.360	-15.381
1296.760	1.360	-15.381
1296.770	1.360	-15.088
1296.780	1.390	-15.674
1296.790	1.390	-15.894
1296.800	1.390	-15.527
1296.810	1.430	-15.967
1296.820	1.430	-16.113
1296.830	1.430	-15.747
1296.840	1.450	-16.333
1296.850	1.450	-16.479
1296.860	1.450	-16.260
1296.870	1.480	-16.626
1296.880	1.480	-16.553
1296.890	1.480	-16.479
1296.900	1.510	-17.065
1296.910	1.510	-16.772
1296.920	1.510	-16.699
1296.930	1.530	-17.358
1296.940	1.530	-16.919
1296.950	1.530	-16.992
1296.960	1.540	-17.432
1296.970	1.540	-17.358
1296.980	1.540	-17.358
1296.990	1.570	-17.358
1297.000	1.570	-17.358
1297.010	1.570	-17.871
1297.020	1.590	-17.578
1297.030	1.590	-17.358
1297.040	1.590	-17.871
1297.050	1.590	-17.944
1297.060	1.590	-17.871
1297.070	1.590	-17.871
1297.080	1.620	-17.944
1297.090	1.620	-18.164
1297.100	1.620	-18.091
1297.110	1.630	-18.164
1297.120	1.630	-18.237
1297.130	1.630	-18.384
1297.140	1.640	-18.457
1297.150	1.640	-18.237
1297.160	1.640	-18.311
1297.170	1.660	-18.530
1297.180	1.660	-18.530
1297.190	1.660	-18.604
1297.200	1.660	-18.604
1297.210	1.660	-18.384
1297.220	1.660	-18.677
1297.230	1.660	-18.677
1297.240	1.660	-18.750
1297.250	1.660	-18.750
1297.260	1.670	-18.750
1297.270	1.670	-18.677
1297.280	1.670	-18.677
1297.290	1.660	-18.677
1297.300	1.660	-18.604
1297.310	1.660	-18.604
1297.320	1.660	-18.604
1297.330	1.660	-18.604
1297.340	1.660	-18.530
1297.350	1.660	-18.457
1297.360	1.660	-18.457
1297.370	1.660	-18.530
1297.380	1.640	-18.677
1297.390	1.640	-18.530
1297.400	1.640	-18.457
1297.410	1.650	-18.530
1297.420	1.650	-18.604
1297.430	1.650	-18.457
1297.440	1.630	-18.384
1297.450	1.630	-18.237
1297.460	1.630	-18.237
1297.470	1.620	-18.384
1297.480	1.620	-18.091
1297.490	1.620	-18.018
1297.500	1.620	-18.164
1297.510	1.620	-18.091
1297.520	1.620	-18.237
1297.530	1.590	-17.944
1297.540	1.590	-17.725
1297.550	1.590	-17.871
1297.560	1.580	-17.871
1297.570	1.580	-17.651
1297.580	1.580	-17.505
1297.590	1.550	-17.505
1297.600	1.550	-17.432
1297.610	1.550	-17.065
1297.620	1.520	-16.772
1297.630	1.520	-17.212
1297.640	1.520	-16.992
1297.650	1.500	-16.919
1297.660	1.500	-16.919
1297.670	1.500	-16.772
1297.680	1.480	-16.846
1297.690	1.480	-16.699
1297.700	1.480	-16.553
1297.710	1.440	-16.626
1297.720	1.440	-16.479
1297.730	1.440	-16.187
1297.740	1.420	-16.260
1297.750	1.420	-16.040
1297.760	1.420	-15.747
1297.770	1.380	-15.601
1297.780	1.380	-15.601
1297.790	1.380	-15.308
1297.800	1.330	-15.161
1297.810	1.330	-15.308
1297.820	1.330	-14.868
1297.830	1.290	-14.795
1297.840	1.290	-14.795
1297.850	1.290	-14.502
1297.860	1.260	-14.502
1297.870	1.260	-14.282
1297.880	1.260	-14.136
1297.890	1.200	-13.916
1297.900	1.200	-13.843
1297.910	1.200	-13.477
1297.920	1.140	-13.477
1297.930	1.140	-13.330
1297.940	1.140	-13.184
1297.950	1.100	-13.184
1297.960	1.100	-12.524
1297.970	1.100	-12.158
1297.980	1.060	-12.158
1297.990	1.060	-12.305
1298.000	1.060	-11.865
1298.010	1.000	-11.719
1298.020	1.000	-11.646
1298.030	1.000	-11.499
1298.040	0.940	-11.206
1298.050	0.940	-10.620
1298.060	0.940	-10.913
1298.070	0.890	-10.474
1298.080	0.890	-10.547
1298.090	0.890	-10.034
1298.100	0.840	-9.888
1298.110	0.840	-9.668
1298.120	0.840	-9.448
1298.130	0.770	-9.229
1298.140	0.770	-9.155
1298.150	0.770	-8.862
1298.160	0.700	-8.423
1298.170	0.700	-8.423
1298.180	0.700	-7.910
1298.190	0.630	-7.764
1298.200	0.630	-7.910
1298.210	0.630	-7.324
1298.220	0.570	-7.031
1298.230	0.570	-6.519
1298.240	0.570	-6.445
1298.250	0.500	-6.445
1298.260	0.500	-6.152
1298.270	0.500	-5.713
1298.280	0.420	-5.786
1298.290	0.420	-5.640
1298.300	0.420	-5.054
1298.310	0.350	-4.834
1298.320	0.350	-4.614
1298.330	0.350	-4.395
1298.340	0.290	-3.882
1298.350	0.290	-3.662
1298.360	0.290	-3.516
1298.370	0.210	-3.296
1298.380	0.210	-2.783
1298.390	0.210	-2.490
1298.400	0.130	-2.271
1298.410	0.130	-2.051
1298.420	0.130	-1.978
1298.430	0.080	-1.758
1298.440	0.080	-1.538
1298.450	0.080	-1.318
1298.460	0.030	-1.025
1298.470	0.030	-0.806
1298.480	0.030	-0.659
1298.490	-0.020	-0.439
1298.500	-0.020	-0.366
1298.510	-0.020	-0.220
1298.520	-0.070	0.000
1298.530	-0.070	0.146
1298.540	-0.070	0.293
1298.550	-0.120	0.439
1298.560	-0.120	0.659
1298.570	-0.120	0.879
1298.580	-0.170	1.099
1298.590	-0.170	1.392
1298.600	-0.170	1.611
1298.610	-0.210	1.758
1298.620	-0.210	1.831
1298.630	-0.210	1.978
1298.640	-0.260	2.051
1298.650	-0.260	2.271
1298.660	-0.260	2.344
1298.670	-0.310	2.637
1298.680	-0.310	2.930
1298.690	-0.310	3.003
1298.700	-0.370	3.149
1298.710	-0.370	3.296
1298.720	-0.370	3.735
1298.730	-0.410	4.028
1298.740	-0.410	4.248
1298.750	-0.410	4.321
1298.760	-0.460	4.395
1298.770	-0.460	4.541
1298.780	-0.460	4.687
1298.790	-0.510	4.907
1298.800	-0.510	4.980
1298.810	-0.510	5.347
1298.820	-0.550	5.420
1298.830	-0.550	5.347
1298.840	-0.550	5.420
1298.850	-0.590	5.859
1298.860	-0.590	6.226
1298.870	-0.590	6.152
1298.880	-0.620	6.226
1298.890	-0.620	6.519
1298.900	-0.620	6.592
1298.910	-0.660	6.519
1298.920	-0.660	6.812
1298.930	-0.660	7.104
1298.940	-0.720	7.397
1298.950	-0.720	7.471
1298.960	-0.720	7.397
1298.970	-0.770	7.544
1298.980	-0.770	7.837
1298.990	-0.770	7.764
1299.000	-0.800	8.276
1299.010	-0.800	8.423
1299.020	-0.800	8.203
1299.030	-0.830	8.643
1299.040	-0.830	8.643
1299.050	-0.830	8.716
1299.060	-0.870	9.082
1299.070	-0.870	9.009
1299.080	-0.870	9.155
1299.090	-0.900	9.302
1299.100	-0.900	9.448
1299.110	-0.900	9.595
1299.120	-0.930	9.741
1299.130	-0.930	9.814
1299.140	-0.930	9.961
1299.150	-0.970	10.254
1299.160	-0.970	10.034
1299.170	-0.970	10.620
1299.180	-0.990	10.474
1299.190	-0.990	10.767
1299.200	-0.990	10.547
1299.210	-1.030	10.986
1299.220	-1.030	11.133
1299.230	-1.030	11.133
1299.240	-1.070	11.133
1299.250	-1.070	11.206
1299.260	-1.070	11.572
1299.270	-1.090	11.792
1299.280	-1.090	11.646
1299.290	-1.090	11.865
1299.300	-1.120	12.085
1299.310	-1.120	12.012
1299.320	-1.120	11.865
1299.330	-1.150	12.158
1299.340	-1.150	12.378
1299.350	-1.150	12.451
1299.360	-1.170	12.305
1299.370	-1.170	12.305
1299.380	-1.170	12.744
1299.390	-1.200	12.451
1299.400	-1.200	12.598
1299.410	-1.200	12.598
1299.420	-1.210	13.257
1299.430	-1.210	12.744
1299.440	-1.210	13.110
1299.450	-1.240	13.184
1299.460	-1.240	13.330
1299.470	-1.240	13.330
1299.480	-1.230	13.330
1299.490	-1.230	13.623
1299.500	-1.230	13.477
1299.510	-1.270	13.696
1299.520	-1.270	13.477
1299.530	-1.270	13.623
1299.540	-1.260	13.550
1299.550	-1.260	13.696
1299.560	-1.260	13.477
1299.570	-1.290	13.623
1299.580	-1.290	13.623
1299.590	-1.290	13.550
1299.600	-1.290	13.550
1299.610	-1.290	13.623
1299.620	-1.290	13.989
1299.630	-1.320	13.989
1299.640	-1.320	13.989
1299.650	-1.320	14.062
1299.660	-1.300	14.062
1299.670	-1.300	14.062
1299.680	-1.300	14.282
1299.690	-1.330	14.282
1299.700	-1.330	14.282
1299.710	-1.330	14.136
1299.720	-1.300	14.136
1299.730	-1.300	14.062
1299.740	-1.300	14.062
1299.750	-1.310	14.062
1299.760	-1.310	14.062
1299.770	-1.310	14.062
1299.780	-1.300	13.989
1299.790	-1.300	13.916
1299.800	-1.300	13.989
1299.810	-1.310	14.062
1299.820	-1.310	14.136
1299.830	-1.310	14.062
1299.840	-1.280	14.062
1299.850	-1.280	13.989
1299.860	-1.280	13.989
1299.870	-1.290	13.916
1299.880	-1.290	13.843
1299.890	-1.290	13.843
1299.900	-1.260	13.843
1299.910	-1.260	13.696
1299.920	-1.260	13.477
1299.930	-1.260	13.696
1299.940	-1.260	13.184
1299.950	-1.260	13.477
1299.960	-1.230	13.403
1299.970	-1.230	13.403
1299.980	-1.230	13.403
1299.990	-1.230	13.184
1300.000	-1.230	13.330
1300.010	-1.230	12.817
1300.020	-1.190	13.184
1300.030	-1.190	12.891
1300.040	-1.190	13.184
1300.050	-1.180	12.817
1300.060	-1.180	12.671
1300.070	-1.180	12.744
1300.080	-1.140	12.378
1300.090	-1.140	12.305
1300.100	-1.140	12.305
1300.110	-1.120	12.598
1300.120	-1.120	12.085
1300.130	-1.120	12.085
1300.140	-1.080	11.938
1300.150	-1.080	11.938
1300.160	-1.080	11.719
1300.170	-1.070	11.499
1300.180	-1.070	11.646
1300.190	-1.070	11.499
1300.200	-1.020	11.353
1300.210	-1.020	10.840
1300.220	-1.020	11.133
1300.230	-1.000	10.913
1300.240	-1.000	10.840
1300.250	-1.000	10.327
1300.260	-0.940	10.327
1300.270	-0.940	10.474
1300.280	-0.940	10.181
1300.290	-0.910	10.181
1300.300	-0.910	9.741
1300.310	-0.910	9.448
1300.320	-0.840	9.448
1300.330	-0.840	9.302
1300.340	-0.840	9.155
1300.350	-0.810	9.155
1300.360	-0.810	8.862
1300.370	-0.810	8.569
1300.380	-0.750	8.569
1300.390	-0.750	8.130
1300.400	-0.750	8.130
1300.410	-0.710	8.130
1300.420	-0.710	7.690
1300.430	-0.710	7.397
1300.440	-0.670	7.397
1300.450	-0.670	7.178
1300.460	-0.670	7.031
1300.470	-0.620	7.031
1300.480	-0.620	6.738
1300.490	-0.620	6.079
1300.500	-0.570	6.079
1300.510	-0.570	5.933
1300.520	-0.570	5.933
1300.530	-0.510	5.933
1300.540	-0.510	5.493
1300.550	-0.510	5.347
1300.560	-0.450	5.273
1300.570	-0.450	5.054
1300.580	-0.450	4.761
1300.590	-0.410	4.614
1300.600	-0.410	4.468
1300.610	-0.410	4.175
1300.620	-0.340	3.809
1300.630	-0.340	3.662
1300.640	-0.340	3.589
1300.650	-0.280	3.442
1300.660	-0.280	3.149
1300.670	-0.280	2.856
1300.680	-0.230	2.710
1300.690	-0.230	2.490
1300.700	-0.230	2.344
1300.710	-0.160	2.197
1300.720	-0.160	1.904
1300.730	-0.160	1.611
1300.740	-0.100	1.245
1300.750	-0.100	0.952
1300.760	-0.100	0.732
1300.770	-0.030	0.513
1300.780	-0.030	0.293
1300.790	-0.030	0.146
1300.800	0.030	-0.073
1300.810	0.030	-0.293
1300.820	0.030	-0.439
1300.830	0.100	-0.659
1300.840	0.100	-1.172
1300.850	0.100	-1.172
1300.860	0.170	-1.611
1300.870	0.170	-1.904
1300.880	0.170	-2.124
1300.890	0.230	-2.344
1300.900	0.230	-2.490
1300.910	0.230	-2.637
1300.920	0.290	-2.856
1300.930	0.290	-3.296
1300.940	0.290	-3.516
1300.950	0.340	-3.662
1300.960	0.340	-3.662
1300.970	0.340	-3.955
1300.980	0.410	-4.395
1300.990	0.410	-4.541
1301.000	0.410	-4.761
1301.010	0.470	-4.980
1301.020	0.470	-5.347
1301.030	0.470	-5.420
1301.040	0.530	-5.566
1301.050	0.530	-5.859
1301.060	0.530	-6.299
1301.070	0.590	-6.299
1301.080	0.590	-6.152
1301.090	0.590	-6.665
1301.100	0.640	-6.958
1301.110	0.640	-7.324
1301.120	0.640	-7.544
1301.130	0.700	-7.544
1301.140	0.700	-7.764
1301.150	0.700	-7.983
1301.160	0.750	-7.910
1301.170	0.750	-8.496
1301.180	0.750	-8.716
1301.190	0.800	-8.569
1301.200	0.800	-8.936
1301.210	0.800	-8.936
1301.220	0.840	-9.302
1301.230	0.840	-9.375
1301.240	0.840	-9.668
1301.250	0.890	-9.668
1301.260	0.890	-10.034
1301.270	0.890	-9.961
1301.280	0.930	-10.107
1301.290	0.930	-10.547
1301.300	0.930	-10.547
1301.310	0.980	-10.986
1301.320	0.980	-10.547
1301.330	0.980	-11.060
1301.340	1.020	-11.133
1301.350	1.020	-11.499
1301.360	1.020	-11.353
1301.370	1.050	-11.572
1301.380	1.050	-11.865
1301.390	1.050	-11.938
1301.400	1.150	-12.012
1301.410	1.150	-11.938
1301.420	1.150	-12.524
1301.430	1.120	-12.378
1301.440	1.120	-12.671
1301.450	1.120	-12.524
1301.460	1.160	-13.110
1301.470	1.160	-12.891
1301.480	1.160	-13.110
1301.490	1.200	-13.330
1301.500	1.200	-13.330
1301.510	1.200	-13.623
1301.520	1.240	-13.696
1301.530	1.240	-13.989
1301.540	1.240	-13.989
1301.550	1.280	-14.136
1301.560	1.280	-14.136
1301.570	1.280	-14.429
1301.580	1.310	-14.502
1301.590	1.310	-14.575
1301.600	1.310	-14.722
1301.610	1.340	-14.722
1301.620	1.340	-14.868
1301.630	1.340	-14.868
1301.640	1.370	-15.088
1301.650	1.370	-15.527
1301.660	1.370	-15.381
1301.670	1.410	-15.601
1301.680	1.410	-15.820
1301.690	1.410	-15.747
1301.700	1.440	-16.040
1301.710	1.440	-16.187
1301.720	1.440	-16.113
1301.730	1.470	-16.333
1301.740	1.470	-16.260
1301.750	1.470	-16.260
1301.760	1.490	-16.699
1301.770	1.490	-16.479
1301.780	1.490	-16.553
1301.790	1.540	-16.992
1301.800	1.540	-16.992
1301.810	1.540	-17.065
1301.820	1.560	-17.285
1301.830	1.560	-17.358
1301.840	1.560	-17.578
1301.850	1.580	-17.432
1301.860	1.580	-17.358
1301.870	1.580	-17.871
1301.880	1.590	-17.651
1301.890	1.590	-17.358
1301.900	1.590	-17.651
1301.910	1.620	-17.725
1301.920	1.620	-17.944
1301.930	1.620	-17.871
1301.940	1.630	-17.871
1301.950	1.630	-18.237
1301.960	1.630	-18.457
1301.970	1.650	-18.457
1301.980	1.650	-18.457
1301.990	1.650	-18.604
1302.000	1.680	-18.750
1302.010	1.680	-18.750
1302.020	1.680	-18.750
1302.030	1.680	-18.750
1302.040	1.680	-18.750
1302.050	1.680	-18.750
1302.060	1.690	-18.823
1302.070	1.690	-18.823
1302.080	1.690	-18.896
1302.090	1.710	-18.970
1302.100	1.710	-18.823
1302.110	1.710	-18.970
1302.120	1.700	-19.043
1302.130	1.700	-19.189
1302.140	1.700	-19.263
1302.150	1.700	-19.116
1302.160	1.700	-19.189
1302.170	1.700	-19.116
1302.180	1.710	-19.336
1302.190	1.710	-19.336
1302.200	1.710	-19.116
1302.210	1.700	-19.189
1302.220	1.700	-19.043
1302.230	1.700	-19.116
1302.240	1.710	-19.336
1302.250	1.710	-19.043
1302.260	1.710	-19.043
1302.270	1.710	-19.043
1302.280	1.710	-18.970
1302.290	1.710	-19.116
1302.300	1.680	-18.970
1302.310	1.680	-18.896
1302.320	1.680	-18.896
1302.330	1.680	-18.970
1302.340	1.680	-18.823
1302.350	1.680	-18.896
1302.360	1.670	-18.750
1302.370	1.670	-18.750
1302.380	1.670	-18.677
1302.390	1.650	-18.677
1302.400	1.650	-18.677
1302.410	1.650	-18.604
1302.420	1.640	-18.604
1302.430	1.640	-18.384
1302.440	1.640	-18.164
1302.450	1.620	-18.311
1302.460	1.620	-18.237
1302.470	1.620	-18.237
1302.480	1.590	-18.018
1302.490	1.590	-17.651
1302.500	1.590	-18.018
1302.510	1.580	-17.944
1302.520	1.580	-17.798
1302.530	1.580	-17.578
1302.540	1.540	-17.578
1302.550	1.540	-17.651
1302.560	1.540	-17.285
1302.570	1.510	-17.212
1302.580	1.510	-17.432
1302.590	1.510	-17.285
1302.600	1.500	-17.065
1302.610	1.500	-16.919
1302.620	1.500	-16.699
1302.630	1.460	-16.919
1302.640	1.460	-16.699
1302.650	1.460	-16.406
1302.660	1.430	-16.626
1302.670	1.430	-16.187
1302.680	1.430	-16.113
1302.690	1.400	-16.187
1302.700	1.400	-15.894
1302.710	1.400	-15.674
1302.720	1.340	-15.527
1302.730	1.340	-15.381
1302.740	1.340	-15.161
1302.750	1.300	-15.161
1302.760	1.300	-15.088
1302.770	1.300	-14.722
1302.780	1.260	-14.575
1302.790	1.260	-14.502
1302.800	1.260	-14.209
1302.810	1.220	-14.282
1302.820	1.220	-14.062
1302.830	1.220	-13.916
1302.840	1.180	-13.770
1302.850	1.180	-13.477
1302.860	1.180	-13.257
1302.870	1.130	-13.330
1302.880	1.130	-13.037
1302.890	1.130	-12.671
1302.900	1.090	-13.037
1302.910	1.090	-12.378
1302.920	1.090	-12.305
1302.930	1.040	-12.012
1302.940	1.040	-12.085
1302.950	1.040	-11.792
1302.960	0.980	-11.499
1302.970	0.980	-11.426
1302.980	0.980	-11.206
1302.990	0.920	-11.206
1303.000	0.920	-10.474
1303.010	0.920	-10.620
1303.020	0.870	-10.327
1303.030	0.870	-10.107
1303.040	0.870	-9.961
1303.050	0.750	-9.668
1303.060	0.750	-9.448
1303.070	0.750	-9.229
1303.080	0.750	-9.009
1303.090	0.750	-8.789
1303.100	0.750	-8.789
1303.110	0.670	-8.276
1303.120	0.670	-8.057
1303.130	0.670	-7.983
1303.140	0.610	-7.471
1303.150	0.610	-7.324
1303.160	0.610	-7.251
1303.170	0.550	-7.031
1303.180	0.550	-6.665
1303.190	0.550	-6.152
1303.200	0.490	-6.006
1303.210	0.490	-6.079
1303.220	0.490	-5.933
1303.230	0.430	-5.493
1303.240	0.430	-5.347
1303.250	0.430	-5.420
1303.260	0.370	-5.054
1303.270	0.370	-4.687
1303.280	0.370	-4.321
1303.290	0.310	-4.321
1303.300	0.310	-3.955
1303.310	0.310	-3.296
1303.320	0.240	-3.149
1303.330	0.240	-3.149
1303.340	0.240	-2.563
1303.350	0.160	-2.197
1303.360	0.160	-2.197
1303.370	0.160	-2.051
1303.380	0.090	-1.831
1303.390	0.090	-1.685
1303.400	0.090	-1.465
1303.410	0.030	-1.245
1303.420	0.030	-1.025
1303.430	0.030	-0.806
1303.440	-0.030	-0.586
1303.450	-0.030	-0.366
1303.460	-0.030	-0.220
1303.470	-0.070	0.073
1303.480	-0.070	0.220
1303.490	-0.070	0.439
1303.500	-0.120	0.659
1303.510	-0.120	0.879
1303.520	-0.120	1.099
1303.530	-0.170	1.245
1303.540	-0.170	1.392
1303.550	-0.170	1.611
1303.560	-0.220	1.685
1303.570	-0.220	1.758
1303.580	-0.220	1.904
1303.590	-0.260	2.051
1303.600	-0.260	2.124
1303.610	-0.260	2.417
1303.620	-0.300	2.563
1303.630	-0.300	2.783
1303.640	-0.300	2.930
1303.650	-0.350	3.076
1303.660	-0.350	3.442
1303.670	-0.350	3.735
1303.680	-0.400	3.955
1303.690	-0.400	3.955
1303.700	-0.400	4.102
1303.710	-0.430	4.028
1303.720	-0.430	4.321
1303.730	-0.430	4.468
1303.740	-0.470	4.687
1303.750	-0.470	4.761
1303.760	-0.470	4.907
1303.770	-0.500	4.980
1303.780	-0.500	4.980
1303.790	-0.500	5.347
1303.800	-0.540	5.347
1303.810	-0.540	5.713
1303.820	-0.540	5.786
1303.830	-0.590	5.786
1303.840	-0.590	6.152
1303.850	-0.590	6.226
1303.860	-0.640	6.226
1303.870	-0.640	6.519
1303.880	-0.640	7.104
1303.890	-0.690	7.104
1303.900	-0.690	7.324
1303.910	-0.690	7.251
1303.920	-0.730	7.251
1303.930	-0.730	7.544
1303.940	-0.730	7.837
1303.950	-0.780	7.837
1303.960	-0.780	8.276
1303.970	-0.780	8.276
1303.980	-0.830	8.276
1303.990	-0.830	8.716
1304.000	-0.830	9.009
1304.010	-0.860	9.009
1304.020	-0.860	9.155
1304.030	-0.860	9.302
1304.040	-0.900	9.302
1304.050	-0.900	9.448
1304.060	-0.900	9.668
1304.070	-0.950	9.741
1304.080	-0.950	10.034
1304.090	-0.950	9.888
1304.100	-0.980	10.254
1304.110	-0.980	10.034
1304.120	-0.980	10.400
1304.130	-1.010	10.767
1304.140	-1.010	10.767
1304.150	-1.010	10.913
1304.160	-1.060	10.767
1304.170	-1.060	11.206
1304.180	-1.060	11.133
1304.190	-1.080	11.279
1304.200	-1.080	11.206
1304.210	-1.080	11.719
1304.220	-1.110	12.012
1304.230	-1.110	11.792
1304.240	-1.110	11.938
1304.250	-1.150	12.085
1304.260	-1.150	12.305
1304.270	-1.150	12.085
1304.280	-1.170	12.451
1304.290	-1.170	12.524
1304.300	-1.170	12.891
1304.310	-1.210	12.744
1304.320	-1.210	12.744
1304.330	-1.210	13.184
1304.340	-1.240	12.964
1304.350	-1.240	13.257
1304.360	-1.240	13.257
1304.370	-1.270	13.696
1304.380	-1.270	13.550
1304.390	-1.270	13.770
1304.400	-1.300	13.843
1304.410	-1.300	13.696
1304.420	-1.300	13.989
1304.430	-1.320	14.136
1304.440	-1.320	14.209
1304.450	-1.320	14.355
1304.460	-1.350	14.575
1304.470	-1.350	14.355
1304.480	-1.350	14.648
1304.490	-1.350	14.795
1304.500	-1.350	14.575
1304.510	-1.350	15.161
1304.520	-1.400	14.941
1304.530	-1.400	14.722
1304.540	-1.400	15.161
1304.550	-1.400	15.015
1304.560	-1.400	15.015
1304.570	-1.400	15.454
1304.580	-1.440	15.234
1304.590	-1.440	15.161
1304.600	-1.440	15.454
1304.610	-1.430	15.381
1304.620	-1.430	15.454
1304.630	-1.430	15.747
1304.640	-1.460	15.674
1304.650	-1.460	15.601
1304.660	-1.460	15.747
1304.670	-1.460	15.674
1304.680	-1.460	15.747
1304.690	-1.460	16.040
1304.700	-1.490	15.967
1304.710	-1.490	15.747
1304.720	-1.490	16.040
1304.730	-1.480	16.040
1304.740	-1.480	15.894
1304.750	-1.480	16.187
1304.760	-1.500	16.187
1304.770	-1.500	15.820
1304.780	-1.500	16.113
1304.790	-1.490	16.113
1304.800	-1.490	15.894
1304.810	-1.490	16.260
1304.820	-1.500	16.187
1304.830	-1.500	15.747
1304.840	-1.500	16.187
1304.850	-1.500	16.187
1304.860	-1.500	15.820
1304.870	-1.500	16.260
1304.880	-1.490	16.187
1304.890	-1.490	15.674
1304.900	-1.490	16.113
1304.910	-1.490	16.113
1304.920	-1.490	15.747
1304.930	-1.490	16.187
1304.940	-1.470	15.967
1304.950	-1.470	15.674
1304.960	-1.470	15.967
1304.970	-1.460	16.040
1304.980	-1.460	15.820
1304.990	-1.460	16.040
1305.000	-1.440	15.894
1305.010	-1.440	15.674
1305.020	-1.440	15.820
1305.030	-1.440	15.820
1305.040	-1.440	15.674
1305.050	-1.440	15.674
1305.060	-1.410	15.674
1305.070	-1.410	15.088
1305.080	-1.410	15.234
1305.090	-1.410	15.454
1305.100	-1.410	14.941
1305.110	-1.410	15.015
1305.120	-1.360	15.015
1305.130	-1.360	14.502
1305.140	-1.360	14.575
1305.150	-1.350	14.575
1305.160	-1.350	14.355
1305.170	-1.350	14.282
1305.180	-1.240	14.282
1305.190	-1.240	14.136
1305.200	-1.240	14.062
1305.210	-1.290	14.062
1305.220	-1.290	14.062
1305.230	-1.290	13.843
1305.240	-1.230	13.843
1305.250	-1.230	13.623
1305.260	-1.230	13.110
1305.270	-1.210	13.110
1305.280	-1.210	13.184
1305.290	-1.210	12.964
1305.300	-1.150	12.964
1305.310	-1.150	12.378
1305.320	-1.150	12.378
1305.330	-1.130	12.378
1305.340	-1.130	11.792
1305.350	-1.130	11.792
1305.360	-1.090	11.792
1305.370	-1.090	11.938
1305.380	-1.090	11.426
1305.390	-1.050	11.426
1305.400	-1.050	11.426
1305.410	-1.050	11.206
1305.420	-1.010	11.206
1305.430	-1.010	10.913
1305.440	-1.010	10.986
1305.450	-0.950	10.986
1305.460	-0.950	10.474
1305.470	-0.950	9.961
1305.480	-0.920	9.961
1305.490	-0.920	9.961
1305.500	-0.920	9.375
1305.510	-0.840	9.375
1305.520	-0.840	9.155
1305.530	-0.840	8.862
1305.540	-0.780	8.862
1305.550	-0.780	8.423
1305.560	-0.780	7.983
1305.570	-0.730	7.983
1305.580	-0.730	7.983
1305.590	-0.730	7.910
1305.600	-0.660	7.471
1305.610	-0.660	7.251
1305.620	-0.660	7.104
1305.630	-0.610	7.031
1305.640	-0.610	6.885
1305.650	-0.610	6.592
1305.660	-0.560	6.372
1305.670	-0.560	6.152
1305.680	-0.560	5.786
1305.690	-0.490	5.420
1305.700	-0.490	5.200
1305.710	-0.490	5.127
1305.720	-0.420	4.907
1305.730	-0.420	4.614
1305.740	-0.420	4.395
1305.750	-0.350	4.175
1305.760	-0.350	3.735
1305.770	-0.350	3.589
1305.780	-0.280	3.442
1305.790	-0.280	3.369
1305.800	-0.280	3.223
1305.810	-0.200	2.930
1305.820	-0.200	2.490
1305.830	-0.200	2.197
1305.840	-0.140	1.978
1305.850	-0.140	1.685
1305.860	-0.140	1.538
1305.870	-0.070	1.245
1305.880	-0.070	1.025
1305.890	-0.070	0.732
1305.900	-0.010	0.439
1305.910	-0.010	0.220
1305.920	-0.010	-0.073
1305.930	0.060	-0.293
1305.940	0.060	-0.586
1305.950	0.060	-0.879
1305.960	0.130	-1.245
1305.970	0.130	-1.538
1305.980	0.130	-1.758
1305.990	0.200	-2.051
1306.000	0.200	-2.563
1306.010	0.200	-3.003
1306.020	0.260	-3.003
1306.030	0.260	-3.296
1306.040	0.260	-3.442
1306.050	0.330	-3.442
1306.060	0.330	-3.516
1306.070	0.330	-4.175
1306.080	0.390	-4.175
1306.090	0.390	-4.541
1306.100	0.390	-4.761
1306.110	0.460	-4.980
1306.120	0.460	-4.980
1306.130	0.460	-5.127
1306.140	0.510	-5.200
1306.150	0.510	-5.566
1306.160	0.510	-6.079
1306.170	0.580	-6.152
1306.180	0.580	-6.226
1306.190	0.580	-6.738
1306.200	0.620	-6.812
1306.210	0.620	-6.812
1306.220	0.620	-6.885
1306.230	0.650	-7.031
1306.240	0.650	-7.324
1306.250	0.650	-7.690
1306.260	0.700	-7.544
1306.270	0.700	-7.617
1306.280	0.700	-7.910
1306.290	0.740	-7.764
1306.300	0.740	-8.276
1306.310	0.740	-8.569
1306.320	0.790	-8.423
1306.330	0.790	-8.789
1306.340	0.790	-8.936
1306.350	0.830	-9.082
1306.360	0.830	-9.229
1306.370	0.830	-9.375
1306.380	0.860	-9.595
1306.390	0.860	-9.741
1306.400	0.860	-9.961
1306.410	0.900	-9.888
1306.420	0.900	-10.181
1306.430	0.900	-10.107
1306.440	0.940	-10.474
1306.450	0.940	-10.327
1306.460	0.940	-10.400
1306.470	0.970	-10.840
1306.480	0.970	-10.693
1306.490	0.970	-10.547
1306.500	1.000	-10.986
1306.510	1.000	-10.986
1306.520	1.000	-10.986
1306.530	1.030	-11.353
1306.540	1.030	-11.060
1306.550	1.030	-11.426
1306.560	1.070	-11.646
1306.570	1.070	-11.792
1306.580	1.070	-11.792
1306.590	1.090	-11.938
1306.600	1.090	-12.451
1306.610	1.090	-12.378
1306.620	1.130	-12.744
1306.630	1.130	-12.598
1306.640	1.130	-13.184
1306.650	1.170	-12.891
1306.660	1.170	-13.110
1306.670	1.170	-13.184
1306.680	1.190	-13.257
1306.690	1.190	-13.330
1306.700	1.190	-13.257
1306.710	1.210	-13.696
1306.720	1.210	-13.403
1306.730	1.210	-13.623
1306.740	1.260	-13.696
1306.750	1.260	-13.770
1306.760	1.260	-13.916
1306.770	1.280	-14.136
1306.780	1.280	-14.209
1306.790	1.280	-14.282
1306.800	1.290	-14.282
1306.810	1.290	-14.209
1306.820	1.290	-14.722
1306.830	1.310	-14.722
1306.840	1.310	-14.648
1306.850	1.310	-14.941
1306.860	1.330	-14.795
1306.870	1.330	-14.795
1306.880	1.330	-15.015
1306.890	1.340	-15.015
1306.900	1.340	-15.381
1306.910	1.340	-15.015
1306.920	1.360	-15.015
1306.930	1.360	-15.308
1306.940	1.360	-15.308
1306.950	1.380	-15.308
1306.960	1.380	-15.674
1306.970	1.380	-15.308
1306.980	1.400	-15.454
1306.990	1.400	-15.674
1307.000	1.400	-15.747
1307.010	1.400	-15.967
1307.020	1.400	-15.967
1307.030	1.400	-15.747
1307.040	1.410	-15.747
1307.050	1.410	-15.894
1307.060	1.410	-15.894
1307.070	1.420	-15.894
1307.080	1.420	-16.040
1307.090	1.420	-15.894
1307.100	1.410	-15.894
1307.110	1.410	-15.967
1307.120	1.410	-15.894
1307.130	1.420	-15.894
1307.140	1.420	-16.113
1307.150	1.420	-15.820
1307.160	1.420	-15.820
1307.170	1.420	-15.967
1307.180	1.420	-15.967
1307.190	1.410	-15.967
1307.200	1.410	-15.967
1307.210	1.410	-15.820
1307.220	1.420	-15.820
1307.230	1.420	-15.820
1307.240	1.420	-15.967
1307.250	1.400	-15.967
1307.260	1.400	-15.894
1307.270	1.400	-15.747
1307.280	1.390	-15.747
1307.290	1.390	-15.674
1307.300	1.390	-15.747
1307.310	1.390	-15.747
1307.320	1.390	-15.674
1307.330	1.390	-15.527
1307.340	1.370	-15.527
1307.350	1.370	-15.381
1307.360	1.370	-15.527
1307.370	1.360	-15.527
1307.380	1.360	-15.454
1307.390	1.360	-15.454
1307.400	1.350	-15.234
1307.410	1.350	-15.161
1307.420	1.350	-15.234
1307.430	1.320	-15.161
1307.440	1.320	-15.308
1307.450	1.320	-15.015
1307.460	1.300	-14.868
1307.470	1.300	-15.015
1307.480	1.300	-14.648
1307.490	1.280	-14.795
1307.500	1.280	-14.941
1307.510	1.280	-14.502
1307.520	1.240	-14.502
1307.530	1.240	-14.282
1307.540	1.240	-14.136
1307.550	1.230	-14.209
1307.560	1.230	-14.062
1307.570	1.230	-13.989
1307.580	1.210	-13.843
1307.590	1.210	-13.623
1307.600	1.210	-13.330
1307.610	1.160	-13.623
1307.620	1.160	-13.330
1307.630	1.160	-13.330
1307.640	1.150	-13.403
1307.650	1.150	-13.110
1307.660	1.150	-13.110
1307.670	1.120	-12.598
1307.680	1.120	-12.964
1307.690	1.120	-12.524
1307.700	1.070	-12.671
1307.710	1.070	-12.305
1307.720	1.070	-12.524
1307.730	1.040	-12.085
1307.740	1.040	-11.792
1307.750	1.040	-11.719
1307.760	1.010	-11.792
1307.770	1.010	-11.572
1307.780	1.010	-11.353
1307.790	0.960	-11.426
1307.800	0.960	-11.133
1307.810	0.960	-11.060
1307.820	0.910	-10.474
1307.830	0.910	-10.693
1307.840	0.910	-10.327
1307.850	0.870	-10.547
1307.860	0.870	-9.961
1307.870	0.870	-9.814
1307.880	0.820	-9.741
1307.890	0.820	-9.448
1307.900	0.820	-9.229
1307.910	0.750	-9.229
1307.920	0.750	-9.009
1307.930	0.750	-8.643
1307.940	0.690	-8.643
1307.950	0.690	-8.130
1307.960	0.690	-8.130
1307.970	0.650	-8.276
1307.980	0.650	-7.690
1307.990	0.650	-7.544
1308.000	0.600	-7.397
1308.010	0.600	-7.104
1308.020	0.600	-7.104
1308.030	0.560	-7.031
1308.040	0.560	-6.885
1308.050	0.560	-6.665
1308.060	0.500	-6.226
1308.070	0.500	-5.786
1308.080	0.500	-5.859
1308.090	0.440	-5.786
1308.100	0.440	-5.347
1308.110	0.440	-5.054
1308.120	0.380	-4.907
1308.130	0.380	-4.761
1308.140	0.380	-4.468
1308.150	0.320	-4.395
1308.160	0.320	-4.248
1308.170	0.320	-4.102
1308.180	0.260	-3.662
1308.190	0.260	-3.369
1308.200	0.260	-3.223
1308.210	0.200	-3.149
1308.220	0.200	-2.930
1308.230	0.200	-2.637
1308.240	0.130	-2.344
1308.250	0.130	-2.124
1308.260	0.130	-1.978
1308.270	0.080	-1.758
1308.280	0.080	-1.685
1308.290	0.080	-1.465
1308.300	0.020	-1.245
1308.310	0.020	-0.952
1308.320	0.020	-0.732
1308.330	-0.040	-0.439
1308.340	-0.040	-0.220
1308.350	-0.040	0.073
1308.360	-0.110	0.293
1308.370	-0.110	0.586
1308.380	-0.110	0.952
1308.390	-0.170	1.172
1308.400	-0.170	1.392
1308.410	-0.170	1.538
1308.420	-0.210	1.685
1308.430	-0.210	1.904
1308.440	-0.210	1.904
1308.450	-0.250	2.051
1308.460	-0.250	2.197
1308.470	-0.250	2.344
1308.480	-0.290	2.490
1308.490	-0.290	2.637
1308.500	-0.290	2.710
1308.510	-0.320	2.856
1308.520	-0.320	3.076
1308.530	-0.320	3.296
1308.540	-0.370	3.662
1308.550	-0.370	3.735
1308.560	-0.370	3.809
1308.570	-0.410	3.735
1308.580	-0.410	3.662
1308.590	-0.410	3.882
1308.600	-0.450	4.248
1308.610	-0.450	4.468
1308.620	-0.450	4.541
1308.630	-0.490	4.761
1308.640	-0.490	4.907
1308.650	-0.490	4.980
1308.660	-0.530	5.054
1308.670	-0.530	5.347
1308.680	-0.530	5.786
1308.690	-0.560	5.786
1308.700	-0.560	5.640
1308.710	-0.560	5.859
1308.720	-0.590	6.152
1308.730	-0.590	6.006
1308.740	-0.590	5.933
1308.750	-0.630	6.445
1308.760	-0.630	6.738
1308.770	-0.630	6.812
1308.780	-0.680	6.958
1308.790	-0.680	7.031
1308.800	-0.680	7.178
1308.810	-0.730	7.544
1308.820	-0.730	7.544
1308.830	-0.730	7.837
1308.840	-0.780	8.276
1308.850	-0.780	7.910
1308.860	-0.780	8.057
1308.870	-0.820	8.496
1308.880	-0.820	8.350
1308.890	-0.820	8.862
1308.900	-0.870	9.009
1308.910	-0.870	8.936
1308.920	-0.870	9.302
1308.930	-0.920	9.448
1308.940	-0.920	9.448
1308.950	-0.920	9.668
1308.960	-0.950	10.034
1308.970	-0.950	9.961
1308.980	-0.950	10.400
1308.990	-0.990	10.181
1309.000	-0.990	10.547
1309.010	-0.990	10.620
1309.020	-1.040	10.767
1309.030	-1.040	10.767
1309.040	-1.040	10.840
1309.050	-1.070	11.353
1309.060	-1.070	11.353
1309.070	-1.070	11.426
1309.080	-1.110	11.499
1309.090	-1.110	11.719
1309.100	-1.110	11.938
1309.110	-1.150	11.865
1309.120	-1.150	12.012
1309.130	-1.150	12.305
1309.140	-1.180	12.671
1309.150	-1.180	12.378
1309.160	-1.180	12.671
1309.170	-1.210	12.964
1309.180	-1.210	12.744
1309.190	-1.210	13.037
1309.200	-1.250	13.037
1309.210	-1.250	13.477
1309.220	-1.250	13.330
1309.230	-1.270	13.623
1309.240	-1.270	13.696
1309.250	-1.270	13.770
1309.260	-1.330	13.989
1309.270	-1.330	14.136
1309.280	-1.330	14.282
1309.290	-1.360	14.502
1309.300	-1.360	14.575
1309.310	-1.360	14.429
1309.320	-1.380	14.868
1309.330	-1.380	14.795
1309.340	-1.380	15.381
1309.350	-1.430	15.381
1309.360	-1.430	15.088
1309.370	-1.430	15.527
1309.380	-1.430	15.527
1309.390	-1.430	15.381
1309.400	-1.430	15.894
1309.410	-1.480	15.894
1309.420	-1.480	15.747
1309.430	-1.480	15.747
1309.440	-1.490	16.040
1309.450	-1.490	16.040
1309.460	-1.490	16.040
1309.470	-1.520	16.406
1309.480	-1.520	16.333
1309.490	-1.520	16.187
1309.500	-1.530	16.479
1309.510	-1.530	16.553
1309.520	-1.530	16.626
1309.530	-1.560	16.846
1309.540	-1.560	16.626
1309.550	-1.560	16.772
1309.560	-1.570	16.992
1309.570	-1.570	16.699
1309.580	-1.570	16.919
1309.590	-1.600	17.358
1309.600	-1.600	16.919
1309.610	-1.600	16.992
1309.620	-1.600	17.285
1309.630	-1.600	17.285
1309.640	-1.600	17.358
1309.650	-1.620	17.139
1309.660	-1.620	17.358
1309.670	-1.620	17.725
1309.680	-1.620	17.285
1309.690	-1.620	17.285
1309.700	-1.620	17.725
1309.710	-1.640	17.578
1309.720	-1.640	17.358
1309.730	-1.640	17.432
1309.740	-1.640	17.725
1309.750	-1.640	17.871
1309.760	-1.640	17.358
1309.770	-1.640	17.432
1309.780	-1.640	17.871
1309.790	-1.640	17.798
1309.800	-1.630	17.725
1309.810	-1.630	17.578
1309.820	-1.630	17.798
1309.830	-1.640	18.018
1309.840	-1.640	17.578
1309.850	-1.640	18.018
1309.860	-1.620	17.871
1309.870	-1.620	17.725
1309.880	-1.620	17.578
1309.890	-1.640	17.578
1309.900	-1.640	17.725
1309.910	-1.640	17.432
1309.920	-1.610	17.432
1309.930	-1.610	17.358
1309.940	-1.610	17.651
1309.950	-1.620	17.651
1309.960	-1.620	17.432
1309.970	-1.620	17.285
1309.980	-1.590	17.285
1309.990	-1.590	17.505
1310.000	-1.590	17.065
1310.010	-1.590	17.065
1310.020	-1.590	17.432
1310.030	-1.590	16.992
1310.040	-1.550	16.992
1310.050	-1.550	16.992
1310.060	-1.550	16.919
1310.070	-1.540	16.919
1310.080	-1.540	16.626
1310.090	-1.540	16.553
1310.100	-1.500	16.553
1310.110	-1.500	16.333
1310.120	-1.500	16.187
1310.130	-1.490	16.187
1310.140	-1.490	15.894
1310.150	-1.490	15.674
1310.160	-1.460	15.674
1310.170	-1.460	15.747
1310.180	-1.460	15.601
1310.190	-1.440	15.601
1310.200	-1.440	15.527
1310.210	-1.440	15.234
1310.220	-1.390	15.234
1310.230	-1.390	15.381
1310.240	-1.390	15.161
1310.250	-1.370	15.015
1310.260	-1.370	14.941
1310.270	-1.370	14.502
1310.280	-1.310	14.429
1310.290	-1.310	14.355
1310.300	-1.310	14.209
1310.310	-1.290	14.136
1310.320	-1.290	13.916
1310.330	-1.290	13.696
1310.340	-1.230	13.477
1310.350	-1.230	13.477
1310.360	-1.230	13.257
1310.370	-1.190	13.477
1310.380	-1.190	12.891
1310.390	-1.190	12.964
1310.400	-1.140	12.817
1310.410	-1.140	12.451
1310.420	-1.140	12.158
1310.430	-1.100	12.158
1310.440	-1.100	12.158
1310.450	-1.100	11.792
1310.460	-1.050	11.426
1310.470	-1.050	11.353
1310.480	-1.050	11.279
1310.490	-0.980	11.060
1310.500	-0.980	10.693
1310.510	-0.980	10.474
1310.520	-0.950	10.693
1310.530	-0.950	10.181
1310.540	-0.950	10.181
1310.550	-0.880	9.814
1310.560	-0.880	9.741
1310.570	-0.880	9.521
1310.580	-0.820	9.302
1310.590	-0.820	9.009
1310.600	-0.820	8.936
1310.610	-0.770	8.716
1310.620	-0.770	8.276
1310.630	-0.770	8.276
1310.640	-0.700	7.910
1310.650	-0.700	7.764
1310.660	-0.700	7.764
1310.670	-0.640	7.251
1310.680	-0.640	6.958
1310.690	-0.640	6.738
1310.700	-0.590	6.738
1310.710	-0.590	6.519
1310.720	-0.590	6.226
1310.730	-0.510	5.786
1310.740	-0.510	5.713
1310.750	-0.510	5.493
1310.760	-0.440	4.980
1310.770	-0.440	4.761
1310.780	-0.440	4.614
1310.790	-0.370	4.248
1310.800	-0.370	3.809
1310.810	-0.370	3.735
1310.820	-0.300	3.662
1310.830	-0.300	3.442
1310.840	-0.300	3.076
1310.850	-0.230	2.783
1310.860	-0.230	2.563
1310.870	-0.230	2.344
1310.880	-0.150	2.197
1310.890	-0.150	1.904
1310.900	-0.150	1.685
1310.910	-0.080	1.318
1310.920	-0.080	0.952
1310.930	-0.080	0.732
1310.940	-0.010	0.439
1310.950	-0.010	0.220
1310.960	-0.010	0.000
1310.970	0.060	-0.220
1310.980	0.060	-0.586
1310.990	0.060	-0.806
1311.000	0.150	-1.245
1311.010	0.150	-1.685
1311.020	0.150	-1.978
1311.030	0.230	-2.271
1311.040	0.230	-2.417
1311.050	0.230	-2.637
1311.060	0.300	-2.856
1311.070	0.300	-3.223
1311.080	0.300	-3.516
1311.090	0.360	-3.735
1311.100	0.360	-3.809
1311.110	0.360	-3.882
1311.120	0.430	-4.395
1311.130	0.430	-4.614
1311.140	0.430	-4.834
1311.150	0.490	-5.054
1311.160	0.490	-5.493
1311.170	0.490	-5.640
1311.180	0.540	-5.713
1311.190	0.540	-6.079
1311.200	0.540	-6.372
1311.210	0.580	-6.445
1311.220	0.580	-6.226
1311.230	0.580	-6.592
1311.240	0.620	-6.812
1311.250	0.620	-7.031
1311.260	0.620	-7.251
1311.270	0.660	-7.251
1311.280	0.660	-7.324
1311.290	0.660	-7.544
1311.300	0.710	-7.617
1311.310	0.710	-7.910
1311.320	0.710	-8.276
1311.330	0.740	-8.130
1311.340	0.740	-8.350
1311.350	0.740	-8.496
1311.360	0.780	-8.350
1311.370	0.780	-8.789
1311.380	0.780	-8.862
1311.390	0.810	-8.789
1311.400	0.810	-9.009
1311.410	0.810	-9.082
1311.420	0.850	-9.375
1311.430	0.850	-9.375
1311.440	0.850	-9.595
1311.450	0.900	-9.668
1311.460	0.900	-10.034
1311.470	0.900	-9.888
1311.480	0.940	-10.181
1311.490	0.940	-10.474
1311.500	0.940	-10.620
1311.510	0.970	-10.840
1311.520	0.970	-10.547
1311.530	0.970	-11.060
1311.540	1.010	-11.060
1311.550	1.010	-11.426
1311.560	1.010	-11.572
1311.570	1.040	-11.572
1311.580	1.040	-11.719
1311.590	1.040	-11.646
1311.600	1.070	-11.646
1311.610	1.070	-11.719
1311.620	1.070	-12.085
1311.630	1.100	-12.085
1311.640	1.100	-12.231
1311.650	1.100	-12.158
1311.660	1.140	-12.891
1311.670	1.140	-12.451
1311.680	1.140	-12.744
1311.690	1.170	-12.891
1311.700	1.170	-13.110
1311.710	1.170	-13.257
1311.720	1.190	-13.257
1311.730	1.190	-13.623
1311.740	1.190	-13.696
1311.750	1.230	-13.696
1311.760	1.230	-13.550
1311.770	1.230	-13.916
1311.780	1.260	-13.916
1311.790	1.260	-13.843
1311.800	1.260	-13.989
1311.810	1.270	-13.989
1311.820	1.270	-13.989
1311.830	1.270	-14.136
1311.840	1.290	-14.136
1311.850	1.290	-14.282
1311.860	1.290	-14.575
1311.870	1.320	-14.575
1311.880	1.320	-14.502
1311.890	1.320	-14.722
1311.900	1.340	-14.722
1311.910	1.340	-15.015
1311.920	1.340	-15.015
1311.930	1.360	-15.015
1311.940	1.360	-15.454
1311.950	1.360	-15.161
1311.960	1.380	-15.161
1311.970	1.380	-15.527
1311.980	1.380	-15.234
1311.990	1.400	-15.234
1312.000	1.400	-15.601
1312.010	1.400	-15.234
1312.020	1.410	-15.234
1312.030	1.410	-15.747
1312.040	1.410	-15.601
1312.050	1.420	-15.601
1312.060	1.420	-15.894
1312.070	1.420	-15.601
1312.080	1.430	-15.601
1312.090	1.430	-16.040
1312.100	1.430	-15.894
1312.110	1.430	-15.894
1312.120	1.430	-16.187
1312.130	1.430	-16.040
1312.140	1.430	-16.040
1312.150	1.430	-16.260
1312.160	1.430	-16.040
1312.170	1.450	-16.040
1312.180	1.450	-16.260
1312.190	1.450	-16.113
1312.200	1.440	-16.113
1312.210	1.440	-16.333
1312.220	1.440	-16.113
1312.230	1.450	-16.113
1312.240	1.450	-16.187
1312.250	1.450	-16.113
1312.260	1.440	-16.113
1312.270	1.440	-16.406
1312.280	1.440	-16.187
1312.290	1.420	-16.187
1312.300	1.420	-16.260
1312.310	1.420	-16.113
1312.320	1.430	-16.113
1312.330	1.430	-16.187
1312.340	1.430	-15.820
1312.350	1.400	-16.040
1312.360	1.400	-16.040
1312.370	1.400	-15.454
