% Time (s)	Gyro Output (rads/s)	Input Rate (RPM)	%9/1/20201:38 PM
0.000	0.000	0.000
1498.900	-0.030	0.000
1498.910	-0.030	0.000
1498.920	-0.020	0.000
1498.930	-0.020	0.000
1498.940	-0.020	0.000
1498.950	-0.030	0.000
1498.960	-0.030	0.000
1498.970	-0.030	0.000
1498.980	-0.030	0.000
1498.990	-0.030	0.000
1499.000	-0.030	0.000
1499.010	-0.020	0.000
1499.020	-0.020	0.000
1499.030	-0.020	0.000
1499.040	-0.020	0.000
1499.050	-0.020	0.000
1499.060	-0.020	0.000
1499.070	-0.020	0.000
1499.080	-0.020	0.000
1499.090	-0.020	0.000
1499.100	-0.030	0.000
1499.110	-0.030	0.000
1499.120	-0.030	0.000
1499.130	-0.040	0.000
1499.140	-0.040	0.073
1499.150	-0.040	0.073
1499.160	-0.040	0.073
1499.170	-0.040	0.073
1499.180	-0.040	0.073
1499.190	-0.030	0.073
1499.200	-0.030	0.073
1499.210	-0.030	0.073
1499.220	-0.040	0.073
1499.230	-0.040	0.073
1499.240	-0.040	0.000
1499.250	-0.030	0.000
1499.260	-0.030	0.073
1499.270	-0.030	0.073
1499.280	-0.050	0.146
1499.290	-0.050	0.146
1499.300	-0.050	0.220
1499.310	-0.080	0.293
1499.320	-0.080	0.293
1499.330	-0.080	0.366
1499.340	-0.090	0.513
1499.350	-0.090	0.586
1499.360	-0.090	0.586
1499.370	-0.130	0.806
1499.380	-0.130	0.879
1499.390	-0.130	1.245
1499.400	-0.160	1.245
1499.410	-0.160	1.392
1499.420	-0.160	1.611
1499.430	-0.190	1.758
1499.440	-0.190	1.831
1499.450	-0.190	1.978
1499.460	-0.220	2.051
1499.470	-0.220	2.051
1499.480	-0.220	2.197
1499.490	-0.250	2.344
1499.500	-0.250	2.490
1499.510	-0.250	2.563
1499.520	-0.280	2.563
1499.530	-0.280	2.563
1499.540	-0.280	2.637
1499.550	-0.320	2.710
1499.560	-0.320	2.930
1499.570	-0.320	3.223
1499.580	-0.350	3.442
1499.590	-0.350	3.442
1499.600	-0.350	3.442
1499.610	-0.380	3.589
1499.620	-0.380	3.955
1499.630	-0.380	4.175
1499.640	-0.420	4.321
1499.650	-0.420	4.321
1499.660	-0.420	4.395
1499.670	-0.450	4.468
1499.680	-0.450	4.541
1499.690	-0.450	4.687
1499.700	-0.480	4.761
1499.710	-0.480	4.834
1499.720	-0.480	4.980
1499.730	-0.510	4.980
1499.740	-0.510	4.980
1499.750	-0.510	5.127
1499.760	-0.540	5.493
1499.770	-0.540	5.566
1499.780	-0.540	5.493
1499.790	-0.560	5.566
1499.800	-0.560	5.859
1499.810	-0.560	5.933
1499.820	-0.570	5.640
1499.830	-0.570	5.786
1499.840	-0.570	6.152
1499.850	-0.580	6.372
1499.860	-0.580	6.079
1499.870	-0.580	6.079
1499.880	-0.600	6.299
1499.890	-0.600	6.226
1499.900	-0.600	6.006
1499.910	-0.620	6.226
1499.920	-0.620	6.519
1499.930	-0.620	6.519
1499.940	-0.620	6.445
1499.950	-0.620	6.519
1499.960	-0.620	6.519
1499.970	-0.620	6.372
1499.980	-0.620	6.372
1499.990	-0.620	6.665
1500.000	-0.610	6.738
1500.010	-0.610	6.445
1500.020	-0.610	6.519
1500.030	-0.600	6.445
1500.040	-0.600	6.226
1500.050	-0.600	6.006
1500.060	-0.570	6.226
1500.070	-0.570	6.299
1500.080	-0.570	6.079
1500.090	-0.550	5.859
1500.100	-0.550	5.933
1500.110	-0.550	5.933
1500.120	-0.540	5.566
1500.130	-0.540	5.493
1500.140	-0.540	5.566
1500.150	-0.510	5.640
1500.160	-0.510	5.420
1500.170	-0.510	5.200
1500.180	-0.460	5.054
1500.190	-0.460	4.907
1500.200	-0.460	4.761
1500.210	-0.410	4.614
1500.220	-0.410	4.468
1500.230	-0.410	4.248
1500.240	-0.360	3.955
1500.250	-0.360	3.589
1500.260	-0.360	3.369
1500.270	-0.310	3.442
1500.280	-0.310	3.369
1500.290	-0.310	3.149
1500.300	-0.250	2.856
1500.310	-0.250	2.637
1500.320	-0.250	2.417
1500.330	-0.180	2.271
1500.340	-0.180	2.124
1500.350	-0.180	1.904
1500.360	-0.110	1.685
1500.370	-0.110	1.245
1500.380	-0.110	0.952
1500.390	-0.050	0.732
1500.400	-0.050	0.513
1500.410	-0.050	0.293
1500.420	0.020	0.073
1500.430	0.020	-0.146
1500.440	0.020	-0.439
1500.450	0.100	-0.659
1500.460	0.100	-0.952
1500.470	0.100	-1.318
1500.480	0.170	-1.685
1500.490	0.170	-1.978
1500.500	0.170	-2.271
1500.510	0.230	-2.490
1500.520	0.230	-2.637
1500.530	0.230	-2.783
1500.540	0.300	-3.223
1500.550	0.300	-3.442
1500.560	0.300	-3.662
1500.570	0.380	-3.735
1500.580	0.380	-3.882
1500.590	0.380	-4.321
1500.600	0.440	-4.614
1500.610	0.440	-4.761
1500.620	0.440	-4.980
1500.630	0.500	-5.420
1500.640	0.500	-5.493
1500.650	0.500	-5.566
1500.660	0.540	-5.933
1500.670	0.540	-6.299
1500.680	0.540	-6.299
1500.690	0.580	-6.372
1500.700	0.580	-6.592
1500.710	0.580	-6.592
1500.720	0.610	-6.812
1500.730	0.610	-6.958
1500.740	0.610	-7.031
1500.750	0.640	-7.178
1500.760	0.640	-7.178
1500.770	0.640	-7.251
1500.780	0.680	-7.471
1500.790	0.680	-7.910
1500.800	0.680	-7.837
1500.810	0.710	-7.837
1500.820	0.710	-8.057
1500.830	0.710	-7.910
1500.840	0.720	-7.983
1500.850	0.720	-8.350
1500.860	0.720	-8.276
1500.870	0.740	-8.130
1500.880	0.740	-8.423
1500.890	0.740	-8.203
1500.900	0.750	-8.569
1500.910	0.750	-8.716
1500.920	0.750	-8.423
1500.930	0.770	-8.716
1500.940	0.770	-8.716
1500.950	0.770	-8.569
1500.960	0.780	-8.862
1500.970	0.780	-8.789
1500.980	0.780	-8.716
1500.990	0.780	-8.936
1501.000	0.780	-8.643
1501.010	0.780	-9.009
1501.020	0.780	-9.009
1501.030	0.780	-8.789
1501.040	0.780	-8.936
1501.050	0.770	-8.862
1501.060	0.770	-8.862
1501.070	0.770	-9.009
1501.080	0.760	-8.716
1501.090	0.760	-8.643
1501.100	0.760	-8.643
1501.110	0.740	-8.350
1501.120	0.740	-8.643
1501.130	0.740	-8.496
1501.140	0.710	-8.203
1501.150	0.710	-8.276
1501.160	0.710	-7.764
1501.170	0.670	-7.764
1501.180	0.670	-8.057
1501.190	0.670	-7.471
1501.200	0.640	-7.471
1501.210	0.640	-7.397
1501.220	0.640	-7.104
1501.230	0.610	-7.104
1501.240	0.610	-7.178
1501.250	0.610	-6.958
1501.260	0.580	-6.958
1501.270	0.580	-6.812
1501.280	0.580	-6.372
1501.290	0.520	-6.372
1501.300	0.520	-6.445
1501.310	0.520	-5.859
1501.320	0.470	-5.859
1501.330	0.470	-5.933
1501.340	0.470	-5.200
1501.350	0.410	-5.200
1501.360	0.410	-4.980
1501.370	0.410	-4.541
1501.380	0.340	-4.541
1501.390	0.340	-4.395
1501.400	0.340	-4.028
1501.410	0.280	-4.028
1501.420	0.280	-3.809
1501.430	0.280	-3.223
1501.440	0.230	-3.223
1501.450	0.230	-3.076
1501.460	0.230	-3.003
1501.470	0.200	-3.076
1501.480	0.200	-3.003
1501.490	0.200	-2.710
1501.500	0.150	-2.490
1501.510	0.150	-2.344
1501.520	0.150	-2.124
1501.530	0.100	-1.978
1501.540	0.100	-1.758
1501.550	0.100	-1.538
1501.560	0.050	-1.392
1501.570	0.050	-1.025
1501.580	0.050	-0.806
1501.590	0.000	-0.586
1501.600	0.000	-0.439
1501.610	0.000	-0.293
1501.620	-0.060	-0.146
1501.630	-0.060	0.073
1501.640	-0.060	0.220
1501.650	-0.110	0.293
1501.660	-0.110	0.586
1501.670	-0.110	0.732
1501.680	-0.160	1.025
1501.690	-0.160	1.318
1501.700	-0.160	1.538
1501.710	-0.200	1.758
1501.720	-0.200	1.904
1501.730	-0.200	2.124
1501.740	-0.230	2.124
1501.750	-0.230	2.344
1501.760	-0.230	2.563
1501.770	-0.260	2.563
1501.780	-0.260	2.710
1501.790	-0.260	2.710
1501.800	-0.290	2.710
1501.810	-0.290	2.710
1501.820	-0.290	2.783
1501.830	-0.320	2.783
1501.840	-0.320	2.930
1501.850	-0.320	3.369
1501.860	-0.340	3.369
1501.870	-0.340	3.369
1501.880	-0.340	3.296
1501.890	-0.350	3.296
1501.900	-0.350	3.442
1501.910	-0.350	3.809
1501.920	-0.360	3.809
1501.930	-0.360	3.882
1501.940	-0.360	3.589
1501.950	-0.370	3.589
1501.960	-0.370	3.442
1501.970	-0.370	3.809
1501.980	-0.370	3.809
1501.990	-0.370	3.809
1502.000	-0.370	3.662
1502.010	-0.360	3.662
1502.020	-0.360	3.516
1502.030	-0.360	3.809
1502.040	-0.340	3.809
1502.050	-0.340	3.809
1502.060	-0.340	3.589
1502.070	-0.320	3.589
1502.080	-0.320	3.223
1502.090	-0.320	3.003
1502.100	-0.300	3.003
1502.110	-0.300	2.930
1502.120	-0.300	2.930
1502.130	-0.270	2.930
1502.140	-0.270	2.710
1502.150	-0.270	2.490
1502.160	-0.230	2.490
1502.170	-0.230	2.344
1502.180	-0.230	2.124
1502.190	-0.180	2.124
1502.200	-0.180	1.978
1502.210	-0.180	1.538
1502.220	-0.130	1.538
1502.230	-0.130	1.245
1502.240	-0.130	0.879
1502.250	-0.080	0.879
1502.260	-0.080	0.659
1502.270	-0.080	0.439
1502.280	-0.020	0.439
1502.290	-0.020	0.293
1502.300	-0.020	-0.146
1502.310	0.040	-0.146
1502.320	0.040	-0.366
1502.330	0.040	-0.586
1502.340	0.110	-0.732
1502.350	0.110	-0.952
1502.360	0.110	-1.245
1502.370	0.170	-1.685
1502.380	0.170	-2.051
1502.390	0.170	-2.271
1502.400	0.230	-2.417
1502.410	0.230	-2.563
1502.420	0.230	-2.783
1502.430	0.300	-3.003
1502.440	0.300	-3.442
1502.450	0.300	-3.735
1502.460	0.380	-3.882
1502.470	0.380	-4.321
1502.480	0.380	-4.321
1502.490	0.440	-4.687
1502.500	0.440	-4.834
1502.510	0.440	-5.054
1502.520	0.510	-5.347
1502.530	0.510	-5.786
1502.540	0.510	-5.786
1502.550	0.570	-6.079
1502.560	0.570	-6.592
1502.570	0.570	-6.592
1502.580	0.620	-6.519
1502.590	0.620	-7.104
1502.600	0.620	-7.104
1502.610	0.670	-7.544
1502.620	0.670	-7.837
1502.630	0.670	-7.617
1502.640	0.710	-7.837
1502.650	0.710	-7.910
1502.660	0.710	-7.764
1502.670	0.740	-8.276
1502.680	0.740	-8.423
1502.690	0.740	-8.276
1502.700	0.760	-8.496
1502.710	0.760	-8.496
1502.720	0.760	-8.496
1502.730	0.790	-8.936
1502.740	0.790	-8.789
1502.750	0.790	-8.936
1502.760	0.820	-9.082
1502.770	0.820	-8.936
1502.780	0.820	-9.229
1502.790	0.850	-9.302
1502.800	0.850	-9.375
1502.810	0.850	-9.448
1502.820	0.880	-9.741
1502.830	0.880	-9.668
1502.840	0.880	-9.888
1502.850	0.890	-10.034
1502.860	0.890	-10.107
1502.870	0.890	-10.400
1502.880	0.920	-10.181
1502.890	0.920	-10.547
1502.900	0.920	-10.474
1502.910	0.930	-10.840
1502.920	0.930	-10.400
1502.930	0.930	-10.474
1502.940	0.950	-10.693
1502.950	0.950	-10.547
1502.960	0.950	-10.767
1502.970	0.940	-10.400
1502.980	0.940	-10.693
1502.990	0.940	-10.474
1503.000	0.930	-10.767
1503.010	0.930	-10.254
1503.020	0.930	-10.400
1503.030	0.930	-10.327
1503.040	0.930	-10.327
1503.050	0.930	-10.474
1503.060	0.910	-10.107
1503.070	0.910	-10.400
1503.080	0.910	-10.107
1503.090	0.890	-10.474
1503.100	0.890	-9.961
1503.110	0.890	-9.961
1503.120	0.870	-10.181
1503.130	0.870	-9.888
1503.140	0.870	-10.034
1503.150	0.840	-9.668
1503.160	0.840	-9.668
1503.170	0.840	-9.521
1503.180	0.800	-9.448
1503.190	0.800	-9.155
1503.200	0.800	-9.155
1503.210	0.750	-9.009
1503.220	0.750	-8.643
1503.230	0.750	-8.643
1503.240	0.690	-8.276
1503.250	0.690	-8.350
1503.260	0.690	-8.276
1503.270	0.640	-7.764
1503.280	0.640	-7.544
1503.290	0.640	-7.397
1503.300	0.590	-7.178
1503.310	0.590	-7.104
1503.320	0.590	-7.031
1503.330	0.540	-6.885
1503.340	0.540	-6.592
1503.350	0.540	-6.079
1503.360	0.480	-5.786
1503.370	0.480	-5.859
1503.380	0.480	-5.713
1503.390	0.410	-5.273
1503.400	0.410	-4.980
1503.410	0.410	-4.761
1503.420	0.350	-4.468
1503.430	0.350	-4.248
1503.440	0.350	-4.175
1503.450	0.300	-4.102
1503.460	0.300	-3.882
1503.470	0.300	-3.516
1503.480	0.250	-3.296
1503.490	0.250	-3.003
1503.500	0.250	-2.930
1503.510	0.190	-2.856
1503.520	0.190	-2.710
1503.530	0.190	-2.417
1503.540	0.140	-2.197
1503.550	0.140	-2.051
1503.560	0.140	-1.831
1503.570	0.090	-1.831
1503.580	0.090	-1.611
1503.590	0.090	-1.392
1503.600	0.040	-1.392
1503.610	0.040	-1.099
1503.620	0.040	-0.659
1503.630	-0.010	-0.659
1503.640	-0.010	-0.513
1503.650	-0.010	-0.073
1503.660	-0.060	-0.073
1503.670	-0.060	0.073
1503.680	-0.060	0.366
1503.690	-0.100	0.366
1503.700	-0.100	0.586
1503.710	-0.100	1.025
1503.720	-0.150	1.025
1503.730	-0.150	1.245
1503.740	-0.150	1.538
1503.750	-0.190	1.538
1503.760	-0.190	1.685
1503.770	-0.190	1.904
1503.780	-0.230	1.904
1503.790	-0.230	1.904
1503.800	-0.230	2.051
1503.810	-0.250	2.051
1503.820	-0.250	2.124
1503.830	-0.250	2.417
1503.840	-0.270	2.417
1503.850	-0.270	2.563
1503.860	-0.270	2.563
1503.870	-0.290	2.710
1503.880	-0.290	2.783
1503.890	-0.290	3.003
1503.900	-0.310	3.223
1503.910	-0.310	3.296
1503.920	-0.310	3.296
1503.930	-0.330	3.076
1503.940	-0.330	3.003
1503.950	-0.330	3.003
1503.960	-0.340	3.076
1503.970	-0.340	3.223
1503.980	-0.340	3.369
1503.990	-0.330	3.369
1504.000	-0.330	3.223
1504.010	-0.330	3.149
1504.020	-0.330	3.149
1504.030	-0.330	3.296
1504.040	-0.330	3.516
1504.050	-0.320	3.589
1504.060	-0.320	3.589
1504.070	-0.320	3.369
1504.080	-0.310	3.149
1504.090	-0.310	3.003
1504.100	-0.310	2.930
1504.110	-0.280	2.856
1504.120	-0.280	2.856
1504.130	-0.280	2.856
1504.140	-0.240	2.710
1504.150	-0.240	2.563
1504.160	-0.240	2.417
1504.170	-0.210	2.344
1504.180	-0.210	2.271
1504.190	-0.210	2.197
1504.200	-0.180	2.051
1504.210	-0.180	1.978
1504.220	-0.180	1.758
1504.230	-0.130	1.465
1504.240	-0.130	1.172
1504.250	-0.130	1.025
1504.260	-0.080	0.879
1504.270	-0.080	0.732
1504.280	-0.080	0.586
1504.290	-0.030	0.439
1504.300	-0.030	0.293
1504.310	-0.030	0.073
1504.320	0.020	-0.073
1504.330	0.020	-0.293
1504.340	0.020	-0.366
1504.350	0.080	-0.659
1504.360	0.080	-0.806
1504.370	0.080	-1.025
1504.380	0.140	-1.245
1504.390	0.140	-1.685
1504.400	0.140	-1.978
1504.410	0.210	-2.197
1504.420	0.210	-2.417
1504.430	0.210	-2.783
1504.440	0.270	-2.783
1504.450	0.270	-2.930
1504.460	0.270	-3.369
1504.470	0.340	-3.662
1504.480	0.340	-3.882
1504.490	0.340	-3.882
1504.500	0.400	-4.102
1504.510	0.400	-4.468
1504.520	0.400	-4.687
1504.530	0.460	-4.834
1504.540	0.460	-4.980
1504.550	0.460	-5.420
1504.560	0.510	-5.420
1504.570	0.510	-5.420
1504.580	0.510	-5.713
1504.590	0.550	-6.079
1504.600	0.550	-6.079
1504.610	0.550	-5.933
1504.620	0.580	-6.299
1504.630	0.580	-6.592
1504.640	0.580	-6.812
1504.650	0.630	-6.958
1504.660	0.630	-7.104
1504.670	0.630	-7.104
1504.680	0.660	-7.178
1504.690	0.660	-7.251
1504.700	0.660	-7.324
1504.710	0.690	-7.837
1504.720	0.690	-7.764
1504.730	0.690	-7.617
1504.740	0.700	-7.910
1504.750	0.700	-7.837
1504.760	0.700	-7.910
1504.770	0.720	-8.496
1504.780	0.720	-8.350
1504.790	0.720	-8.203
1504.800	0.740	-8.569
1504.810	0.740	-8.276
1504.820	0.740	-8.496
1504.830	0.760	-8.789
1504.840	0.760	-8.496
1504.850	0.760	-8.643
1504.860	0.770	-8.716
1504.870	0.770	-8.496
1504.880	0.770	-8.936
1504.890	0.780	-8.862
1504.900	0.780	-8.716
1504.910	0.780	-8.936
1504.920	0.780	-8.716
1504.930	0.780	-8.936
1504.940	0.780	-9.009
1504.950	0.780	-8.789
1504.960	0.780	-8.936
1504.970	0.780	-8.862
1504.980	0.780	-8.862
1504.990	0.780	-8.936
1505.000	0.780	-8.789
1505.010	0.760	-8.789
1505.020	0.760	-8.716
1505.030	0.760	-8.423
1505.040	0.740	-8.789
1505.050	0.740	-8.643
1505.060	0.740	-8.276
1505.070	0.710	-8.496
1505.080	0.710	-8.057
1505.090	0.710	-8.203
1505.100	0.690	-8.350
1505.110	0.690	-7.983
1505.120	0.690	-7.910
1505.130	0.660	-7.983
1505.140	0.660	-7.471
1505.150	0.660	-7.471
1505.160	0.630	-7.764
1505.170	0.630	-7.324
1505.180	0.630	-7.178
1505.190	0.580	-6.885
1505.200	0.580	-6.738
1505.210	0.580	-6.738
1505.220	0.530	-6.592
1505.230	0.530	-6.372
1505.240	0.530	-6.519
1505.250	0.480	-6.299
1505.260	0.480	-5.640
1505.270	0.480	-5.420
1505.280	0.430	-5.420
1505.290	0.430	-5.420
1505.300	0.430	-5.054
1505.310	0.370	-4.761
1505.320	0.370	-4.541
1505.330	0.370	-4.248
1505.340	0.310	-3.882
1505.350	0.310	-3.882
1505.360	0.310	-3.882
1505.370	0.240	-3.735
1505.380	0.240	-3.369
1505.390	0.240	-2.930
1505.400	0.170	-2.710
1505.410	0.170	-2.490
1505.420	0.170	-2.344
1505.430	0.100	-2.051
1505.440	0.100	-1.758
1505.450	0.100	-1.318
1505.460	0.040	-1.099
1505.470	0.040	-0.879
1505.480	0.040	-0.732
1505.490	-0.010	-0.586
1505.500	-0.010	-0.366
1505.510	-0.010	-0.220
1505.520	-0.070	0.000
1505.530	-0.070	0.146
1505.540	-0.070	0.293
1505.550	-0.140	0.439
1505.560	-0.140	0.659
1505.570	-0.140	0.879
1505.580	-0.190	1.099
1505.590	-0.190	1.392
1505.600	-0.190	1.685
1505.610	-0.250	1.978
1505.620	-0.250	2.197
1505.630	-0.250	2.417
1505.640	-0.300	2.637
1505.650	-0.300	2.783
1505.660	-0.300	3.076
1505.670	-0.350	3.296
1505.680	-0.350	3.516
1505.690	-0.350	3.516
1505.700	-0.380	3.442
1505.710	-0.380	3.442
1505.720	-0.380	3.662
1505.730	-0.410	4.028
1505.740	-0.410	4.175
1505.750	-0.410	4.321
1505.760	-0.450	4.395
1505.770	-0.450	4.541
1505.780	-0.450	4.687
1505.790	-0.490	4.834
1505.800	-0.490	4.980
1505.810	-0.490	5.127
1505.820	-0.520	5.420
1505.830	-0.520	5.273
1505.840	-0.520	5.347
1505.850	-0.540	5.493
1505.860	-0.540	5.640
1505.870	-0.540	5.566
1505.880	-0.560	5.493
1505.890	-0.560	5.640
1505.900	-0.560	6.006
1505.910	-0.590	6.079
1505.920	-0.590	5.859
1505.930	-0.590	6.152
1505.940	-0.600	6.299
1505.950	-0.600	6.152
1505.960	-0.600	6.079
1505.970	-0.600	6.445
1505.980	-0.600	6.519
1505.990	-0.600	6.519
1506.000	-0.600	6.372
1506.010	-0.600	6.445
1506.020	-0.600	6.372
1506.030	-0.600	6.079
1506.040	-0.600	6.079
1506.050	-0.600	6.445
1506.060	-0.600	6.445
1506.070	-0.600	6.152
1506.080	-0.600	6.372
1506.090	-0.600	6.299
1506.100	-0.600	6.152
1506.110	-0.600	6.006
1506.120	-0.570	6.226
1506.130	-0.570	6.299
1506.140	-0.570	6.152
1506.150	-0.540	5.859
1506.160	-0.540	5.933
1506.170	-0.540	5.859
1506.180	-0.520	5.420
1506.190	-0.520	5.273
1506.200	-0.520	5.200
1506.210	-0.490	5.347
1506.220	-0.490	5.200
1506.230	-0.490	4.980
1506.240	-0.450	4.907
1506.250	-0.450	4.761
1506.260	-0.450	4.614
1506.270	-0.410	4.541
1506.280	-0.410	4.468
1506.290	-0.410	4.321
1506.300	-0.360	4.175
1506.310	-0.360	3.735
1506.320	-0.360	3.442
1506.330	-0.310	3.369
1506.340	-0.310	3.296
1506.350	-0.310	3.149
1506.360	-0.250	2.856
1506.370	-0.250	2.637
1506.380	-0.250	2.490
1506.390	-0.190	2.344
1506.400	-0.190	2.124
1506.410	-0.190	1.978
1506.420	-0.130	1.758
1506.430	-0.130	1.465
1506.440	-0.130	1.099
1506.450	-0.060	0.879
1506.460	-0.060	0.659
1506.470	-0.060	0.439
1506.480	0.000	0.220
1506.490	0.000	0.000
1506.500	0.000	-0.146
1506.510	0.070	-0.439
1506.520	0.070	-0.732
1506.530	0.070	-0.952
1506.540	0.150	-1.318
1506.550	0.150	-1.685
1506.560	0.150	-1.904
1506.570	0.210	-2.197
1506.580	0.210	-2.271
1506.590	0.210	-2.417
1506.600	0.250	-2.563
1506.610	0.250	-2.710
1506.620	0.250	-2.930
1506.630	0.280	-3.149
1506.640	0.280	-3.149
1506.650	0.280	-3.149
1506.660	0.310	-3.296
1506.670	0.310	-3.442
1506.680	0.310	-3.882
1506.690	0.330	-4.028
1506.700	0.330	-4.175
1506.710	0.330	-4.102
1506.720	0.360	-4.028
1506.730	0.360	-4.028
1506.740	0.360	-4.248
1506.750	0.390	-4.321
1506.760	0.390	-4.395
1506.770	0.390	-4.395
1506.780	0.410	-4.541
1506.790	0.410	-4.614
1506.800	0.410	-4.687
1506.810	0.430	-4.761
1506.820	0.430	-4.834
1506.830	0.430	-5.127
1506.840	0.450	-5.054
1506.850	0.450	-5.127
1506.860	0.450	-5.200
1506.870	0.460	-5.493
1506.880	0.460	-5.273
1506.890	0.460	-5.200
1506.900	0.460	-5.200
1506.910	0.460	-5.347
1506.920	0.460	-5.566
1506.930	0.460	-5.347
1506.940	0.460	-5.200
1506.950	0.460	-5.200
1506.960	0.450	-5.420
1506.970	0.450	-5.200
1506.980	0.450	-5.054
1506.990	0.430	-5.054
1507.000	0.430	-5.054
1507.010	0.430	-5.200
1507.020	0.420	-5.054
1507.030	0.420	-4.980
1507.040	0.420	-4.980
1507.050	0.410	-5.054
1507.060	0.410	-4.980
1507.070	0.410	-4.834
1507.080	0.390	-4.834
1507.090	0.390	-4.687
1507.100	0.390	-4.614
1507.110	0.350	-4.468
1507.120	0.350	-4.395
1507.130	0.350	-4.321
1507.140	0.350	-4.248
1507.150	0.350	-3.955
1507.160	0.350	-3.662
1507.170	0.300	-3.662
1507.180	0.300	-3.662
1507.190	0.300	-3.735
1507.200	0.250	-3.589
1507.210	0.250	-3.223
1507.220	0.250	-2.930
1507.230	0.190	-2.783
1507.240	0.190	-2.563
1507.250	0.190	-2.417
1507.260	0.130	-2.197
1507.270	0.130	-1.904
1507.280	0.130	-1.611
1507.290	0.070	-1.318
1507.300	0.070	-1.172
1507.310	0.070	-1.025
1507.320	0.010	-0.879
1507.330	0.010	-0.659
1507.340	0.010	-0.513
1507.350	-0.050	-0.293
1507.360	-0.050	-0.073
1507.370	-0.050	0.146
1507.380	-0.110	0.366
1507.390	-0.110	0.586
1507.400	-0.110	0.806
1507.410	-0.190	0.952
1507.420	-0.190	1.172
1507.430	-0.190	1.465
1507.440	-0.250	1.758
1507.450	-0.250	2.124
1507.460	-0.250	2.417
1507.470	-0.310	2.563
1507.480	-0.310	2.710
1507.490	-0.310	2.930
1507.500	-0.350	3.149
1507.510	-0.350	3.516
1507.520	-0.350	3.735
1507.530	-0.400	3.809
1507.540	-0.400	3.809
1507.550	-0.400	3.735
1507.560	-0.450	4.028
1507.570	-0.450	4.395
1507.580	-0.450	4.541
1507.590	-0.490	4.687
1507.600	-0.490	4.980
1507.610	-0.490	5.127
1507.620	-0.530	5.127
1507.630	-0.530	5.273
1507.640	-0.530	5.566
1507.650	-0.570	6.006
1507.660	-0.570	5.933
1507.670	-0.570	5.859
1507.680	-0.610	6.299
1507.690	-0.610	6.372
1507.700	-0.610	6.299
1507.710	-0.660	6.445
1507.720	-0.660	6.885
1507.730	-0.660	7.031
1507.740	-0.710	7.324
1507.750	-0.710	7.251
1507.760	-0.710	7.251
1507.770	-0.740	7.617
1507.780	-0.740	7.617
1507.790	-0.740	7.764
1507.800	-0.770	8.130
1507.810	-0.770	8.057
1507.820	-0.770	7.837
1507.830	-0.800	8.350
1507.840	-0.800	8.203
1507.850	-0.800	8.423
1507.860	-0.820	8.789
1507.870	-0.820	8.496
1507.880	-0.820	8.716
1507.890	-0.850	8.936
1507.900	-0.850	8.862
1507.910	-0.850	9.082
1507.920	-0.860	9.155
1507.930	-0.860	8.936
1507.940	-0.860	9.155
1507.950	-0.870	9.082
1507.960	-0.870	9.229
1507.970	-0.870	9.229
1507.980	-0.870	9.229
1507.990	-0.870	9.229
1508.000	-0.870	9.229
1508.010	-0.880	9.302
1508.020	-0.880	9.229
1508.030	-0.880	9.302
1508.040	-0.880	9.302
1508.050	-0.880	9.229
1508.060	-0.880	9.229
1508.070	-0.860	9.229
1508.080	-0.860	9.009
1508.090	-0.860	8.936
1508.100	-0.840	8.936
1508.110	-0.840	8.936
1508.120	-0.840	9.009
1508.130	-0.810	8.716
1508.140	-0.810	8.643
1508.150	-0.810	8.643
1508.160	-0.790	8.423
1508.170	-0.790	8.643
1508.180	-0.790	8.423
1508.190	-0.750	8.057
1508.200	-0.750	8.276
1508.210	-0.750	7.910
1508.220	-0.700	7.837
1508.230	-0.700	7.983
1508.240	-0.700	7.544
1508.250	-0.650	7.251
1508.260	-0.650	7.104
1508.270	-0.650	6.958
1508.280	-0.610	6.885
1508.290	-0.610	6.738
1508.300	-0.610	6.445
1508.310	-0.570	6.445
1508.320	-0.570	6.299
1508.330	-0.570	5.859
1508.340	-0.520	5.786
1508.350	-0.520	5.933
1508.360	-0.520	5.786
1508.370	-0.470	5.347
1508.380	-0.470	4.907
1508.390	-0.470	4.614
1508.400	-0.400	4.614
1508.410	-0.400	4.395
1508.420	-0.400	4.028
1508.430	-0.330	4.028
1508.440	-0.330	3.735
1508.450	-0.330	2.930
1508.460	-0.260	2.930
1508.470	-0.260	2.710
1508.480	-0.260	2.271
1508.490	-0.190	2.271
1508.500	-0.190	2.051
1508.510	-0.190	1.392
1508.520	-0.110	1.392
1508.530	-0.110	1.245
1508.540	-0.110	1.025
1508.550	-0.060	0.879
1508.560	-0.060	0.659
1508.570	-0.060	0.439
1508.580	0.000	0.220
1508.590	0.000	0.073
1508.600	0.000	-0.220
1508.610	0.050	-0.293
1508.620	0.050	-0.513
1508.630	0.050	-0.659
1508.640	0.100	-0.879
1508.650	0.100	-0.952
1508.660	0.100	-1.099
1508.670	0.140	-1.245
1508.680	0.140	-1.392
1508.690	0.140	-1.611
1508.700	0.180	-1.758
1508.710	0.180	-1.978
1508.720	0.180	-2.124
1508.730	0.210	-2.271
1508.740	0.210	-2.344
1508.750	0.210	-2.563
1508.760	0.250	-2.710
1508.770	0.250	-2.930
1508.780	0.250	-3.149
1508.790	0.270	-3.223
1508.800	0.270	-3.223
1508.810	0.270	-3.149
1508.820	0.290	-3.223
1508.830	0.290	-3.296
1508.840	0.290	-3.516
1508.850	0.300	-3.662
1508.860	0.300	-3.662
1508.870	0.300	-3.589
1508.880	0.300	-3.516
1508.890	0.300	-3.516
1508.900	0.300	-3.735
1508.910	0.310	-3.955
1508.920	0.310	-3.882
1508.930	0.310	-3.882
1508.940	0.310	-3.662
1508.950	0.310	-3.516
1508.960	0.310	-3.589
1508.970	0.300	-3.662
1508.980	0.300	-3.662
1508.990	0.300	-3.662
1509.000	0.300	-3.442
1509.010	0.300	-3.296
1509.020	0.300	-3.369
1509.030	0.290	-3.516
1509.040	0.290	-3.662
1509.050	0.290	-3.662
1509.060	0.270	-3.589
1509.070	0.270	-3.369
1509.080	0.270	-3.223
1509.090	0.260	-3.149
1509.100	0.260	-3.149
1509.110	0.260	-3.296
1509.120	0.240	-3.296
1509.130	0.240	-3.076
1509.140	0.240	-2.930
1509.150	0.220	-2.783
1509.160	0.220	-2.710
1509.170	0.220	-2.710
1509.180	0.190	-2.710
1509.190	0.190	-2.637
1509.200	0.190	-2.563
1509.210	0.150	-2.417
1509.220	0.150	-2.197
1509.230	0.150	-2.124
1509.240	0.100	-1.904
1509.250	0.100	-1.831
1509.260	0.100	-1.685
1509.270	0.060	-1.538
1509.280	0.060	-1.318
1509.290	0.060	-1.099
1509.300	0.000	-0.879
1509.310	0.000	-0.586
1509.320	0.000	-0.439
1509.330	-0.050	-0.220
1509.340	-0.050	0.000
1509.350	-0.050	0.146
1509.360	-0.120	0.439
1509.370	-0.120	0.732
1509.380	-0.120	1.245
1509.390	-0.180	1.245
1509.400	-0.180	1.465
1509.410	-0.180	1.904
1509.420	-0.230	1.904
1509.430	-0.230	2.051
1509.440	-0.230	2.490
1509.450	-0.270	2.490
1509.460	-0.270	2.710
1509.470	-0.270	2.856
1509.480	-0.310	2.856
1509.490	-0.310	2.930
1509.500	-0.310	3.003
1509.510	-0.350	3.076
1509.520	-0.350	3.296
1509.530	-0.350	3.662
1509.540	-0.380	3.809
1509.550	-0.380	3.882
1509.560	-0.380	3.809
1509.570	-0.420	3.955
1509.580	-0.420	4.248
1509.590	-0.420	4.395
1509.600	-0.460	4.468
1509.610	-0.460	4.614
1509.620	-0.460	4.761
1509.630	-0.500	4.980
1509.640	-0.500	5.054
1509.650	-0.500	5.127
1509.660	-0.550	5.493
1509.670	-0.550	5.640
1509.680	-0.550	5.566
1509.690	-0.590	5.713
1509.700	-0.590	6.226
1509.710	-0.590	6.445
1509.720	-0.630	6.445
1509.730	-0.630	6.445
1509.740	-0.630	6.665
1509.750	-0.670	6.738
1509.760	-0.670	6.738
1509.770	-0.670	7.031
1509.780	-0.700	7.251
1509.790	-0.700	7.544
1509.800	-0.700	7.471
1509.810	-0.730	7.397
1509.820	-0.730	7.690
1509.830	-0.730	7.837
1509.840	-0.750	7.764
1509.850	-0.750	8.130
1509.860	-0.750	8.130
1509.870	-0.770	7.837
1509.880	-0.770	8.057
1509.890	-0.770	8.057
1509.900	-0.790	8.057
1509.910	-0.790	8.423
1509.920	-0.790	8.203
1509.930	-0.790	8.057
1509.940	-0.790	8.423
1509.950	-0.790	8.276
1509.960	-0.790	8.350
1509.970	-0.790	8.569
1509.980	-0.790	8.203
1509.990	-0.790	8.203
1510.000	-0.790	8.350
1510.010	-0.790	8.203
1510.020	-0.780	8.496
1510.030	-0.780	8.423
1510.040	-0.780	8.057
1510.050	-0.770	8.350
1510.060	-0.770	8.276
1510.070	-0.770	8.130
1510.080	-0.750	8.423
1510.090	-0.750	8.203
1510.100	-0.750	7.837
1510.110	-0.720	8.057
1510.120	-0.720	7.837
1510.130	-0.720	7.764
1510.140	-0.690	7.983
1510.150	-0.690	7.471
1510.160	-0.690	7.324
1510.170	-0.660	7.178
1510.180	-0.660	7.178
1510.190	-0.660	7.104
1510.200	-0.630	7.104
1510.210	-0.630	6.665
1510.220	-0.630	6.592
1510.230	-0.580	6.372
1510.240	-0.580	5.859
1510.250	-0.580	5.786
1510.260	-0.530	5.859
1510.270	-0.530	5.786
1510.280	-0.530	5.347
1510.290	-0.470	5.127
1510.300	-0.470	4.980
1510.310	-0.470	4.907
1510.320	-0.410	4.687
1510.330	-0.410	4.468
1510.340	-0.410	4.395
1510.350	-0.350	4.102
1510.360	-0.350	3.735
1510.370	-0.350	3.442
1510.380	-0.300	3.296
1510.390	-0.300	3.296
1510.400	-0.300	2.856
1510.410	-0.240	2.856
1510.420	-0.240	2.563
1510.430	-0.240	2.271
1510.440	-0.190	2.271
1510.450	-0.190	2.124
1510.460	-0.190	1.758
1510.470	-0.130	1.758
1510.480	-0.130	1.465
1510.490	-0.130	0.806
1510.500	-0.060	0.806
1510.510	-0.060	0.586
1510.520	-0.060	0.146
1510.530	0.010	0.146
1510.540	0.010	0.000
1510.550	0.010	-0.366
1510.560	0.070	-0.366
1510.570	0.070	-0.586
1510.580	0.070	-0.806
1510.590	0.120	-1.099
1510.600	0.120	-1.392
1510.610	0.120	-1.611
1510.620	0.150	-1.831
1510.630	0.150	-1.904
1510.640	0.150	-2.051
1510.650	0.190	-2.124
1510.660	0.190	-2.197
1510.670	0.190	-2.271
1510.680	0.210	-2.344
1510.690	0.210	-2.417
1510.700	0.210	-2.490
1510.710	0.240	-2.637
1510.720	0.240	-2.710
1510.730	0.240	-2.783
1510.740	0.270	-2.856
1510.750	0.270	-3.149
1510.760	0.270	-3.442
1510.770	0.300	-3.662
1510.780	0.300	-3.662
1510.790	0.300	-3.589
1510.800	0.330	-3.589
1510.810	0.330	-3.589
1510.820	0.330	-3.809
1510.830	0.360	-3.955
1510.840	0.360	-4.102
1510.850	0.360	-4.028
1510.860	0.390	-3.955
1510.870	0.390	-4.175
1510.880	0.390	-4.395
1510.890	0.410	-4.541
1510.900	0.410	-4.541
1510.910	0.410	-4.614
1510.920	0.410	-4.687
1510.930	0.410	-4.761
1510.940	0.410	-4.761
1510.950	0.420	-4.834
1510.960	0.420	-4.907
1510.970	0.420	-4.907
1510.980	0.410	-4.907
1510.990	0.410	-4.907
1511.000	0.410	-4.907
1511.010	0.410	-4.907
1511.020	0.410	-4.907
1511.030	0.410	-4.834
1511.040	0.400	-4.834
1511.050	0.400	-4.834
1511.060	0.400	-4.834
1511.070	0.400	-4.761
1511.080	0.400	-4.687
1511.090	0.400	-4.614
1511.100	0.390	-4.614
1511.110	0.390	-4.614
1511.120	0.390	-4.541
1511.130	0.370	-4.541
1511.140	0.370	-4.541
1511.150	0.370	-4.321
1511.160	0.340	-4.102
1511.170	0.340	-4.102
1511.180	0.340	-4.175
1511.190	0.310	-4.175
1511.200	0.310	-4.102
1511.210	0.310	-3.516
1511.220	0.270	-3.516
1511.230	0.270	-3.223
1511.240	0.270	-2.930
1511.250	0.220	-2.930
1511.260	0.220	-2.856
1511.270	0.220	-2.344
1511.280	0.160	-2.344
1511.290	0.160	-2.197
1511.300	0.160	-1.831
1511.310	0.100	-1.831
1511.320	0.100	-1.685
1511.330	0.100	-1.392
1511.340	0.040	-1.392
1511.350	0.040	-1.172
1511.360	0.040	-0.659
1511.370	-0.010	-0.659
1511.380	-0.010	-0.439
1511.390	-0.010	0.000
1511.400	-0.080	0.000
1511.410	-0.080	0.220
1511.420	-0.080	0.732
1511.430	-0.140	0.732
1511.440	-0.140	0.952
1511.450	-0.140	1.172
1511.460	-0.190	1.392
1511.470	-0.190	1.538
1511.480	-0.190	1.758
1511.490	-0.240	1.831
1511.500	-0.240	1.904
1511.510	-0.240	2.051
1511.520	-0.280	2.197
1511.530	-0.280	2.417
1511.540	-0.280	2.637
1511.550	-0.330	2.783
1511.560	-0.330	2.930
1511.570	-0.330	3.369
1511.580	-0.370	3.369
1511.590	-0.370	3.735
1511.600	-0.370	4.102
1511.610	-0.400	4.102
1511.620	-0.400	4.102
1511.630	-0.400	4.248
1511.640	-0.440	4.248
1511.650	-0.440	4.541
1511.660	-0.440	4.687
1511.670	-0.470	4.687
1511.680	-0.470	4.834
1511.690	-0.470	4.907
1511.700	-0.500	4.907
1511.710	-0.500	4.980
1511.720	-0.500	5.566
1511.730	-0.530	5.566
1511.740	-0.530	5.640
1511.750	-0.530	5.493
1511.760	-0.560	5.713
1511.770	-0.560	6.006
1511.780	-0.560	5.933
1511.790	-0.580	5.713
1511.800	-0.580	5.933
1511.810	-0.580	6.372
1511.820	-0.610	6.372
1511.830	-0.610	6.152
1511.840	-0.610	6.372
1511.850	-0.620	6.372
1511.860	-0.620	6.226
1511.870	-0.620	6.445
1511.880	-0.640	6.445
1511.890	-0.640	6.665
1511.900	-0.640	6.665
1511.910	-0.650	6.665
1511.920	-0.650	6.738
1511.930	-0.650	6.665
1511.940	-0.660	6.592
1511.950	-0.660	6.885
1511.960	-0.660	7.031
1511.970	-0.670	7.104
1511.980	-0.670	7.031
1511.990	-0.670	6.812
1512.000	-0.670	6.812
1512.010	-0.670	6.812
1512.020	-0.670	7.031
1512.030	-0.670	7.178
1512.040	-0.670	7.178
1512.050	-0.670	7.104
1512.060	-0.650	6.958
1512.070	-0.650	6.812
1512.080	-0.650	6.885
1512.090	-0.630	6.958
1512.100	-0.630	7.031
1512.110	-0.630	6.812
1512.120	-0.610	6.738
1512.130	-0.610	6.519
1512.140	-0.610	6.226
1512.150	-0.580	6.079
1512.160	-0.580	6.299
1512.170	-0.580	6.299
1512.180	-0.550	5.933
1512.190	-0.550	5.859
1512.200	-0.550	5.859
1512.210	-0.500	5.640
1512.220	-0.500	5.200
1512.230	-0.500	5.127
1512.240	-0.440	5.054
1512.250	-0.440	4.907
1512.260	-0.440	4.614
1512.270	-0.380	4.468
1512.280	-0.380	4.248
1512.290	-0.380	3.882
1512.300	-0.320	3.516
1512.310	-0.320	3.369
1512.320	-0.320	3.296
1512.330	-0.260	3.149
1512.340	-0.260	2.710
1512.350	-0.260	2.710
1512.360	-0.190	2.344
1512.370	-0.190	2.051
1512.380	-0.190	1.831
1512.390	-0.110	1.685
1512.400	-0.110	1.465
1512.410	-0.110	1.172
1512.420	-0.040	0.952
1512.430	-0.040	0.659
1512.440	-0.040	0.366
1512.450	0.030	0.000
1512.460	0.030	-0.220
1512.470	0.030	-0.513
1512.480	0.100	-0.806
1512.490	0.100	-1.099
1512.500	0.100	-1.392
1512.510	0.170	-1.611
1512.520	0.170	-1.831
1512.530	0.170	-2.051
1512.540	0.250	-2.344
1512.550	0.250	-2.637
1512.560	0.250	-3.003
1512.570	0.300	-3.149
1512.580	0.300	-3.223
1512.590	0.300	-3.369
1512.600	0.350	-3.516
1512.610	0.350	-3.809
1512.620	0.350	-4.175
1512.630	0.400	-4.321
1512.640	0.400	-4.395
1512.650	0.400	-4.614
1512.660	0.440	-4.834
1512.670	0.440	-4.907
1512.680	0.440	-5.054
1512.690	0.480	-5.200
1512.700	0.480	-5.566
1512.710	0.480	-5.640
1512.720	0.520	-5.640
1512.730	0.520	-5.933
1512.740	0.520	-6.226
1512.750	0.540	-6.079
1512.760	0.540	-5.933
1512.770	0.540	-6.299
1512.780	0.570	-6.519
1512.790	0.570	-6.665
1512.800	0.570	-6.812
1512.810	0.600	-6.958
1512.820	0.600	-6.812
1512.830	0.600	-6.738
1512.840	0.620	-6.885
1512.850	0.620	-6.958
1512.860	0.620	-7.104
1512.870	0.630	-7.251
1512.880	0.630	-7.178
1512.890	0.630	-7.104
1512.900	0.640	-7.031
1512.910	0.640	-7.031
1512.920	0.640	-7.251
1512.930	0.640	-7.471
1512.940	0.640	-7.324
1512.950	0.640	-7.251
1512.960	0.640	-7.251
1512.970	0.640	-7.104
1512.980	0.640	-7.178
1512.990	0.640	-7.251
1513.000	0.640	-7.324
1513.010	0.640	-7.178
1513.020	0.640	-7.104
1513.030	0.640	-7.031
1513.040	0.640	-7.031
1513.050	0.620	-7.178
1513.060	0.620	-7.324
1513.070	0.620	-7.251
1513.080	0.600	-7.104
1513.090	0.600	-7.031
1513.100	0.600	-6.958
1513.110	0.590	-6.958
1513.120	0.590	-6.958
1513.130	0.590	-6.958
1513.140	0.570	-6.958
1513.150	0.570	-6.738
1513.160	0.570	-6.445
1513.170	0.540	-6.445
1513.180	0.540	-6.519
