% Time (s)	Gyro Output (rads/s)	Input Rate (RPM)	%9/1/20201:43 PM
0.000	0.000	0.000
1801.830	-0.030	0.000
1801.840	-0.030	0.000
1801.850	-0.030	0.000
1801.860	-0.030	0.000
1801.870	-0.030	0.000
1801.880	-0.030	0.000
1801.890	-0.030	0.000
1801.900	-0.030	0.000
1801.910	-0.030	0.000
1801.920	-0.030	0.000
1801.930	-0.030	0.000
1801.940	-0.030	0.000
1801.950	-0.030	0.000
1801.960	-0.030	0.000
1801.970	-0.030	0.000
1801.980	-0.030	0.000
1801.990	-0.030	0.000
1802.000	-0.030	0.000
1802.010	-0.020	0.000
1802.020	-0.020	0.000
1802.030	-0.020	0.000
1802.040	-0.030	0.000
1802.050	-0.030	0.000
1802.060	-0.030	0.000
1802.070	-0.030	0.000
1802.080	-0.030	0.000
1802.090	-0.030	0.000
1802.100	-0.030	0.000
1802.110	-0.030	0.000
1802.120	-0.030	0.000
1802.130	-0.030	0.000
1802.140	-0.030	0.000
1802.150	-0.030	0.000
1802.160	-0.020	0.000
1802.170	-0.020	0.000
1802.180	-0.020	0.000
1802.190	-0.030	0.000
1802.200	-0.030	0.000
1802.210	-0.030	0.000
1802.220	-0.030	0.000
1802.230	-0.030	0.000
1802.240	-0.030	0.000
1802.250	-0.030	0.000
1802.260	-0.030	0.000
1802.270	-0.030	0.000
1802.280	-0.020	0.000
1802.290	-0.020	0.000
1802.300	-0.020	0.000
1802.310	-0.020	0.000
1802.320	-0.020	0.000
1802.330	-0.020	0.000
1802.340	-0.030	0.000
1802.350	-0.030	0.000
1802.360	-0.030	0.000
1802.370	-0.030	0.000
1802.380	-0.030	0.000
1802.390	-0.030	0.000
1802.400	-0.030	0.000
1802.410	-0.030	0.000
1802.420	-0.030	0.000
1802.430	-0.030	0.000
1802.440	-0.030	0.000
1802.450	-0.030	0.000
1802.460	-0.030	0.000
1802.470	-0.030	0.000
1802.480	-0.030	0.000
1802.490	-0.020	0.000
1802.500	-0.020	0.000
1802.510	-0.020	0.000
1802.520	-0.020	0.000
1802.530	-0.020	0.000
1802.540	-0.020	0.000
1802.550	-0.020	0.000
1802.560	-0.020	0.000
1802.570	-0.020	0.000
1802.580	-0.030	0.000
1802.590	-0.030	0.000
1802.600	-0.030	0.000
1802.610	-0.030	0.000
1802.620	-0.030	0.000
1802.630	-0.030	0.000
1802.640	-0.020	0.000
1802.650	-0.020	0.000
1802.660	-0.020	0.000
1802.670	-0.020	0.000
1802.680	-0.020	0.000
1802.690	-0.020	0.000
1802.700	-0.030	0.000
1802.710	-0.030	0.000
1802.720	-0.030	0.000
1802.730	-0.020	0.000
1802.740	-0.020	0.000
1802.750	-0.020	0.000
1802.760	-0.020	0.000
1802.770	-0.020	0.000
1802.780	-0.020	0.000
1802.790	-0.030	0.000
1802.800	-0.030	0.000
1802.810	-0.030	0.000
1802.820	-0.020	0.000
1802.830	-0.020	0.000
1802.840	-0.020	0.000
1802.850	-0.030	0.000
1802.860	-0.030	0.000
1802.870	-0.030	0.000
1802.880	-0.020	0.000
1802.890	-0.020	0.000
1802.900	-0.020	0.000
1802.910	-0.020	0.000
1802.920	-0.020	0.000
1802.930	-0.020	0.000
1802.940	-0.020	0.000
1802.950	-0.020	0.000
1802.960	-0.020	0.000
1802.970	-0.030	0.000
1802.980	-0.030	0.000
1802.990	-0.030	0.000
1803.000	-0.030	0.000
1803.010	-0.030	0.000
1803.020	-0.030	0.000
1803.030	-0.020	0.000
1803.040	-0.020	0.000
1803.050	-0.020	0.000
1803.060	-0.020	0.000
1803.070	-0.020	0.000
1803.080	-0.020	0.000
1803.090	-0.030	0.000
1803.100	-0.030	0.000
1803.110	-0.030	0.000
1803.120	-0.030	0.000
1803.130	-0.030	0.000
1803.140	-0.030	0.000
1803.150	-0.030	0.000
1803.160	-0.030	0.000
1803.170	-0.030	0.000
1803.180	-0.030	0.000
1803.190	-0.030	0.000
1803.200	-0.030	0.000
1803.210	-0.030	0.000
1803.220	-0.030	0.000
1803.230	-0.030	0.000
1803.240	-0.030	0.000
1803.250	-0.030	0.000
1803.260	-0.030	0.000
1803.270	-0.030	0.000
1803.280	-0.030	0.000
1803.290	-0.030	0.000
1803.300	-0.020	0.000
1803.310	-0.020	0.000
1803.320	-0.020	0.000
1803.330	-0.020	0.000
1803.340	-0.020	0.000
1803.350	-0.020	0.000
1803.360	-0.020	0.000
1803.370	-0.020	0.000
1803.380	-0.020	0.000
1803.390	-0.030	0.000
1803.400	-0.030	0.000
1803.410	-0.030	0.000
1803.420	-0.030	0.000
1803.430	-0.030	0.000
1803.440	-0.030	0.000
1803.450	-0.030	0.000
1803.460	-0.030	0.000
1803.470	-0.030	0.000
1803.480	-0.030	0.000
1803.490	-0.030	0.000
1803.500	-0.030	0.000
1803.510	-0.030	0.000
1803.520	-0.030	0.000
1803.530	-0.030	0.000
1803.540	-0.030	0.000
1803.550	-0.030	0.000
1803.560	-0.030	0.000
1803.570	-0.020	0.000
1803.580	-0.020	0.000
1803.590	-0.020	0.000
1803.600	-0.020	0.000
1803.610	-0.020	0.000
1803.620	-0.020	0.000
1803.630	-0.030	0.000
1803.640	-0.030	0.000
1803.650	-0.030	0.000
1803.660	-0.030	0.000
1803.670	-0.030	0.000
1803.680	-0.030	0.000
1803.690	-0.030	0.000
1803.700	-0.030	0.000
1803.710	-0.030	0.000
1803.720	-0.030	0.000
1803.730	-0.030	0.000
1803.740	-0.030	0.000
1803.750	-0.030	0.000
1803.760	-0.030	0.000
1803.770	-0.030	0.000
1803.780	-0.020	0.000
1803.790	-0.020	0.000
1803.800	-0.020	0.000
1803.810	-0.030	0.000
1803.820	-0.030	0.000
1803.830	-0.030	0.000
1803.840	-0.030	0.000
1803.850	-0.030	0.000
1803.860	-0.030	0.000
1803.870	-0.030	0.000
1803.880	-0.030	0.000
1803.890	-0.030	0.000
1803.900	-0.030	0.000
1803.910	-0.030	0.000
1803.920	-0.030	0.000
1803.930	-0.030	0.000
1803.940	-0.030	0.000
1803.950	-0.030	0.000
1803.960	-0.030	0.000
1803.970	-0.030	0.000
1803.980	-0.030	0.000
1803.990	-0.020	0.000
1804.000	-0.020	0.000
1804.010	-0.020	0.000
1804.020	-0.030	0.000
1804.030	-0.030	0.000
1804.040	-0.030	0.000
1804.050	-0.030	0.000
1804.060	-0.030	0.000
1804.070	-0.030	0.000
1804.080	-0.030	0.000
1804.090	-0.030	0.000
1804.100	-0.030	0.000
1804.110	-0.030	0.000
1804.120	-0.030	0.000
1804.130	-0.030	0.000
1804.140	-0.030	0.000
1804.150	-0.030	0.000
1804.160	-0.030	0.000
1804.170	-0.020	0.000
1804.180	-0.020	0.000
1804.190	-0.020	0.000
1804.200	-0.020	0.000
1804.210	-0.020	0.000
1804.220	-0.020	0.000
1804.230	-0.020	0.000
1804.240	-0.020	0.000
1804.250	-0.020	0.000
1804.260	-0.030	0.000
1804.270	-0.030	0.000
1804.280	-0.030	0.000
1804.290	-0.020	0.000
1804.300	-0.020	0.000
1804.310	-0.020	0.000
1804.320	-0.020	0.000
1804.330	-0.020	0.000
1804.340	-0.020	0.000
1805.740	-0.030	0.000
1805.750	-0.030	0.000
1805.760	-0.030	0.000
1805.770	-0.030	0.000
1805.780	-0.030	0.000
1805.790	-0.030	0.000
1805.800	-0.030	0.000
1805.810	-0.030	0.000
1805.820	-0.030	0.000
1805.830	-0.030	0.000
1805.840	-0.030	0.000
1805.850	-0.040	0.073
1805.860	-0.040	0.073
1805.870	-0.040	0.146
1805.880	-0.050	0.146
1805.890	-0.050	0.220
1805.900	-0.050	0.220
1805.910	-0.060	0.293
1805.920	-0.060	0.366
1805.930	-0.060	0.439
1805.940	-0.080	0.513
1805.950	-0.080	0.513
1805.960	-0.080	0.586
1805.970	-0.090	0.659
1805.980	-0.090	0.806
1805.990	-0.090	0.879
1806.000	-0.110	1.025
1806.010	-0.110	1.099
1806.020	-0.110	1.172
1806.030	-0.130	1.245
1806.040	-0.130	1.245
1806.050	-0.130	1.318
1806.060	-0.150	1.392
1806.070	-0.150	1.392
1806.080	-0.150	1.318
1806.090	-0.160	1.318
1806.100	-0.160	1.318
1806.110	-0.160	1.392
1806.120	-0.170	1.392
1806.130	-0.170	1.465
1806.140	-0.170	1.685
1806.150	-0.190	1.758
1806.160	-0.190	1.758
1806.170	-0.190	1.758
1806.180	-0.200	1.904
1806.190	-0.200	1.904
1806.200	-0.200	1.904
1806.210	-0.220	1.831
1806.220	-0.220	1.904
1806.230	-0.220	1.904
1806.240	-0.230	1.831
1806.250	-0.230	2.051
1806.260	-0.230	2.197
1806.270	-0.250	2.417
1806.280	-0.250	2.417
1806.290	-0.250	2.563
1806.300	-0.270	2.637
1806.310	-0.270	2.783
1806.320	-0.270	2.930
1806.330	-0.290	3.149
1806.340	-0.290	3.223
1806.350	-0.290	3.076
1806.360	-0.310	3.003
1806.370	-0.310	2.930
1806.380	-0.310	3.003
1806.390	-0.330	3.076
1806.400	-0.330	3.369
1806.410	-0.330	3.589
1806.420	-0.360	3.516
1806.430	-0.360	3.442
1806.440	-0.360	3.516
1806.450	-0.380	3.662
1806.460	-0.380	3.955
1806.470	-0.380	4.028
1806.480	-0.410	4.102
1806.490	-0.410	4.028
1806.500	-0.410	3.955
1806.510	-0.430	4.028
1806.520	-0.430	4.321
1806.530	-0.430	4.395
1806.540	-0.440	4.395
1806.550	-0.440	4.468
1806.560	-0.440	4.687
1806.570	-0.460	4.687
1806.580	-0.460	4.687
1806.590	-0.460	4.834
1806.600	-0.470	4.834
1806.610	-0.470	4.980
1806.620	-0.470	4.980
1806.630	-0.490	4.980
1806.640	-0.490	5.127
1806.650	-0.490	5.273
1806.660	-0.520	5.273
1806.670	-0.520	5.200
1806.680	-0.520	5.493
1806.690	-0.540	5.493
1806.700	-0.540	5.859
1806.710	-0.540	5.713
1806.720	-0.570	5.713
1806.730	-0.570	6.006
1806.740	-0.570	5.933
1806.750	-0.590	5.933
1806.760	-0.590	5.933
1806.770	-0.590	6.592
1806.780	-0.620	6.592
1806.790	-0.620	6.519
1806.800	-0.620	6.592
1806.810	-0.630	6.592
1806.820	-0.630	6.519
1806.830	-0.630	6.372
1806.840	-0.640	6.958
1806.850	-0.640	7.104
1806.860	-0.640	7.178
1806.870	-0.680	7.031
1806.880	-0.680	7.031
1806.890	-0.680	7.104
1806.900	-0.700	7.471
1806.910	-0.700	7.690
1806.920	-0.700	7.910
1806.930	-0.720	7.910
1806.940	-0.720	7.617
1806.950	-0.720	7.983
1806.960	-0.760	7.764
1806.970	-0.760	8.203
1806.980	-0.760	8.203
1806.990	-0.780	8.423
1807.000	-0.780	8.057
1807.010	-0.780	8.423
1807.020	-0.810	8.496
1807.030	-0.810	8.862
1807.040	-0.810	8.862
1807.050	-0.860	8.789
1807.060	-0.860	8.789
1807.070	-0.860	9.009
1807.080	-0.880	9.229
1807.090	-0.880	9.229
1807.100	-0.880	9.521
1807.110	-0.910	9.595
1807.120	-0.910	9.595
1807.130	-0.910	9.741
1807.140	-0.940	9.741
1807.150	-0.940	9.888
1807.160	-0.940	10.107
1807.170	-0.960	10.107
1807.180	-0.960	10.474
1807.190	-0.960	10.693
1807.200	-1.000	10.693
1807.210	-1.000	10.474
1807.220	-1.000	10.767
1807.230	-1.010	10.547
1807.240	-1.010	10.913
1807.250	-1.010	11.133
1807.260	-1.060	11.279
1807.270	-1.060	11.206
1807.280	-1.060	11.353
1807.290	-1.070	11.499
1807.300	-1.070	11.646
1807.310	-1.070	11.572
1807.320	-1.120	11.719
1807.330	-1.120	11.938
1807.340	-1.120	12.158
1807.350	-1.130	12.085
1807.360	-1.130	12.231
1807.370	-1.130	12.378
1807.380	-1.180	12.378
1807.390	-1.180	12.524
1807.400	-1.180	12.524
1807.410	-1.200	13.110
1807.420	-1.200	12.817
1807.430	-1.200	13.257
1807.440	-1.240	13.110
1807.450	-1.240	13.403
1807.460	-1.240	13.257
1807.470	-1.270	13.623
1807.480	-1.270	13.770
1807.490	-1.270	13.770
1807.500	-1.300	14.062
1807.510	-1.300	13.989
1807.520	-1.300	14.136
1807.530	-1.350	14.282
1807.540	-1.350	14.429
1807.550	-1.350	14.429
1807.560	-1.350	14.795
1807.570	-1.350	14.795
1807.580	-1.350	14.648
1807.590	-1.420	15.234
1807.600	-1.420	15.015
1807.610	-1.420	15.015
1807.620	-1.420	15.601
1807.630	-1.420	15.454
1807.640	-1.420	15.308
1807.650	-1.460	15.820
1807.660	-1.460	15.747
1807.670	-1.460	15.674
1807.680	-1.520	16.113
1807.690	-1.520	16.113
1807.700	-1.520	15.894
1807.710	-1.520	16.333
1807.720	-1.520	16.333
1807.730	-1.520	16.187
1807.740	-1.550	16.772
1807.750	-1.550	16.626
1807.760	-1.550	16.699
1807.770	-1.600	17.065
1807.780	-1.600	16.919
1807.790	-1.600	17.139
1807.800	-1.620	17.725
1807.810	-1.620	17.358
1807.820	-1.620	17.505
1807.830	-1.640	18.018
1807.840	-1.640	18.018
1807.850	-1.640	18.237
1807.860	-1.700	18.091
1807.870	-1.700	18.384
1807.880	-1.700	18.530
1807.890	-1.750	18.604
1807.900	-1.750	18.677
1807.910	-1.750	18.896
1807.920	-1.740	18.896
1807.930	-1.740	18.823
1807.940	-1.740	18.970
1807.950	-1.770	19.189
1807.960	-1.770	19.556
1807.970	-1.770	19.629
1807.980	-1.840	19.556
1807.990	-1.840	19.629
1808.000	-1.840	19.629
1808.010	-1.880	20.068
1808.020	-1.880	20.142
1808.030	-1.880	20.435
1808.040	-1.850	20.581
1808.050	-1.850	20.215
1808.060	-1.850	20.435
1808.070	-1.910	20.288
1808.080	-1.910	20.728
1808.090	-1.910	20.581
1808.100	-1.960	21.021
1808.110	-1.960	21.021
1808.120	-1.960	21.167
1808.130	-1.990	21.240
1808.140	-1.990	21.240
1808.150	-1.990	21.753
1808.160	-1.980	21.826
1808.170	-1.980	21.973
1808.180	-1.980	21.826
1808.190	-2.020	22.412
1808.200	-2.020	22.119
1808.210	-2.020	22.266
1808.220	-2.060	22.192
1808.230	-2.060	22.412
1808.240	-2.060	22.412
1808.250	-2.090	22.632
1808.260	-2.090	22.339
1808.270	-2.090	22.705
1808.280	-2.130	22.998
1808.290	-2.130	22.925
1808.300	-2.130	22.925
1808.310	-2.160	23.364
1808.320	-2.160	23.437
1808.330	-2.160	23.584
1808.340	-2.190	23.584
1808.350	-2.190	23.730
1808.360	-2.190	24.097
1808.370	-2.210	24.170
1808.380	-2.210	24.097
1808.390	-2.210	24.243
1808.400	-2.220	24.683
1808.410	-2.220	24.243
1808.420	-2.220	24.463
1808.430	-2.240	24.463
1808.440	-2.240	24.756
1808.450	-2.240	24.463
1808.460	-2.270	24.829
1808.470	-2.270	24.609
1808.480	-2.270	24.976
1808.490	-2.300	24.829
1808.500	-2.300	25.122
1808.510	-2.300	25.342
1808.520	-2.330	25.562
1808.530	-2.330	25.415
1808.540	-2.330	25.562
1808.550	-2.350	25.854
1808.560	-2.350	25.488
1808.570	-2.350	25.854
1808.580	-2.370	25.781
1808.590	-2.370	26.074
1808.600	-2.370	25.781
1808.610	-2.400	26.147
1808.620	-2.400	26.074
1808.630	-2.400	26.147
1808.640	-2.420	26.294
1808.650	-2.420	26.147
1808.660	-2.420	26.660
1808.670	-2.440	26.660
1808.680	-2.440	26.880
1808.690	-2.440	26.807
1808.700	-2.470	26.880
1808.710	-2.470	26.733
1808.720	-2.470	26.807
1808.730	-2.480	27.393
1808.740	-2.480	27.246
1808.750	-2.480	27.466
1808.760	-2.500	27.466
1808.770	-2.500	27.246
1808.780	-2.500	27.539
1808.790	-2.520	27.686
1808.800	-2.520	27.759
1808.810	-2.520	27.686
1808.820	-2.540	27.832
1808.830	-2.540	27.686
1808.840	-2.540	27.832
1808.850	-2.560	28.052
1808.860	-2.560	27.905
1808.870	-2.560	27.979
1808.880	-2.590	28.125
1808.890	-2.590	28.052
1808.900	-2.590	28.125
1808.910	-2.620	28.345
1808.920	-2.620	28.198
1808.930	-2.620	28.345
1808.940	-2.630	28.418
1808.950	-2.630	28.271
1808.960	-2.630	28.345
1808.970	-2.650	28.564
1808.980	-2.650	28.491
1808.990	-2.650	28.564
1809.000	-2.660	28.564
1809.010	-2.660	28.564
1809.020	-2.660	29.004
1809.030	-2.650	28.857
1809.040	-2.650	28.857
1809.050	-2.650	28.857
1809.060	-2.650	29.297
1809.070	-2.650	29.224
1809.080	-2.650	28.857
1809.090	-2.650	29.004
1809.100	-2.650	29.004
1809.110	-2.650	29.224
1809.120	-2.660	29.077
1809.130	-2.660	28.857
1809.140	-2.660	29.224
1809.150	-2.670	29.443
1809.160	-2.670	28.857
1809.170	-2.670	29.004
1809.180	-2.690	29.150
1809.190	-2.690	29.150
1809.200	-2.690	29.224
1809.210	-2.680	29.004
1809.220	-2.680	29.077
1809.230	-2.680	29.297
1809.240	-2.700	29.004
1809.250	-2.700	28.857
1809.260	-2.700	28.857
1809.270	-2.690	29.370
1809.280	-2.690	29.150
1809.290	-2.690	28.857
1809.300	-2.670	29.297
1809.310	-2.670	29.297
1809.320	-2.670	29.077
1809.330	-2.650	29.004
1809.340	-2.650	28.784
1809.350	-2.650	29.004
1809.360	-2.640	29.370
1809.370	-2.640	28.784
1809.380	-2.640	28.931
1809.390	-2.660	29.004
1809.400	-2.660	28.931
1809.410	-2.660	28.784
1809.420	-2.670	28.784
1809.430	-2.670	28.857
1809.440	-2.670	29.077
1809.450	-2.650	28.857
1809.460	-2.650	28.638
1809.470	-2.650	28.564
1809.480	-2.640	28.931
1809.490	-2.640	28.857
1809.500	-2.640	28.564
1809.510	-2.610	28.564
1809.520	-2.610	28.418
1809.530	-2.610	28.638
1809.540	-2.580	28.564
1809.550	-2.580	28.345
1809.560	-2.580	28.418
1809.570	-2.570	28.491
1809.580	-2.570	28.198
1809.590	-2.570	28.271
1809.600	-2.570	28.125
1809.610	-2.570	28.052
1809.620	-2.570	27.979
1809.630	-2.570	28.052
1809.640	-2.570	27.905
1809.650	-2.570	27.905
1809.660	-2.550	27.832
1809.670	-2.550	27.686
1809.680	-2.550	27.539
1809.690	-2.530	27.612
1809.700	-2.530	27.686
1809.710	-2.530	27.686
1809.720	-2.490	27.612
1809.730	-2.490	27.100
1809.740	-2.490	26.953
1809.750	-2.460	27.246
1809.760	-2.460	27.026
1809.770	-2.460	27.026
1809.780	-2.430	27.026
1809.790	-2.430	26.733
1809.800	-2.430	26.440
1809.810	-2.420	26.440
1809.820	-2.420	26.660
1809.830	-2.420	26.807
1809.840	-2.420	26.807
1809.850	-2.420	26.514
1809.860	-2.420	26.147
1809.870	-2.400	26.147
1809.880	-2.400	26.147
1809.890	-2.400	26.147
1809.900	-2.370	25.928
1809.910	-2.370	26.074
1809.920	-2.370	25.854
1809.930	-2.350	26.074
1809.940	-2.350	25.562
1809.950	-2.350	25.562
1809.960	-2.320	25.708
1809.970	-2.320	25.488
1809.980	-2.320	25.488
1809.990	-2.280	25.342
1810.000	-2.280	25.415
1810.010	-2.280	25.049
1810.020	-2.240	25.049
1810.030	-2.240	24.683
1810.040	-2.240	24.756
1810.050	-2.220	24.390
1810.060	-2.220	24.170
1810.070	-2.220	24.170
1810.080	-2.200	24.097
1810.090	-2.200	23.877
1810.100	-2.200	23.877
1810.110	-2.180	23.804
1810.120	-2.180	23.804
1810.130	-2.180	23.584
1810.140	-2.160	23.730
1810.150	-2.160	23.657
1810.160	-2.160	23.584
1810.170	-2.140	23.511
1810.180	-2.140	23.364
1810.190	-2.140	23.364
1810.200	-2.120	23.218
1810.210	-2.120	23.071
1810.220	-2.120	22.852
1810.230	-2.080	22.998
1810.240	-2.080	22.632
1810.250	-2.080	22.559
1810.260	-2.040	22.485
1810.270	-2.040	22.412
1810.280	-2.040	22.192
1810.290	-2.000	22.192
1810.300	-2.000	21.680
1810.310	-2.000	21.826
1810.320	-1.960	21.606
1810.330	-1.960	21.460
1810.340	-1.960	21.240
1810.350	-1.920	21.313
1810.360	-1.920	21.094
1810.370	-1.920	20.947
1810.380	-1.910	20.874
1810.390	-1.910	20.361
1810.400	-1.910	20.728
1810.410	-1.860	20.508
1810.420	-1.860	20.508
1810.430	-1.860	20.435
1810.440	-1.830	20.288
1810.450	-1.830	19.995
1810.460	-1.830	19.702
1810.470	-1.790	19.775
1810.480	-1.790	19.556
1810.490	-1.790	19.702
1810.500	-1.750	19.556
1810.510	-1.750	19.116
1810.520	-1.750	19.043
1810.530	-1.710	18.896
1810.540	-1.710	18.677
1810.550	-1.710	18.604
1810.560	-1.670	18.604
1810.570	-1.670	18.384
1810.580	-1.670	18.311
1810.590	-1.630	17.944
1810.600	-1.630	17.798
1810.610	-1.630	17.944
1810.620	-1.610	17.798
1810.630	-1.610	17.285
1810.640	-1.610	17.285
1810.650	-1.570	17.285
1810.660	-1.570	17.139
1810.670	-1.570	16.772
1810.680	-1.530	16.772
1810.690	-1.530	16.919
1810.700	-1.530	16.260
1810.710	-1.480	16.260
1810.720	-1.480	16.040
1810.730	-1.480	16.040
1810.740	-1.420	16.040
1810.750	-1.420	15.674
1810.760	-1.420	15.381
1810.770	-1.380	15.454
1810.780	-1.380	15.015
1810.790	-1.380	14.941
1810.800	-1.350	15.015
1810.810	-1.350	14.722
1810.820	-1.350	14.575
1810.830	-1.290	14.282
1810.840	-1.290	14.062
1810.850	-1.290	13.916
1810.860	-1.240	13.989
1810.870	-1.240	13.550
1810.880	-1.240	13.550
1810.890	-1.170	13.403
1810.900	-1.170	12.964
1810.910	-1.170	12.598
1810.920	-1.130	12.598
1810.930	-1.130	12.817
1810.940	-1.130	12.231
1810.950	-1.100	12.231
1810.960	-1.100	11.938
1810.970	-1.100	11.499
1810.980	-1.080	11.499
1810.990	-1.080	11.060
1811.000	-1.080	11.060
1811.010	-1.000	11.060
1811.020	-1.000	10.986
1811.030	-1.000	10.693
1811.040	-0.910	10.693
1811.050	-0.910	10.327
1811.060	-0.910	9.961
1811.070	-0.870	9.961
1811.080	-0.870	9.741
1811.090	-0.870	9.375
1811.100	-0.880	9.375
1811.110	-0.880	9.302
1811.120	-0.880	9.009
1811.130	-0.820	9.009
1811.140	-0.820	8.423
1811.150	-0.820	8.350
1811.160	-0.720	8.350
1811.170	-0.720	7.983
1811.180	-0.720	7.764
1811.190	-0.670	7.764
1811.200	-0.670	7.324
1811.210	-0.670	6.812
1811.220	-0.640	6.812
1811.230	-0.640	6.812
1811.240	-0.640	6.226
1811.250	-0.560	6.226
1811.260	-0.560	6.226
1811.270	-0.560	5.713
1811.280	-0.510	5.713
1811.290	-0.510	5.420
1811.300	-0.510	5.347
1811.310	-0.450	5.347
1811.320	-0.450	4.980
1811.330	-0.450	4.541
1811.340	-0.380	4.541
1811.350	-0.380	4.175
1811.360	-0.380	3.589
1811.370	-0.340	3.589
1811.380	-0.340	3.442
1811.390	-0.340	3.223
1811.400	-0.240	3.223
1811.410	-0.240	2.783
1811.420	-0.240	2.271
1811.430	-0.200	2.271
1811.440	-0.200	1.978
1811.450	-0.200	1.831
1811.460	-0.110	1.611
1811.470	-0.110	1.099
1811.480	-0.110	0.806
1811.490	-0.060	0.806
1811.500	-0.060	0.586
1811.510	-0.060	0.366
1811.520	0.020	0.146
1811.530	0.020	0.000
1811.540	0.020	-0.146
1811.550	0.060	-0.439
1811.560	0.060	-0.732
1811.570	0.060	-1.025
1811.580	0.130	-1.318
1811.590	0.130	-1.538
1811.600	0.130	-1.758
1811.610	0.180	-1.978
1811.620	0.180	-2.197
1811.630	0.180	-2.783
1811.640	0.260	-2.783
1811.650	0.260	-3.149
1811.660	0.260	-3.296
1811.670	0.320	-3.369
1811.680	0.320	-3.369
1811.690	0.320	-3.589
1811.700	0.370	-4.028
1811.710	0.370	-4.321
1811.720	0.370	-4.468
1811.730	0.450	-4.687
1811.740	0.450	-5.054
1811.750	0.450	-5.054
1811.760	0.490	-5.200
1811.770	0.490	-5.273
1811.780	0.490	-5.713
1811.790	0.530	-6.006
1811.800	0.530	-5.933
1811.810	0.530	-6.079
1811.820	0.590	-6.519
1811.830	0.590	-6.592
1811.840	0.590	-6.445
1811.850	0.640	-6.885
1811.860	0.640	-7.104
1811.870	0.640	-7.544
1811.880	0.690	-7.764
1811.890	0.690	-7.690
1811.900	0.690	-7.983
1811.910	0.750	-8.203
1811.920	0.750	-8.130
1811.930	0.750	-8.716
1811.940	0.810	-8.862
1811.950	0.810	-8.862
1811.960	0.810	-9.155
1811.970	0.860	-9.375
1811.980	0.860	-9.521
1811.990	0.860	-9.668
1812.000	0.910	-10.034
1812.010	0.910	-10.034
1812.020	0.910	-10.474
1812.030	0.950	-10.327
1812.040	0.950	-10.767
1812.050	0.950	-10.840
1812.060	1.000	-11.206
1812.070	1.000	-11.060
1812.080	1.000	-11.279
1812.090	1.060	-11.646
1812.100	1.060	-11.865
1812.110	1.060	-11.938
1812.120	1.110	-12.231
1812.130	1.110	-12.671
1812.140	1.110	-12.598
1812.150	1.170	-12.891
1812.160	1.170	-12.744
1812.170	1.170	-13.403
1812.180	1.220	-13.403
1812.190	1.220	-13.696
1812.200	1.220	-13.916
1812.210	1.280	-14.136
1812.220	1.280	-14.136
1812.230	1.280	-14.355
1812.240	1.340	-14.575
1812.250	1.340	-14.795
1812.260	1.340	-15.308
1812.270	1.370	-15.015
1812.280	1.370	-15.308
1812.290	1.370	-15.674
1812.300	1.400	-15.381
1812.310	1.400	-15.820
1812.320	1.400	-16.113
1812.330	1.440	-15.967
1812.340	1.440	-16.187
1812.350	1.440	-16.333
1812.360	1.470	-16.333
1812.370	1.470	-16.699
1812.380	1.470	-16.699
1812.390	1.500	-16.626
1812.400	1.500	-17.065
1812.410	1.500	-16.846
1812.420	1.530	-16.919
1812.430	1.530	-17.358
1812.440	1.530	-17.358
1812.450	1.570	-17.358
1812.460	1.570	-17.358
1812.470	1.570	-17.578
1812.480	1.600	-18.091
1812.490	1.600	-17.798
1812.500	1.600	-17.725
1812.510	1.620	-18.237
1812.520	1.620	-18.237
1812.530	1.620	-18.311
1812.540	1.650	-18.311
1812.550	1.650	-18.457
1812.560	1.650	-18.604
1812.570	1.690	-18.823
1812.580	1.690	-18.750
1812.590	1.690	-19.043
1812.600	1.730	-19.336
1812.610	1.730	-19.189
1812.620	1.730	-19.336
1812.630	1.760	-19.409
1812.640	1.760	-19.702
1812.650	1.760	-19.922
1812.660	1.790	-19.922
1812.670	1.790	-19.849
1812.680	1.790	-19.702
1812.690	1.810	-20.142
1812.700	1.810	-20.215
1812.710	1.810	-20.435
1812.720	1.840	-20.728
1812.730	1.840	-20.581
1812.740	1.840	-20.947
1812.750	1.880	-20.874
1812.760	1.880	-21.240
1812.770	1.880	-21.021
1812.780	1.920	-21.387
1812.790	1.920	-21.240
1812.800	1.920	-21.387
1812.810	1.940	-21.606
1812.820	1.940	-21.387
1812.830	1.940	-21.680
1812.840	1.980	-21.826
1812.850	1.980	-22.046
1812.860	1.980	-21.973
1812.870	2.020	-22.559
1812.880	2.020	-22.559
1812.890	2.020	-22.852
1812.900	2.050	-22.852
1812.910	2.050	-22.925
1812.920	2.050	-23.071
1812.930	2.070	-23.291
1812.940	2.070	-23.071
1812.950	2.070	-23.218
1812.960	2.110	-23.364
1812.970	2.110	-23.364
1812.980	2.110	-23.437
1812.990	2.150	-23.584
1813.000	2.150	-23.657
1813.010	2.150	-23.804
1813.020	2.160	-24.023
1813.030	2.160	-23.950
1813.040	2.160	-24.243
1813.050	2.200	-24.390
1813.060	2.200	-24.536
1813.070	2.200	-24.609
1813.080	2.230	-25.122
1813.090	2.230	-24.902
1813.100	2.230	-25.195
1813.110	2.250	-25.269
1813.120	2.250	-25.342
1813.130	2.250	-25.342
1813.140	2.290	-25.488
1813.150	2.290	-25.488
1813.160	2.290	-25.562
1813.170	2.310	-25.854
1813.180	2.310	-25.635
1813.190	2.310	-26.147
1813.200	2.350	-26.074
1813.210	2.350	-26.147
1813.220	2.350	-26.221
1813.230	2.380	-26.514
1813.240	2.380	-26.587
1813.250	2.380	-26.807
1813.260	2.410	-27.173
1813.270	2.410	-26.880
1813.280	2.410	-26.880
1813.290	2.450	-27.026
1813.300	2.450	-27.100
1813.310	2.450	-27.466
1813.320	2.450	-27.539
1813.330	2.450	-27.539
1813.340	2.450	-27.612
1813.350	2.500	-27.832
1813.360	2.500	-27.832
1813.370	2.500	-27.979
1813.380	2.520	-28.198
1813.390	2.520	-28.125
1813.400	2.520	-28.345
1813.410	2.570	-28.418
1813.420	2.570	-28.418
1813.430	2.570	-28.491
1813.440	2.580	-28.931
1813.450	2.580	-28.711
1813.460	2.580	-28.711
1813.470	2.610	-28.931
1813.480	2.610	-29.004
1813.490	2.610	-29.297
1813.500	2.620	-29.224
1813.510	2.620	-29.077
1813.520	2.620	-29.663
1813.530	2.670	-29.736
1813.540	2.670	-29.370
1813.550	2.670	-29.663
1813.560	2.670	-29.883
1813.570	2.670	-29.883
1813.580	2.670	-29.956
1813.590	2.720	-29.883
1813.600	2.720	-30.176
1813.610	2.720	-30.176
1813.620	2.720	-30.176
1813.630	2.720	-30.322
1813.640	2.720	-30.396
1813.650	2.760	-30.469
1813.660	2.760	-30.469
1813.670	2.760	-30.542
1813.680	2.750	-30.762
1813.690	2.750	-30.908
1813.700	2.750	-30.762
1813.710	2.790	-30.908
1813.720	2.790	-30.835
1813.730	2.790	-30.835
1813.740	2.800	-31.128
1813.750	2.800	-31.348
1813.760	2.800	-31.128
1813.770	2.820	-31.421
1813.780	2.820	-31.494
1813.790	2.820	-31.201
1813.800	2.850	-31.421
1813.810	2.850	-31.567
1813.820	2.850	-31.348
1813.830	2.840	-31.860
1813.840	2.840	-31.787
1813.850	2.840	-31.567
1813.860	2.870	-31.934
1813.870	2.870	-31.787
1813.880	2.870	-31.714
1813.890	2.880	-32.080
1813.900	2.880	-31.934
1813.910	2.880	-32.080
1813.920	2.880	-32.300
1813.930	2.880	-31.860
1813.940	2.880	-32.227
1813.950	2.910	-32.227
1813.960	2.910	-32.007
1813.970	2.910	-32.446
1813.980	2.880	-32.300
1813.990	2.880	-32.300
1814.000	2.880	-32.520
1814.010	2.910	-32.373
1814.020	2.910	-32.373
1814.030	2.910	-32.520
1814.040	2.920	-32.446
1814.050	2.920	-32.373
1814.060	2.920	-32.446
1814.070	2.900	-32.446
1814.080	2.900	-32.373
1814.090	2.900	-32.153
1814.100	2.920	-32.520
1814.110	2.920	-32.373
1814.120	2.920	-32.446
1814.130	2.910	-32.520
1814.140	2.910	-32.153
1814.150	2.910	-32.373
1814.160	2.900	-32.520
1814.170	2.900	-32.300
1814.180	2.900	-32.446
1814.190	2.920	-32.520
1814.200	2.920	-32.446
1814.210	2.920	-32.373
1814.220	2.900	-32.373
1814.230	2.900	-32.520
1814.240	2.900	-32.373
1814.250	2.880	-32.373
1814.260	2.880	-32.520
1814.270	2.880	-32.153
1814.280	2.900	-32.446
1814.290	2.900	-32.520
1814.300	2.900	-32.080
1814.310	2.870	-32.446
1814.320	2.870	-32.227
1814.330	2.870	-32.007
1814.340	2.860	-32.446
1814.350	2.860	-32.153
1814.360	2.860	-32.007
1814.370	2.880	-32.227
1814.380	2.880	-31.787
1814.390	2.880	-32.007
1814.400	2.850	-32.080
1814.410	2.850	-31.714
1814.420	2.850	-32.080
1814.430	2.840	-31.860
1814.440	2.840	-31.567
1814.450	2.840	-31.641
1814.460	2.850	-31.641
1814.470	2.850	-31.641
1814.480	2.850	-31.567
1814.490	2.820	-31.567
1814.500	2.820	-31.494
1814.510	2.820	-31.348
1814.520	2.800	-31.348
1814.530	2.800	-31.567
1814.540	2.800	-31.348
1814.550	2.810	-31.348
1814.560	2.810	-31.421
1814.570	2.810	-31.494
1814.580	2.780	-31.201
1814.590	2.780	-31.201
1814.600	2.780	-31.128
1814.610	2.750	-31.128
1814.620	2.750	-31.128
1814.630	2.750	-31.201
1814.640	2.770	-30.908
1814.650	2.770	-30.835
1814.660	2.770	-31.128
1814.670	2.730	-30.835
1814.680	2.730	-30.762
1814.690	2.730	-30.908
1814.700	2.710	-30.688
1814.710	2.710	-30.469
1814.720	2.710	-30.542
1814.730	2.720	-30.322
1814.740	2.720	-30.322
1814.750	2.720	-30.322
1814.760	2.680	-30.176
1814.770	2.680	-30.029
1814.780	2.680	-29.810
1814.790	2.660	-29.810
1814.800	2.660	-30.103
1814.810	2.660	-29.736
1814.820	2.670	-29.736
1814.830	2.670	-29.736
1814.840	2.670	-29.736
1814.850	2.630	-29.736
1814.860	2.630	-29.370
1814.870	2.630	-29.736
1814.880	2.610	-29.736
1814.890	2.610	-29.517
1814.900	2.610	-29.370
1814.910	2.610	-29.370
1814.920	2.610	-29.297
1814.930	2.610	-28.931
1814.940	2.560	-28.931
1814.950	2.560	-28.711
1814.960	2.560	-28.711
1814.970	2.550	-28.711
1814.980	2.550	-28.418
1814.990	2.550	-28.345
1815.000	2.540	-28.345
1815.010	2.540	-28.271
1815.020	2.540	-28.271
1815.030	2.490	-28.271
1815.040	2.490	-28.125
1815.050	2.490	-28.125
1815.060	2.490	-28.125
1815.070	2.490	-28.052
1815.080	2.490	-27.979
1815.090	2.450	-27.905
1815.100	2.450	-27.759
1815.110	2.450	-27.393
1815.120	2.430	-27.393
1815.130	2.430	-27.393
1815.140	2.430	-27.319
1815.150	2.420	-27.319
1815.160	2.420	-26.733
1815.170	2.420	-26.807
1815.180	2.360	-26.733
1815.190	2.360	-26.660
1815.200	2.360	-26.953
1815.210	2.360	-26.807
1815.220	2.360	-26.660
1815.230	2.360	-26.221
1815.240	2.320	-26.440
1815.250	2.320	-26.147
1815.260	2.320	-26.074
1815.270	2.290	-26.074
1815.280	2.290	-25.708
1815.290	2.290	-25.781
1815.300	2.260	-25.415
1815.310	2.260	-25.781
1815.320	2.260	-25.342
1815.330	2.230	-25.562
1815.340	2.230	-25.122
1815.350	2.230	-25.269
1815.360	2.210	-25.195
1815.370	2.210	-24.976
1815.380	2.210	-24.976
1815.390	2.170	-24.902
1815.400	2.170	-24.536
1815.410	2.170	-24.170
1815.420	2.160	-24.316
1815.430	2.160	-23.950
1815.440	2.160	-23.877
1815.450	2.100	-23.804
1815.460	2.100	-23.584
1815.470	2.100	-23.584
1815.480	2.080	-23.511
1815.490	2.080	-23.218
1815.500	2.080	-23.218
1815.510	2.020	-23.218
1815.520	2.020	-22.852
1815.530	2.020	-22.852
1815.540	2.010	-22.778
1815.550	2.010	-22.632
1815.560	2.010	-22.339
1815.570	1.960	-22.266
1815.580	1.960	-21.973
1815.590	1.960	-21.826
1815.600	1.940	-21.899
1815.610	1.940	-21.460
1815.620	1.940	-21.606
1815.630	1.880	-21.387
1815.640	1.880	-21.460
1815.650	1.880	-20.947
1815.660	1.850	-21.167
1815.670	1.850	-20.654
1815.680	1.850	-20.728
1815.690	1.800	-20.728
1815.700	1.800	-20.361
1815.710	1.800	-20.435
1815.720	1.760	-19.995
1815.730	1.760	-19.775
1815.740	1.760	-19.482
1815.750	1.720	-19.556
1815.760	1.720	-19.336
1815.770	1.720	-19.116
1815.780	1.660	-19.116
1815.790	1.660	-18.823
1815.800	1.660	-18.750
1815.810	1.630	-18.604
1815.820	1.630	-18.311
1815.830	1.630	-18.237
1815.840	1.590	-18.237
1815.850	1.590	-17.871
1815.860	1.590	-17.505
1815.870	1.520	-17.725
1815.880	1.520	-17.285
1815.890	1.520	-17.065
1815.900	1.490	-16.919
1815.910	1.490	-16.699
1815.920	1.490	-16.772
1815.930	1.440	-16.479
1815.940	1.440	-16.187
1815.950	1.440	-16.260
1815.960	1.380	-16.187
1815.970	1.380	-15.820
1815.980	1.380	-15.601
1815.990	1.330	-15.527
1816.000	1.330	-15.161
1816.010	1.330	-14.868
1816.020	1.270	-14.941
1816.030	1.270	-14.429
1816.040	1.270	-14.209
1816.050	1.210	-13.843
1816.060	1.210	-13.770
1816.070	1.210	-13.403
1816.080	1.160	-13.403
1816.090	1.160	-13.330
1816.100	1.160	-13.037
1816.110	1.110	-12.964
1816.120	1.110	-12.451
1816.130	1.110	-12.817
1816.140	1.060	-12.378
1816.150	1.060	-12.378
1816.160	1.060	-12.012
1816.170	1.000	-12.231
1816.180	1.000	-11.719
1816.190	1.000	-11.133
1816.200	0.940	-11.206
1816.210	0.940	-10.840
1816.220	0.940	-10.913
1816.230	0.880	-10.254
1816.240	0.880	-10.181
1816.250	0.880	-9.961
1816.260	0.820	-9.814
1816.270	0.820	-9.521
1816.280	0.820	-9.375
1816.290	0.770	-9.082
1816.300	0.770	-8.936
1816.310	0.770	-8.643
1816.320	0.710	-8.203
1816.330	0.710	-8.423
1816.340	0.710	-8.130
1816.350	0.640	-7.617
1816.360	0.640	-7.397
1816.370	0.640	-7.104
1816.380	0.570	-6.885
1816.390	0.570	-6.885
1816.400	0.570	-6.665
1816.410	0.500	-6.592
1816.420	0.500	-5.640
1816.430	0.500	-5.493
1816.440	0.430	-5.420
1816.450	0.430	-5.273
1816.460	0.430	-5.273
1816.470	0.370	-4.907
1816.480	0.370	-4.687
1816.490	0.370	-4.395
1816.500	0.300	-3.955
1816.510	0.300	-3.662
1816.520	0.300	-3.662
1816.530	0.240	-3.662
1816.540	0.240	-3.442
1816.550	0.240	-3.223
1816.560	0.190	-2.856
1816.570	0.190	-2.637
1816.580	0.190	-2.490
1816.590	0.140	-2.271
1816.600	0.140	-2.051
1816.610	0.140	-1.831
1816.620	0.090	-1.538
1816.630	0.090	-1.245
1816.640	0.090	-1.025
1816.650	0.030	-0.879
1816.660	0.030	-0.732
1816.670	0.030	-0.586
1816.680	-0.020	-0.439
1816.690	-0.020	-0.293
1816.700	-0.020	-0.146
1816.710	-0.080	0.000
1816.720	-0.080	0.146
1816.730	-0.080	0.293
1816.740	-0.130	0.439
1816.750	-0.130	0.659
1816.760	-0.130	0.806
1816.770	-0.170	1.025
1816.780	-0.170	1.245
1816.790	-0.170	1.465
1816.800	-0.220	1.758
1816.810	-0.220	1.978
1816.820	-0.220	2.197
1816.830	-0.260	2.417
1816.840	-0.260	2.490
1816.850	-0.260	2.637
1816.860	-0.300	2.783
1816.870	-0.300	3.076
1816.880	-0.300	3.223
1816.890	-0.340	3.296
1816.900	-0.340	3.149
1816.910	-0.340	3.223
1816.920	-0.380	3.296
1816.930	-0.380	3.589
1816.940	-0.380	3.955
1816.950	-0.420	4.102
1816.960	-0.420	4.248
1816.970	-0.420	4.175
1816.980	-0.460	4.541
1816.990	-0.460	4.614
1817.000	-0.460	4.907
1817.010	-0.490	5.127
1817.020	-0.490	5.273
1817.030	-0.490	5.273
1817.040	-0.530	5.273
1817.050	-0.530	5.347
1817.060	-0.530	5.640
1817.070	-0.570	5.859
1817.080	-0.570	5.566
1817.090	-0.570	5.640
1817.100	-0.620	6.079
1817.110	-0.620	6.372
1817.120	-0.620	6.372
1817.130	-0.650	6.519
1817.140	-0.650	6.592
1817.150	-0.650	6.665
1817.160	-0.670	6.592
1817.170	-0.670	6.958
1817.180	-0.670	7.178
1817.190	-0.710	7.471
1817.200	-0.710	7.471
1817.210	-0.710	7.324
1817.220	-0.750	7.471
1817.230	-0.750	7.617
1817.240	-0.750	7.764
1817.250	-0.780	8.203
1817.260	-0.780	8.350
1817.270	-0.780	8.057
1817.280	-0.810	8.496
1817.290	-0.810	8.569
1817.300	-0.810	8.643
1817.310	-0.860	9.082
1817.320	-0.860	9.082
1817.330	-0.860	9.229
1817.340	-0.880	9.375
1817.350	-0.880	9.448
1817.360	-0.880	9.521
1817.370	-0.920	9.741
1817.380	-0.920	9.814
1817.390	-0.920	9.814
1817.400	-0.960	10.034
1817.410	-0.960	9.741
1817.420	-0.960	10.181
1817.430	-0.980	10.181
1817.440	-0.980	10.327
1817.450	-0.980	10.254
1817.460	-1.020	10.474
1817.470	-1.020	10.767
1817.480	-1.020	10.693
1817.490	-1.060	10.913
1817.500	-1.060	10.693
1817.510	-1.060	11.426
1817.520	-1.090	11.646
1817.530	-1.090	11.499
1817.540	-1.090	11.719
1817.550	-1.140	11.938
1817.560	-1.140	12.231
1817.570	-1.140	11.938
1817.580	-1.160	12.378
1817.590	-1.160	12.524
1817.600	-1.160	12.964
1817.610	-1.210	12.598
1817.620	-1.210	12.671
1817.630	-1.210	12.891
1817.640	-1.210	12.891
1817.650	-1.210	13.037
1817.660	-1.210	12.964
1817.670	-1.270	13.477
1817.680	-1.270	13.110
1817.690	-1.270	13.403
1817.700	-1.280	13.623
1817.710	-1.280	13.623
1817.720	-1.280	13.843
1817.730	-1.330	14.062
1817.740	-1.330	14.062
1817.750	-1.330	14.282
1817.760	-1.340	14.355
1817.770	-1.340	14.355
1817.780	-1.340	14.648
1817.790	-1.390	14.648
1817.800	-1.390	14.648
1817.810	-1.390	15.015
1817.820	-1.400	14.868
1817.830	-1.400	14.941
1817.840	-1.400	15.088
1817.850	-1.440	15.088
1817.860	-1.440	15.454
1817.870	-1.440	15.527
1817.880	-1.480	15.674
1817.890	-1.480	15.747
1817.900	-1.480	15.820
1817.910	-1.480	15.894
1817.920	-1.480	16.040
1817.930	-1.480	16.260
1817.940	-1.540	16.479
1817.950	-1.540	16.333
1817.960	-1.540	16.479
1817.970	-1.550	16.772
1817.980	-1.550	16.553
1817.990	-1.550	16.772
1818.000	-1.570	16.919
1818.010	-1.570	17.065
1818.020	-1.570	17.139
1818.030	-1.620	17.065
1818.040	-1.620	17.285
1818.050	-1.620	17.651
1818.060	-1.630	17.285
1818.070	-1.630	17.358
1818.080	-1.630	17.871
1818.090	-1.650	17.871
1818.100	-1.650	17.798
1818.110	-1.650	17.725
1818.120	-1.690	18.091
1818.130	-1.690	18.237
1818.140	-1.690	18.237
1818.150	-1.700	18.237
1818.160	-1.700	18.311
1818.170	-1.700	18.457
1818.180	-1.710	18.604
1818.190	-1.710	18.677
1818.200	-1.710	18.823
1818.210	-1.770	18.823
1818.220	-1.770	18.823
1818.230	-1.770	19.043
1818.240	-1.780	19.043
1818.250	-1.780	19.189
1818.260	-1.780	19.409
1818.270	-1.780	19.409
1818.280	-1.780	19.189
1818.290	-1.780	19.409
1818.300	-1.810	19.702
1818.310	-1.810	19.995
1818.320	-1.810	19.702
1818.330	-1.840	19.702
1818.340	-1.840	19.849
1818.350	-1.840	20.361
1818.360	-1.880	20.215
1818.370	-1.880	20.508
1818.380	-1.880	20.435
1818.390	-1.880	20.435
1818.400	-1.880	20.068
1818.410	-1.880	20.288
1818.420	-1.880	20.361
1818.430	-1.880	20.728
1818.440	-1.880	20.508
1818.450	-1.920	20.874
1818.460	-1.920	20.801
1818.470	-1.920	20.947
1818.480	-1.960	20.874
1818.490	-1.960	20.874
1818.500	-1.960	21.460
1818.510	-1.960	21.387
1818.520	-1.960	21.240
1818.530	-1.960	21.094
1818.540	-1.960	21.460
1818.550	-1.960	21.387
1818.560	-1.960	21.460
1818.570	-1.990	21.460
1818.580	-1.990	21.680
1818.590	-1.990	21.826
1818.600	-2.030	21.680
1818.610	-2.030	21.826
1818.620	-2.030	22.119
1818.630	-2.020	22.412
1818.640	-2.020	22.192
1818.650	-2.020	22.266
1818.660	-2.020	22.339
1818.670	-2.020	22.339
1818.680	-2.020	22.192
1818.690	-2.050	22.412
1818.700	-2.050	22.266
1818.710	-2.050	22.412
1818.720	-2.100	22.339
1818.730	-2.100	22.412
1818.740	-2.100	22.339
1818.750	-2.100	22.632
1818.760	-2.100	22.412
1818.770	-2.100	22.632
1818.780	-2.110	22.778
1818.790	-2.110	22.705
1818.800	-2.110	22.852
1818.810	-2.130	22.852
1818.820	-2.130	22.852
1818.830	-2.130	22.925
1818.840	-2.140	23.218
1818.850	-2.140	23.071
1818.860	-2.140	23.218
1818.870	-2.160	23.291
1818.880	-2.160	23.364
1818.890	-2.160	23.437
1818.900	-2.150	23.584
1818.910	-2.150	23.584
1818.920	-2.150	23.730
1818.930	-2.160	23.730
1818.940	-2.160	23.584
1818.950	-2.160	23.657
1818.960	-2.180	23.804
1818.970	-2.180	23.804
1818.980	-2.180	23.657
1818.990	-2.190	23.877
1819.000	-2.190	23.877
1819.010	-2.190	24.023
1819.020	-2.190	24.023
1819.030	-2.190	24.243
1819.040	-2.190	24.390
1819.050	-2.200	24.390
1819.060	-2.200	24.170
1819.070	-2.200	24.316
1819.080	-2.210	24.609
1819.090	-2.210	24.390
1819.100	-2.210	24.463
1819.110	-2.220	24.390
1819.120	-2.220	24.463
1819.130	-2.220	24.243
1819.140	-2.240	24.390
1819.150	-2.240	24.316
1819.160	-2.240	24.683
1819.170	-2.240	24.316
1819.180	-2.240	24.316
1819.190	-2.240	24.390
1819.200	-2.240	24.609
1819.210	-2.240	24.316
1819.220	-2.240	24.609
1819.230	-2.240	24.609
1819.240	-2.240	24.683
1819.250	-2.240	24.536
1819.260	-2.250	24.829
1819.270	-2.250	24.976
1819.280	-2.250	24.976
1819.290	-2.260	24.902
1819.300	-2.260	24.829
1819.310	-2.260	25.122
1819.320	-2.260	24.829
1819.330	-2.260	24.902
1819.340	-2.260	24.976
1819.350	-2.270	24.976
1819.360	-2.270	24.536
1819.370	-2.270	24.683
1819.380	-2.270	24.683
1819.390	-2.270	24.902
1819.400	-2.270	24.902
1819.410	-2.270	24.902
1819.420	-2.270	24.902
1819.430	-2.270	24.976
1819.440	-2.270	24.976
1819.450	-2.270	25.049
1819.460	-2.270	25.049
1819.470	-2.260	25.049
1819.480	-2.260	24.976
1819.490	-2.260	25.122
1819.500	-2.260	25.122
1819.510	-2.260	24.609
1819.520	-2.260	24.536
1819.530	-2.260	24.536
1819.540	-2.260	24.683
1819.550	-2.260	24.609
1819.560	-2.250	24.609
1819.570	-2.250	24.463
1819.580	-2.250	24.463
1819.590	-2.260	24.463
1819.600	-2.260	24.756
1819.610	-2.260	24.683
1819.620	-2.250	24.683
1819.630	-2.250	24.683
1819.640	-2.250	24.756
1819.650	-2.240	24.756
1819.660	-2.240	24.609
1819.670	-2.240	24.536
1819.680	-2.230	24.536
1819.690	-2.230	24.683
1819.700	-2.230	24.243
1819.710	-2.230	24.390
1819.720	-2.230	24.316
1819.730	-2.230	24.170
1819.740	-2.210	24.170
1819.750	-2.210	24.243
1819.760	-2.210	24.170
1819.770	-2.200	24.170
1819.780	-2.200	24.023
1819.790	-2.200	24.097
1819.800	-2.190	24.097
1819.810	-2.190	24.097
1819.820	-2.190	23.950
1819.830	-2.190	23.950
1819.840	-2.190	23.950
1819.850	-2.190	24.023
1819.860	-2.170	23.877
1819.870	-2.170	23.877
1819.880	-2.170	23.804
1819.890	-2.160	23.804
1819.900	-2.160	23.584
1819.910	-2.160	23.657
1819.920	-2.140	23.657
1819.930	-2.140	23.437
1819.940	-2.140	23.291
1819.950	-2.130	23.291
1819.960	-2.130	23.218
1819.970	-2.130	23.145
1819.980	-2.110	23.071
1819.990	-2.110	22.852
1820.000	-2.110	22.998
1820.010	-2.090	22.852
1820.020	-2.090	22.778
1820.030	-2.090	22.705
1820.040	-2.070	22.925
1820.050	-2.070	22.559
1820.060	-2.070	22.632
1820.070	-2.060	22.559
1820.080	-2.060	22.632
1820.090	-2.060	22.485
1820.100	-2.030	22.559
1820.110	-2.030	22.192
1820.120	-2.030	22.339
1820.130	-2.010	22.119
1820.140	-2.010	21.899
1820.150	-2.010	21.606
1820.160	-1.990	21.387
1820.170	-1.990	21.387
1820.180	-1.990	21.387
1820.190	-1.960	21.240
1820.200	-1.960	21.094
1820.210	-1.960	20.801
1820.220	-1.930	20.801
1820.230	-1.930	20.874
1820.240	-1.930	21.021
1820.250	-1.900	21.021
1820.260	-1.900	20.728
1820.270	-1.900	20.508
1820.280	-1.860	20.508
1820.290	-1.860	20.068
1820.300	-1.860	19.702
1820.310	-1.810	19.702
1820.320	-1.810	19.849
1820.330	-1.810	19.702
1820.340	-1.770	19.629
1820.350	-1.770	19.263
1820.360	-1.770	19.043
1820.370	-1.740	19.116
1820.380	-1.740	18.970
1820.390	-1.740	19.116
1820.400	-1.700	18.970
1820.410	-1.700	18.750
1820.420	-1.700	18.677
1820.430	-1.670	18.530
1820.440	-1.670	18.091
1820.450	-1.670	18.018
1820.460	-1.630	18.164
1820.470	-1.630	17.578
1820.480	-1.630	17.432
1820.490	-1.590	17.358
1820.500	-1.590	17.212
1820.510	-1.590	17.212
1820.520	-1.540	16.846
1820.530	-1.540	16.772
1820.540	-1.540	16.919
1820.550	-1.500	16.479
1820.560	-1.500	16.260
1820.570	-1.500	15.967
1820.580	-1.450	15.967
1820.590	-1.450	15.967
1820.600	-1.450	15.381
1820.610	-1.400	15.381
1820.620	-1.400	15.308
1820.630	-1.400	14.941
1820.640	-1.360	15.015
1820.650	-1.360	14.795
1820.660	-1.360	14.648
1820.670	-1.300	14.648
1820.680	-1.300	14.209
1820.690	-1.300	14.062
1820.700	-1.250	14.062
1820.710	-1.250	13.916
1820.720	-1.250	13.550
1820.730	-1.210	13.477
1820.740	-1.210	13.110
1820.750	-1.210	13.037
1820.760	-1.160	12.744
1820.770	-1.160	12.524
1820.780	-1.160	12.744
1820.790	-1.090	12.231
1820.800	-1.090	11.938
1820.810	-1.090	11.865
1820.820	-1.040	11.792
1820.830	-1.040	11.499
1820.840	-1.040	11.060
1820.850	-1.020	11.206
1820.860	-1.020	10.913
1820.870	-1.020	10.840
1820.880	-0.960	10.400
1820.890	-0.960	10.181
1820.900	-0.960	10.254
1820.910	-0.860	9.888
1820.920	-0.860	9.741
1820.930	-0.860	9.448
1820.940	-0.810	9.302
1820.950	-0.810	9.082
1820.960	-0.810	8.936
1820.970	-0.800	8.423
1820.980	-0.800	8.496
1820.990	-0.800	8.350
1821.000	-0.750	7.837
1821.010	-0.750	7.617
1821.020	-0.750	7.471
1821.030	-0.620	7.324
1821.040	-0.620	7.178
1821.050	-0.620	6.812
1821.060	-0.600	6.592
1821.070	-0.600	6.299
1821.080	-0.600	5.859
1821.090	-0.510	5.640
1821.100	-0.510	5.713
1821.110	-0.510	5.566
1821.120	-0.440	5.127
1821.130	-0.440	4.907
1821.140	-0.440	4.541
1821.150	-0.390	4.541
1821.160	-0.390	4.395
1821.170	-0.390	4.102
1821.180	-0.350	4.102
1821.190	-0.350	3.882
1821.200	-0.350	3.076
1821.210	-0.300	3.076
1821.220	-0.300	2.930
1821.230	-0.300	2.563
1821.240	-0.210	2.563
1821.250	-0.210	2.344
1821.260	-0.210	1.904
1821.270	-0.180	1.904
1821.280	-0.180	1.831
1821.290	-0.180	1.465
1821.300	-0.110	1.465
1821.310	-0.110	1.318
1821.320	-0.110	0.952
1821.330	-0.040	0.952
1821.340	-0.040	0.659
1821.350	-0.040	0.000
1821.360	0.030	0.000
1821.370	0.030	-0.293
1821.380	0.030	-0.806
1821.390	0.080	-0.806
1821.400	0.080	-1.099
1821.410	0.080	-1.465
1821.420	0.140	-1.465
1821.430	0.140	-1.685
1821.440	0.140	-1.904
1821.450	0.210	-1.904
1821.460	0.210	-2.051
1821.470	0.210	-2.563
1821.480	0.240	-2.563
1821.490	0.240	-2.710
1821.500	0.240	-3.149
1821.510	0.310	-3.149
1821.520	0.310	-3.442
1821.530	0.310	-4.102
1821.540	0.360	-4.102
1821.550	0.360	-4.175
1821.560	0.360	-4.395
1821.570	0.400	-4.395
1821.580	0.400	-4.614
1821.590	0.400	-4.980
1821.600	0.470	-4.980
1821.610	0.470	-5.273
1821.620	0.470	-5.493
1821.630	0.530	-5.493
1821.640	0.530	-5.566
1821.650	0.530	-6.445
1821.660	0.590	-6.445
1821.670	0.590	-6.592
1821.680	0.590	-6.958
1821.690	0.660	-7.178
1821.700	0.660	-7.251
1821.710	0.660	-7.544
1821.720	0.710	-7.544
1821.730	0.710	-7.910
1821.740	0.710	-8.496
1821.750	0.780	-8.350
1821.760	0.780	-8.716
1821.770	0.780	-8.936
1821.780	0.840	-9.082
1821.790	0.840	-9.302
1821.800	0.840	-9.595
1821.810	0.900	-9.814
1821.820	0.900	-9.961
1821.830	0.900	-10.400
1821.840	0.960	-10.254
1821.850	0.960	-10.840
1821.860	0.960	-10.767
1821.870	1.020	-11.279
1821.880	1.020	-11.060
1821.890	1.020	-11.499
1821.900	1.080	-11.792
1821.910	1.080	-12.158
1821.920	1.080	-12.158
1821.930	1.150	-12.305
1821.940	1.150	-12.891
1821.950	1.150	-12.671
1821.960	1.200	-13.184
1821.970	1.200	-13.110
1821.980	1.200	-13.550
1821.990	1.250	-13.770
1822.000	1.250	-13.989
1822.010	1.250	-14.209
1822.020	1.320	-14.575
1822.030	1.320	-14.502
1822.040	1.320	-14.648
1822.050	1.370	-15.088
1822.060	1.370	-15.088
1822.070	1.370	-15.381
1822.080	1.420	-15.601
1822.090	1.420	-15.527
1822.100	1.420	-15.747
1822.110	1.450	-15.967
1822.120	1.450	-16.187
1822.130	1.450	-16.260
1822.140	1.500	-16.406
1822.150	1.500	-16.772
1822.160	1.500	-16.699
1822.170	1.540	-16.772
1822.180	1.540	-17.065
1822.190	1.540	-17.212
1822.200	1.560	-17.432
1822.210	1.560	-17.212
1822.220	1.560	-17.358
1822.230	1.600	-17.944
1822.240	1.600	-17.725
1822.250	1.600	-17.725
1822.260	1.640	-18.164
1822.270	1.640	-18.311
1822.280	1.640	-18.530
1822.290	1.680	-18.604
1822.300	1.680	-18.604
1822.310	1.680	-18.823
1822.320	1.720	-18.970
1822.330	1.720	-18.970
1822.340	1.720	-19.189
1822.350	1.750	-19.409
1822.360	1.750	-19.189
1822.370	1.750	-19.336
1822.380	1.790	-19.409
1822.390	1.790	-19.702
1822.400	1.790	-19.995
1822.410	1.820	-20.361
1822.420	1.820	-20.508
1822.430	1.820	-20.288
1822.440	1.860	-20.728
1822.450	1.860	-20.435
1822.460	1.860	-20.947
1822.470	1.890	-21.021
1822.480	1.890	-20.874
1822.490	1.890	-21.094
1822.500	1.930	-21.167
1822.510	1.930	-21.240
1822.520	1.930	-21.167
1822.530	1.960	-21.680
1822.540	1.960	-21.606
1822.550	1.960	-22.119
1822.560	1.990	-22.119
1822.570	1.990	-22.339
1822.580	1.990	-22.485
1822.590	2.020	-22.705
1822.600	2.020	-22.559
1822.610	2.020	-22.632
1822.620	2.050	-22.852
1822.630	2.050	-22.998
1822.640	2.050	-22.852
1822.650	2.080	-23.071
1822.660	2.080	-22.998
1822.670	2.080	-23.291
1822.680	2.110	-23.291
1822.690	2.110	-23.291
1822.700	2.110	-23.437
1822.710	2.130	-23.804
1822.720	2.130	-23.657
1822.730	2.130	-23.730
1822.740	2.160	-24.023
1822.750	2.160	-23.950
1822.760	2.160	-24.170
1822.770	2.190	-24.023
1822.780	2.190	-24.243
1822.790	2.190	-24.316
1822.800	2.210	-24.536
1822.810	2.210	-24.243
1822.820	2.210	-24.609
1822.830	2.230	-24.536
1822.840	2.230	-24.756
1822.850	2.230	-25.269
1822.860	2.270	-25.269
1822.870	2.270	-25.195
1822.880	2.270	-25.488
1822.890	2.290	-25.488
1822.900	2.290	-25.708
1822.910	2.290	-25.708
1822.920	2.310	-25.781
1822.930	2.310	-26.001
1822.940	2.310	-26.001
1822.950	2.350	-26.514
1822.960	2.350	-26.147
1822.970	2.350	-26.440
1822.980	2.370	-26.221
1822.990	2.370	-26.294
1823.000	2.370	-26.660
1823.010	2.390	-26.660
1823.020	2.390	-26.953
1823.030	2.390	-27.026
1823.040	2.420	-27.026
1823.050	2.420	-26.587
1823.060	2.420	-26.807
1823.070	2.430	-27.246
1823.080	2.430	-27.319
1823.090	2.430	-27.466
1823.100	2.480	-27.393
1823.110	2.480	-27.393
1823.120	2.480	-27.246
1823.130	2.480	-27.612
1823.140	2.480	-27.759
1823.150	2.480	-27.832
1823.160	2.510	-27.905
1823.170	2.510	-27.686
1823.180	2.510	-27.905
1823.190	2.530	-28.198
1823.200	2.530	-28.198
1823.210	2.530	-28.345
1823.220	2.550	-28.711
1823.230	2.550	-28.491
1823.240	2.550	-28.491
1823.250	2.580	-28.638
1823.260	2.580	-28.711
1823.270	2.580	-29.077
1823.280	2.590	-29.004
1823.290	2.590	-28.784
1823.300	2.590	-29.150
1823.310	2.610	-29.297
1823.320	2.610	-29.004
1823.330	2.610	-29.150
1823.340	2.630	-29.297
1823.350	2.630	-29.663
1823.360	2.630	-29.663
1823.370	2.650	-29.297
1823.380	2.650	-29.663
1823.390	2.650	-29.736
1823.400	2.670	-29.663
1823.410	2.670	-29.736
1823.420	2.670	-29.883
1823.430	2.680	-30.103
1823.440	2.680	-29.956
1823.450	2.680	-29.956
1823.460	2.720	-30.249
1823.470	2.720	-30.029
1823.480	2.720	-29.956
1823.490	2.720	-30.542
1823.500	2.720	-30.322
1823.510	2.720	-30.322
1823.520	2.750	-30.835
1823.530	2.750	-30.469
1823.540	2.750	-30.908
1823.550	2.750	-30.908
1823.560	2.750	-30.615
1823.570	2.750	-30.908
1823.580	2.790	-31.494
1823.590	2.790	-30.835
1823.600	2.790	-31.128
1823.610	2.800	-31.641
1823.620	2.800	-30.908
1823.630	2.800	-31.274
1823.640	2.810	-31.860
1823.650	2.810	-31.274
1823.660	2.810	-31.567
1823.670	2.840	-31.934
1823.680	2.840	-31.274
1823.690	2.840	-31.494
1823.700	2.830	-31.934
1823.710	2.830	-31.421
1823.720	2.830	-31.787
1823.730	2.870	-32.007
1823.740	2.870	-31.421
1823.750	2.870	-32.007
1823.760	2.890	-32.080
1823.770	2.890	-32.007
1823.780	2.890	-32.300
1823.790	2.880	-32.373
1823.800	2.880	-32.227
1823.810	2.880	-32.373
1823.820	2.910	-32.593
1823.830	2.910	-32.520
1823.840	2.910	-32.739
1823.850	2.920	-32.593
1823.860	2.920	-32.520
1823.870	2.920	-32.593
1823.880	2.920	-32.739
1823.890	2.920	-32.739
1823.900	2.920	-32.959
1823.910	2.960	-32.812
1823.920	2.960	-32.886
1823.930	2.960	-32.959
1823.940	2.960	-32.886
1823.950	2.960	-32.959
1823.960	2.960	-33.105
1823.970	2.950	-33.398
1823.980	2.950	-33.179
1823.990	2.950	-33.105
1824.000	3.000	-33.105
1824.010	3.000	-33.398
1824.020	3.000	-33.472
1824.030	3.010	-33.398
1824.040	3.010	-33.765
1824.050	3.010	-33.472
1824.060	2.980	-33.765
1824.070	2.980	-33.398
1824.080	2.980	-33.472
1824.090	3.040	-33.765
1824.100	3.040	-33.545
1824.110	3.040	-33.911
1824.120	3.040	-33.618
1824.130	3.040	-33.618
1824.140	3.040	-33.545
1824.150	3.000	-34.204
1824.160	3.000	-33.618
1824.170	3.000	-33.545
1824.180	3.030	-34.131
1824.190	3.030	-33.838
1824.200	3.030	-33.691
1824.210	3.090	-33.984
1824.220	3.090	-33.911
1824.230	3.090	-33.911
1824.240	3.040	-34.058
1824.250	3.040	-33.618
1824.260	3.040	-33.984
1824.270	3.010	-34.204
1824.280	3.010	-33.545
1824.290	3.010	-34.058
1824.300	3.070	-33.838
1824.310	3.070	-34.058
1824.320	3.070	-33.838
1824.330	3.070	-34.204
1824.340	3.070	-33.765
1824.350	3.070	-33.765
1824.360	3.030	-34.131
1824.370	3.030	-33.984
1824.380	3.030	-34.204
1824.390	3.040	-33.765
1824.400	3.040	-34.204
1824.410	3.040	-33.618
1824.420	3.070	-33.838
1824.430	3.070	-33.691
1824.440	3.070	-33.984
1824.450	3.060	-34.204
1824.460	3.060	-33.618
1824.470	3.060	-33.838
1824.480	3.020	-33.765
1824.490	3.020	-33.838
1824.500	3.020	-33.398
1824.510	3.040	-34.131
1824.520	3.040	-33.765
1824.530	3.040	-33.618
1824.540	3.030	-33.765
1824.550	3.030	-33.325
1824.560	3.030	-33.765
1824.570	2.990	-33.618
1824.580	2.990	-33.691
1824.590	2.990	-33.545
1824.600	3.000	-33.472
1824.610	3.000	-33.325
1824.620	3.000	-33.325
1824.630	2.990	-33.545
1824.640	2.990	-33.105
1824.650	2.990	-33.398
1824.660	2.950	-33.032
1824.670	2.950	-32.812
1824.680	2.950	-32.959
1824.690	2.920	-32.886
1824.700	2.920	-32.886
1824.710	2.920	-32.886
1824.720	2.930	-32.666
1824.730	2.930	-32.520
1824.740	2.930	-32.666
1824.750	2.910	-32.300
1824.760	2.910	-32.373
1824.770	2.910	-32.446
1824.780	2.860	-32.227
1824.790	2.860	-32.300
1824.800	2.860	-32.227
1824.810	2.850	-31.934
1824.820	2.850	-32.153
1824.830	2.850	-31.787
1824.840	2.850	-31.934
1824.850	2.850	-31.934
1824.860	2.850	-31.714
1824.870	2.800	-31.714
1824.880	2.800	-31.421
1824.890	2.800	-31.274
1824.900	2.770	-31.348
1824.910	2.770	-31.201
1824.920	2.770	-31.055
1824.930	2.770	-31.128
1824.940	2.770	-30.762
1824.950	2.770	-30.762
1824.960	2.720	-30.615
1824.970	2.720	-30.322
1824.980	2.720	-30.542
1824.990	2.680	-30.322
1825.000	2.680	-30.029
1825.010	2.680	-30.249
1825.020	2.680	-30.029
1825.030	2.680	-29.810
1825.040	2.680	-29.810
1825.050	2.630	-29.810
1825.060	2.630	-29.590
1825.070	2.630	-29.150
1825.080	2.590	-29.370
1825.090	2.590	-29.370
1825.100	2.590	-28.857
1825.110	2.590	-28.857
1825.120	2.590	-28.784
1825.130	2.590	-28.857
1825.140	2.530	-28.857
1825.150	2.530	-28.418
1825.160	2.530	-28.345
1825.170	2.490	-28.345
1825.180	2.490	-28.198
1825.190	2.490	-27.905
1825.200	2.480	-27.905
1825.210	2.480	-27.979
1825.220	2.480	-27.686
1825.230	2.420	-27.686
1825.240	2.420	-27.393
1825.250	2.420	-27.246
1825.260	2.400	-27.246
1825.270	2.400	-27.173
1825.280	2.400	-27.246
1825.290	2.370	-26.807
1825.300	2.370	-26.587
1825.310	2.370	-26.440
1825.320	2.310	-26.440
1825.330	2.310	-26.440
1825.340	2.310	-26.001
1825.350	2.300	-26.294
1825.360	2.300	-25.781
1825.370	2.300	-25.781
1825.380	2.240	-25.488
1825.390	2.240	-25.488
1825.400	2.240	-25.269
1825.410	2.200	-25.195
1825.420	2.200	-24.976
1825.430	2.200	-24.829
1825.440	2.170	-24.683
1825.450	2.170	-24.243
1825.460	2.170	-24.316
1825.470	2.120	-24.097
1825.480	2.120	-23.950
1825.490	2.120	-23.730
1825.500	2.100	-23.877
1825.510	2.100	-23.584
1825.520	2.100	-23.364
1825.530	2.040	-23.291
1825.540	2.040	-23.145
1825.550	2.040	-23.218
1825.560	2.020	-22.998
1825.570	2.020	-22.852
1825.580	2.020	-22.705
1825.590	1.950	-22.705
1825.600	1.950	-22.266
1825.610	1.950	-22.046
1825.620	1.920	-21.899
1825.630	1.920	-21.680
1825.640	1.920	-21.460
1825.650	1.860	-21.167
1825.660	1.860	-21.167
1825.670	1.860	-20.801
1825.680	1.830	-21.021
1825.690	1.830	-20.215
1825.700	1.830	-20.288
1825.710	1.770	-20.215
1825.720	1.770	-20.215
1825.730	1.770	-20.142
1825.740	1.740	-19.995
1825.750	1.740	-19.629
1825.760	1.740	-19.409
1825.770	1.690	-19.482
1825.780	1.690	-19.116
1825.790	1.690	-19.263
1825.800	1.640	-19.043
1825.810	1.640	-18.750
1825.820	1.640	-18.677
1825.830	1.600	-18.457
1825.840	1.600	-18.018
1825.850	1.600	-18.018
1825.860	1.540	-18.018
1825.870	1.540	-17.651
1825.880	1.540	-17.285
1825.890	1.500	-17.358
1825.900	1.500	-17.212
1825.910	1.500	-16.919
1825.920	1.440	-16.699
1825.930	1.440	-16.406
1825.940	1.440	-16.479
1825.950	1.390	-16.333
1825.960	1.390	-15.894
1825.970	1.390	-15.601
1825.980	1.350	-15.674
1825.990	1.350	-15.308
1826.000	1.350	-15.088
1826.010	1.300	-15.308
1826.020	1.300	-14.722
1826.030	1.300	-14.575
1826.040	1.230	-14.575
1826.050	1.230	-14.209
1826.060	1.230	-14.136
1826.070	1.200	-14.062
1826.080	1.200	-13.916
1826.090	1.200	-13.477
1826.100	1.140	-13.477
1826.110	1.140	-12.891
1826.120	1.140	-13.110
1826.130	1.080	-12.671
1826.140	1.080	-12.524
1826.150	1.080	-12.305
1826.160	1.030	-11.865
1826.170	1.030	-11.865
1826.180	1.030	-11.499
1826.190	0.990	-11.426
1826.200	0.990	-11.426
1826.210	0.990	-11.133
1826.220	0.920	-10.840
1826.230	0.920	-10.767
1826.240	0.920	-10.400
1826.250	0.850	-10.474
1826.260	0.850	-9.814
1826.270	0.850	-9.814
1826.280	0.790	-9.521
1826.290	0.790	-9.375
1826.300	0.790	-9.155
1826.310	0.740	-9.082
1826.320	0.740	-8.643
1826.330	0.740	-8.569
1826.340	0.680	-8.423
1826.350	0.680	-7.910
1826.360	0.680	-8.130
1826.370	0.620	-8.057
1826.380	0.620	-7.544
1826.390	0.620	-7.324
1826.400	0.560	-6.958
1826.410	0.560	-6.812
1826.420	0.560	-6.738
1826.430	0.510	-6.445
1826.440	0.510	-6.299
1826.450	0.510	-6.152
1826.460	0.460	-5.640
1826.470	0.460	-5.273
1826.480	0.460	-5.273
1826.490	0.400	-5.273
1826.500	0.400	-4.980
1826.510	0.400	-4.834
1826.520	0.350	-4.614
1826.530	0.350	-4.321
1826.540	0.350	-4.028
1826.550	0.290	-4.028
1826.560	0.290	-3.955
1826.570	0.290	-3.589
1826.580	0.230	-3.589
1826.590	0.230	-3.296
1826.600	0.230	-2.710
1826.610	0.180	-2.710
1826.620	0.180	-2.563
1826.630	0.180	-2.197
1826.640	0.140	-2.197
1826.650	0.140	-1.611
1826.660	0.140	-1.465
1826.670	0.100	-1.465
1826.680	0.100	-1.392
1826.690	0.100	-1.318
1826.700	0.050	-1.245
1826.710	0.050	-1.099
1826.720	0.050	-0.879
1826.730	0.010	-0.879
1826.740	0.010	-0.732
1826.750	0.010	-0.586
1826.760	-0.040	-0.439
1826.770	-0.040	-0.146
1826.780	-0.040	0.000
1826.790	-0.080	0.220
1826.800	-0.080	0.439
1826.810	-0.080	0.586
1826.820	-0.130	0.806
1826.830	-0.130	0.879
1826.840	-0.130	1.025
1826.850	-0.170	1.172
1826.860	-0.170	1.245
1826.870	-0.170	1.245
1826.880	-0.200	1.392
1826.890	-0.200	1.465
1826.900	-0.200	1.611
1826.910	-0.240	1.831
1826.920	-0.240	2.051
1826.930	-0.240	2.344
1826.940	-0.270	2.490
1826.950	-0.270	2.563
1826.960	-0.270	2.710
1826.970	-0.300	2.930
1826.980	-0.300	3.149
1826.990	-0.300	3.369
1827.000	-0.340	3.442
1827.010	-0.340	3.369
1827.020	-0.340	3.296
1827.030	-0.360	3.223
1827.040	-0.360	3.369
1827.050	-0.360	3.735
1827.060	-0.390	3.955
1827.070	-0.390	3.955
1827.080	-0.390	3.882
1827.090	-0.410	3.955
1827.100	-0.410	4.175
1827.110	-0.410	4.321
1827.120	-0.430	4.395
1827.130	-0.430	4.468
1827.140	-0.430	4.468
1827.150	-0.460	4.541
1827.160	-0.460	4.614
1827.170	-0.460	4.761
1827.180	-0.490	4.980
1827.190	-0.490	5.200
1827.200	-0.490	5.200
1827.210	-0.520	5.127
1827.220	-0.520	5.273
1827.230	-0.520	5.566
1827.240	-0.550	5.933
1827.250	-0.550	5.786
1827.260	-0.550	6.079
1827.270	-0.590	6.079
1827.280	-0.590	6.079
1827.290	-0.590	5.933
1827.300	-0.620	5.933
1827.310	-0.620	6.519
1827.320	-0.620	6.665
1827.330	-0.640	6.665
1827.340	-0.640	6.738
1827.350	-0.640	6.812
1827.360	-0.690	6.812
1827.370	-0.690	7.104
1827.380	-0.690	7.471
1827.390	-0.730	7.471
1827.400	-0.730	7.837
1827.410	-0.730	7.617
1827.420	-0.750	7.617
1827.430	-0.750	8.057
1827.440	-0.750	8.276
1827.450	-0.800	8.276
1827.460	-0.800	8.569
1827.470	-0.800	8.643
1827.480	-0.830	8.643
1827.490	-0.830	8.789
1827.500	-0.830	9.082
1827.510	-0.860	9.082
1827.520	-0.860	9.155
1827.530	-0.860	9.302
1827.540	-0.900	9.302
1827.550	-0.900	9.521
1827.560	-0.900	9.521
1827.570	-0.920	9.741
1827.580	-0.920	9.814
1827.590	-0.920	9.814
1827.600	-1.020	10.107
1827.610	-1.020	9.961
1827.620	-1.020	10.327
1827.630	-0.970	10.254
1827.640	-0.970	10.620
1827.650	-0.970	10.474
1827.660	-1.020	10.767
1827.670	-1.020	10.913
1827.680	-1.020	10.840
1827.690	-1.040	11.060
1827.700	-1.040	10.840
1827.710	-1.040	11.353
1827.720	-1.080	11.499
1827.730	-1.080	11.499
1827.740	-1.080	11.426
1827.750	-1.100	11.719
1827.760	-1.100	11.792
1827.770	-1.100	11.792
1827.780	-1.150	12.085
1827.790	-1.150	12.158
1827.800	-1.150	12.598
1827.810	-1.160	12.305
1827.820	-1.160	12.524
1827.830	-1.160	12.598
1827.840	-1.210	12.817
1827.850	-1.210	12.671
1827.860	-1.210	12.891
1827.870	-1.220	13.330
1827.880	-1.220	13.037
1827.890	-1.220	13.477
1827.900	-1.280	13.403
1827.910	-1.280	13.623
1827.920	-1.280	13.696
1827.930	-1.290	13.843
1827.940	-1.290	13.989
1827.950	-1.290	14.209
1827.960	-1.330	14.209
1827.970	-1.330	14.282
1827.980	-1.330	14.429
1827.990	-1.370	14.502
1828.000	-1.370	14.722
1828.010	-1.370	14.648
1828.020	-1.380	14.868
1828.030	-1.380	15.161
1828.040	-1.380	14.795
1828.050	-1.430	15.234
1828.060	-1.430	15.454
1828.070	-1.430	15.088
1828.080	-1.450	15.674
1828.090	-1.450	15.601
1828.100	-1.450	15.234
1828.110	-1.460	15.894
1828.120	-1.460	15.820
1828.130	-1.460	15.527
1828.140	-1.510	16.187
1828.150	-1.510	16.040
1828.160	-1.510	15.894
1828.170	-1.530	16.479
1828.180	-1.530	16.260
1828.190	-1.530	16.553
1828.200	-1.550	17.065
1828.210	-1.550	16.626
1828.220	-1.550	16.846
1828.230	-1.590	17.432
1828.240	-1.590	17.212
1828.250	-1.590	17.285
1828.260	-1.640	17.505
1828.270	-1.640	17.578
1828.280	-1.640	17.578
1828.290	-1.650	17.578
1828.300	-1.650	17.725
1828.310	-1.650	18.018
1828.320	-1.660	18.018
1828.330	-1.660	18.018
1828.340	-1.660	18.311
1828.350	-1.730	18.311
1828.360	-1.730	18.457
1828.370	-1.730	18.530
1828.380	-1.740	18.530
1828.390	-1.740	18.604
1828.400	-1.740	18.896
1828.410	-1.720	18.896
1828.420	-1.720	19.116
1828.430	-1.720	19.263
1828.440	-1.770	19.263
1828.450	-1.770	19.336
1828.460	-1.770	19.409
1828.470	-1.830	19.409
1828.480	-1.830	19.556
1828.490	-1.830	19.922
1828.500	-1.850	19.775
1828.510	-1.850	19.556
1828.520	-1.850	19.775
1828.530	-1.840	19.922
1828.540	-1.840	20.288
1828.550	-1.840	20.215
1828.560	-1.880	20.508
1828.570	-1.880	20.654
1828.580	-1.880	20.435
1828.590	-1.920	20.508
1828.600	-1.920	20.361
1828.610	-1.920	20.947
1828.620	-1.930	20.801
1828.630	-1.930	20.874
1828.640	-1.930	20.947
1828.650	-1.930	21.167
1828.660	-1.930	21.167
1828.670	-1.930	21.167
1828.680	-1.960	21.460
1828.690	-1.960	21.313
1828.700	-1.960	21.753
1828.710	-2.000	21.533
1828.720	-2.000	21.680
1828.730	-2.000	21.460
1828.740	-2.010	21.826
1828.750	-2.010	21.606
1828.760	-2.010	21.826
1828.770	-2.030	21.826
1828.780	-2.030	21.899
1828.790	-2.030	22.192
1828.800	-2.060	22.266
1828.810	-2.060	22.339
1828.820	-2.060	22.412
1828.830	-2.080	22.778
1828.840	-2.080	22.559
1828.850	-2.080	22.778
1828.860	-2.090	22.705
1828.870	-2.090	22.852
1828.880	-2.090	22.925
1828.890	-2.080	22.925
1828.900	-2.080	22.852
1828.910	-2.080	23.145
1828.920	-2.100	23.145
1828.930	-2.100	23.071
1828.940	-2.100	23.071
1828.950	-2.130	23.291
1828.960	-2.130	23.291
1828.970	-2.130	23.291
1828.980	-2.140	23.291
1828.990	-2.140	23.437
1829.000	-2.140	23.511
1829.010	-2.160	23.437
1829.020	-2.160	23.437
1829.030	-2.160	23.511
1829.040	-2.190	23.657
1829.050	-2.190	23.511
1829.060	-2.190	23.584
1829.070	-2.200	23.730
1829.080	-2.200	23.730
1829.090	-2.200	23.657
1829.100	-2.210	23.730
1829.110	-2.210	23.804
1829.120	-2.210	23.950
1829.130	-2.220	23.950
1829.140	-2.220	23.950
1829.150	-2.220	23.950
1829.160	-2.240	24.243
1829.170	-2.240	23.877
1829.180	-2.240	24.097
1829.190	-2.250	24.243
1829.200	-2.250	24.316
1829.210	-2.250	24.170
1829.220	-2.250	24.463
1829.230	-2.250	24.390
1829.240	-2.250	24.536
1829.250	-2.320	24.683
1829.260	-2.320	24.609
1829.270	-2.320	24.902
1829.280	-2.250	24.829
1829.290	-2.250	24.683
1829.300	-2.250	24.902
1829.310	-2.260	24.902
1829.320	-2.260	24.463
1829.330	-2.260	24.536
1829.340	-2.270	24.536
1829.350	-2.270	24.536
1829.360	-2.270	24.463
1829.370	-2.270	24.463
1829.380	-2.270	24.316
1829.390	-2.270	24.316
1829.400	-2.270	24.316
1829.410	-2.270	24.536
1829.420	-2.270	24.683
1829.430	-2.270	24.683
1829.440	-2.270	24.683
1829.450	-2.270	24.829
1829.460	-2.280	24.902
1829.470	-2.280	24.756
1829.480	-2.280	24.756
1829.490	-2.260	24.683
1829.500	-2.260	24.902
1829.510	-2.260	24.609
1829.520	-2.260	24.829
1829.530	-2.260	24.609
1829.540	-2.260	24.683
1829.550	-2.250	24.390
1829.560	-2.250	24.536
1829.570	-2.250	24.463
1829.580	-2.240	24.683
1829.590	-2.240	24.316
1829.600	-2.240	24.463
1829.610	-2.240	24.463
1829.620	-2.240	24.390
1829.630	-2.240	24.170
1829.640	-2.230	24.390
1829.650	-2.230	24.316
1829.660	-2.230	24.390
1829.670	-2.210	24.463
1829.680	-2.210	24.390
1829.690	-2.210	24.536
1829.700	-2.200	24.390
1829.710	-2.200	24.097
1829.720	-2.200	24.097
1829.730	-2.180	24.243
1829.740	-2.180	23.877
1829.750	-2.180	23.804
1829.760	-2.170	23.730
1829.770	-2.170	23.584
1829.780	-2.170	23.511
1829.790	-2.150	23.511
1829.800	-2.150	23.437
1829.810	-2.150	23.511
1829.820	-2.130	23.437
1829.830	-2.130	23.145
1829.840	-2.130	23.218
1829.850	-2.110	23.218
1829.860	-2.110	22.925
1829.870	-2.110	22.705
1829.880	-2.080	22.925
1829.890	-2.080	22.559
1829.900	-2.080	22.559
1829.910	-2.060	22.485
1829.920	-2.060	22.339
1829.930	-2.060	22.412
1829.940	-2.030	22.339
1829.950	-2.030	22.266
1829.960	-2.030	22.266
1829.970	-2.010	22.485
1829.980	-2.010	21.973
1829.990	-2.010	22.192
1830.000	-1.990	21.973
1830.010	-1.990	22.046
1830.020	-1.990	21.680
1830.030	-1.960	21.826
1830.040	-1.960	21.313
1830.050	-1.960	21.460
1830.060	-1.940	21.313
1830.070	-1.940	21.167
1830.080	-1.940	21.094
1830.090	-1.910	20.947
1830.100	-1.910	20.947
1830.110	-1.910	20.508
1830.120	-1.880	20.728
1830.130	-1.880	20.361
1830.140	-1.880	20.654
1830.150	-1.850	20.435
1830.160	-1.850	20.288
1830.170	-1.850	20.068
1830.180	-1.810	19.775
1830.190	-1.810	19.775
1830.200	-1.810	19.556
1830.210	-1.790	19.849
1830.220	-1.790	19.556
1830.230	-1.790	19.189
1830.240	-1.750	19.189
1830.250	-1.750	18.970
1830.260	-1.750	18.896
1830.270	-1.710	18.823
1830.280	-1.710	18.604
1830.290	-1.710	18.530
1830.300	-1.670	18.457
1830.310	-1.670	18.164
1830.320	-1.670	17.944
1830.330	-1.620	18.164
1830.340	-1.620	17.871
1830.350	-1.620	17.798
1830.360	-1.580	17.358
1830.370	-1.580	17.358
1830.380	-1.580	17.578
1830.390	-1.530	16.919
1830.400	-1.530	16.919
1830.410	-1.530	16.919
1830.420	-1.500	16.699
1830.430	-1.500	16.553
1830.440	-1.500	16.406
1830.450	-1.460	15.967
1830.460	-1.460	16.113
1830.470	-1.460	15.967
1830.480	-1.420	15.454
1830.490	-1.420	15.747
1830.500	-1.420	15.454
1830.510	-1.370	14.868
1830.520	-1.370	15.088
1830.530	-1.370	14.868
1830.540	-1.330	14.575
1830.550	-1.330	14.722
1830.560	-1.330	14.355
1830.570	-1.280	14.136
1830.580	-1.280	13.916
1830.590	-1.280	13.916
1830.600	-1.240	13.770
1830.610	-1.240	13.696
1830.620	-1.240	13.403
1830.630	-1.180	13.257
1830.640	-1.180	13.184
1830.650	-1.180	12.671
1830.660	-1.130	12.744
1830.670	-1.130	12.378
1830.680	-1.130	12.671
1830.690	-1.100	12.012
1830.700	-1.100	11.938
1830.710	-1.100	11.865
1830.720	-1.050	11.646
1830.730	-1.050	11.353
1830.740	-1.050	10.913
1830.750	-0.980	11.206
1830.760	-0.980	10.767
1830.770	-0.980	10.840
1830.780	-0.920	10.400
1830.790	-0.920	10.474
1830.800	-0.920	10.034
1830.810	-0.890	9.814
1830.820	-0.890	9.814
1830.830	-0.890	9.521
1830.840	-0.870	9.375
1830.850	-0.870	9.009
1830.860	-0.870	9.009
1830.870	-0.770	8.789
1830.880	-0.770	8.643
1830.890	-0.770	8.203
1830.900	-0.630	8.057
1830.910	-0.630	8.203
1830.920	-0.630	7.617
1830.930	-0.700	7.544
1830.940	-0.700	7.617
1830.950	-0.700	7.251
1830.960	-0.630	6.958
1830.970	-0.630	6.445
1830.980	-0.630	6.445
1830.990	-0.540	6.519
1831.000	-0.540	6.299
1831.010	-0.540	5.859
1831.020	-0.520	5.859
1831.030	-0.520	5.859
1831.040	-0.520	5.127
1831.050	-0.450	5.127
1831.060	-0.450	4.980
1831.070	-0.450	4.687
1831.080	-0.390	4.687
1831.090	-0.390	4.468
1831.100	-0.390	4.102
1831.110	-0.360	4.102
1831.120	-0.360	3.735
1831.130	-0.360	3.149
1831.140	-0.270	3.149
1831.150	-0.270	3.003
1831.160	-0.270	2.783
1831.170	-0.230	2.783
1831.180	-0.230	2.417
1831.190	-0.230	1.904
1831.200	-0.150	1.904
1831.210	-0.150	1.685
1831.220	-0.150	1.318
1831.230	-0.100	1.318
1831.240	-0.100	1.172
1831.250	-0.100	0.952
1831.260	-0.010	0.732
1831.270	-0.010	0.439
1831.280	-0.010	0.146
1831.290	0.020	-0.146
1831.300	0.020	-0.366
1831.310	0.020	-0.659
1831.320	0.090	-0.952
1831.330	0.090	-1.172
1831.340	0.090	-1.318
1831.350	0.150	-1.538
1831.360	0.150	-1.758
1831.370	0.150	-1.978
1831.380	0.220	-2.124
1831.390	0.220	-2.417
1831.400	0.220	-2.783
1831.410	0.260	-2.856
1831.420	0.260	-3.003
1831.430	0.260	-3.076
1831.440	0.320	-3.369
1831.450	0.320	-3.735
1831.460	0.320	-4.028
1831.470	0.400	-4.175
1831.480	0.400	-4.395
1831.490	0.400	-4.541
1831.500	0.440	-4.761
1831.510	0.440	-4.907
1831.520	0.440	-5.054
1831.530	0.490	-5.347
1831.540	0.490	-5.640
1831.550	0.490	-5.640
1831.560	0.540	-5.713
1831.570	0.540	-6.152
1831.580	0.540	-6.299
1831.590	0.590	-6.299
1831.600	0.590	-6.372
1831.610	0.590	-6.812
1831.620	0.630	-6.958
1831.630	0.630	-7.397
1831.640	0.630	-7.471
1831.650	0.700	-7.617
1831.660	0.700	-7.983
1831.670	0.700	-7.910
1831.680	0.760	-8.130
1831.690	0.760	-8.643
1831.700	0.760	-8.569
1831.710	0.810	-8.862
1831.720	0.810	-9.155
1831.730	0.810	-9.229
1831.740	0.870	-9.521
1831.750	0.870	-9.595
1831.760	0.870	-9.814
1831.770	0.930	-10.034
1831.780	0.930	-10.474
1831.790	0.930	-10.327
1831.800	1.000	-10.986
1831.810	1.000	-10.840
1831.820	1.000	-11.279
1831.830	1.050	-11.206
1831.840	1.050	-11.426
1831.850	1.050	-11.865
1831.860	1.090	-12.085
1831.870	1.090	-12.305
1831.880	1.090	-12.305
1831.890	1.160	-13.037
1831.900	1.160	-12.744
1831.910	1.160	-13.184
1831.920	1.230	-13.257
1831.930	1.230	-13.623
1831.940	1.230	-13.916
1831.950	1.300	-14.209
1831.960	1.300	-14.355
1831.970	1.300	-14.648
1831.980	1.360	-14.868
1831.990	1.360	-14.795
1832.000	1.360	-15.308
1832.010	1.420	-15.674
1832.020	1.420	-15.601
1832.030	1.420	-15.967
1832.040	1.470	-16.260
1832.050	1.470	-16.113
1832.060	1.470	-16.479
1832.070	1.530	-16.919
1832.080	1.530	-16.919
1832.090	1.530	-17.065
1832.100	1.560	-17.285
1832.110	1.560	-17.285
1832.120	1.560	-17.944
1832.130	1.600	-17.798
1832.140	1.600	-17.651
1832.150	1.600	-18.164
1832.160	1.640	-18.237
1832.170	1.640	-18.237
1832.180	1.640	-18.311
1832.190	1.670	-18.457
1832.200	1.670	-18.604
1832.210	1.670	-18.750
1832.220	1.710	-18.896
1832.230	1.710	-19.043
1832.240	1.710	-19.263
1832.250	1.750	-19.189
1832.260	1.750	-19.263
1832.270	1.750	-19.849
1832.280	1.790	-19.849
1832.290	1.790	-20.068
1832.300	1.790	-20.068
1832.310	1.820	-20.288
1832.320	1.820	-19.922
1832.330	1.820	-20.361
1832.340	1.860	-20.508
1832.350	1.860	-20.874
1832.360	1.860	-21.021
1832.370	1.900	-21.021
1832.380	1.900	-21.240
1832.390	1.900	-21.240
1832.400	1.950	-21.753
1832.410	1.950	-21.606
1832.420	1.950	-22.046
1832.430	1.990	-22.046
1832.440	1.990	-22.266
1832.450	1.990	-22.192
1832.460	2.020	-22.412
1832.470	2.020	-22.485
1832.480	2.020	-22.705
1832.490	2.060	-22.852
1832.500	2.060	-22.632
1832.510	2.060	-22.852
1832.520	2.090	-23.145
1832.530	2.090	-23.071
1832.540	2.090	-23.218
1832.550	2.130	-23.584
1832.560	2.130	-23.730
1832.570	2.130	-23.804
1832.580	2.170	-23.877
1832.590	2.170	-23.877
1832.600	2.170	-24.243
1832.610	2.200	-24.316
1832.620	2.200	-24.170
1832.630	2.200	-24.463
1832.640	2.230	-24.609
1832.650	2.230	-24.609
1832.660	2.230	-24.536
1832.670	2.280	-25.122
1832.680	2.280	-24.976
1832.690	2.280	-25.488
1832.700	2.320	-25.415
1832.710	2.320	-25.635
1832.720	2.320	-25.635
1832.730	2.340	-25.854
1832.740	2.340	-25.708
1832.750	2.340	-25.928
1832.760	2.370	-26.440
1832.770	2.370	-26.221
1832.780	2.370	-26.660
1832.790	2.410	-26.367
1832.800	2.410	-26.514
1832.810	2.410	-26.587
1832.820	2.440	-26.953
1832.830	2.440	-27.173
1832.840	2.440	-27.393
1832.850	2.470	-27.539
1832.860	2.470	-27.173
1832.870	2.470	-27.539
1832.880	2.510	-27.539
1832.890	2.510	-27.832
1832.900	2.510	-28.125
1832.910	2.530	-28.125
1832.920	2.530	-28.052
1832.930	2.530	-28.345
1832.940	2.570	-28.564
1832.950	2.570	-28.418
1832.960	2.570	-28.638
1832.970	2.600	-28.857
1832.980	2.600	-28.857
1832.990	2.600	-28.711
1833.000	2.610	-28.931
1833.010	2.610	-29.297
1833.020	2.610	-29.297
1833.030	2.650	-29.077
1833.040	2.650	-29.150
1833.050	2.650	-29.443
1833.060	2.650	-29.590
1833.070	2.650	-29.443
1833.080	2.650	-29.370
1833.090	2.680	-30.029
1833.100	2.680	-29.810
1833.110	2.680	-29.517
1833.120	2.700	-30.103
1833.130	2.700	-30.029
1833.140	2.700	-30.029
1833.150	2.720	-30.469
1833.160	2.720	-30.396
1833.170	2.720	-30.469
1833.180	2.750	-30.835
1833.190	2.750	-30.396
1833.200	2.750	-30.688
1833.210	2.760	-31.128
1833.220	2.760	-30.835
1833.230	2.760	-30.981
1833.240	2.790	-31.348
1833.250	2.790	-30.835
1833.260	2.790	-30.981
1833.270	2.790	-31.494
1833.280	2.790	-31.128
1833.290	2.790	-31.274
1833.300	2.830	-31.714
1833.310	2.830	-31.274
1833.320	2.830	-31.348
1833.330	2.840	-31.860
1833.340	2.840	-31.421
1833.350	2.840	-31.567
1833.360	2.860	-32.007
1833.370	2.860	-31.567
1833.380	2.860	-31.787
1833.390	2.880	-32.227
1833.400	2.880	-31.787
1833.410	2.880	-32.080
1833.420	2.890	-32.373
1833.430	2.890	-32.153
1833.440	2.890	-32.373
1833.450	2.920	-32.520
1833.460	2.920	-32.520
1833.470	2.920	-32.520
1833.480	2.920	-32.593
1833.490	2.920	-32.739
1833.500	2.920	-32.739
1833.510	2.950	-33.032
1833.520	2.950	-32.812
1833.530	2.950	-32.812
1833.540	2.950	-33.105
1833.550	2.950	-32.959
1833.560	2.950	-33.252
1833.570	2.980	-33.252
1833.580	2.980	-33.325
1833.590	2.980	-33.398
1833.600	3.000	-33.179
1833.610	3.000	-33.179
1833.620	3.000	-33.252
1833.630	2.990	-33.765
1833.640	2.990	-33.398
1833.650	2.990	-33.545
1833.660	3.030	-33.545
1833.670	3.030	-33.691
1833.680	3.030	-33.618
1833.690	3.030	-33.691
1833.700	3.030	-33.911
1833.710	3.030	-33.984
1833.720	3.040	-34.277
1833.730	3.040	-33.691
1833.740	3.040	-34.351
1833.750	3.070	-33.984
1833.760	3.070	-34.131
1833.770	3.070	-34.204
1833.780	3.060	-34.570
1833.790	3.060	-34.424
1833.800	3.060	-34.277
1833.810	3.090	-34.497
1833.820	3.090	-34.644
1833.830	3.090	-34.644
1833.840	3.110	-34.277
1833.850	3.110	-34.717
1833.860	3.110	-34.644
1833.870	3.090	-34.790
1833.880	3.090	-34.351
1833.890	3.090	-34.863
1833.900	3.120	-34.644
1833.910	3.120	-34.644
1833.920	3.120	-34.424
1833.930	3.150	-35.010
1833.940	3.150	-34.863
1833.950	3.150	-35.010
1833.960	3.130	-35.010
1833.970	3.130	-35.083
1833.980	3.130	-35.303
1833.990	3.150	-35.156
1834.000	3.150	-35.229
1834.010	3.150	-35.376
1834.020	3.180	-35.376
1834.030	3.180	-35.156
1834.040	3.180	-35.376
1834.050	3.170	-35.376
1834.060	3.170	-35.522
1834.070	3.170	-35.229
1834.080	3.150	-35.596
1834.090	3.150	-35.522
1834.100	3.150	-35.742
1834.110	3.200	-35.376
1834.120	3.200	-35.522
1834.130	3.200	-35.522
1834.140	3.210	-36.035
1834.150	3.210	-35.596
1834.160	3.210	-35.669
1834.170	3.170	-35.815
1834.180	3.170	-35.742
1834.190	3.170	-35.596
1834.200	3.210	-35.742
1834.210	3.210	-35.815
1834.220	3.210	-36.035
1834.230	3.230	-35.815
1834.240	3.230	-35.449
1834.250	3.230	-35.742
1834.260	3.170	-35.889
1834.270	3.170	-36.035
1834.280	3.170	-35.596
1834.290	3.200	-35.889
1834.300	3.200	-35.742
1834.310	3.200	-36.035
1834.320	3.270	-35.669
1834.330	3.270	-35.962
1834.340	3.270	-35.815
1834.350	3.230	-36.182
1834.360	3.230	-35.596
1834.370	3.230	-35.669
1834.380	3.160	-36.108
1834.390	3.160	-35.962
1834.400	3.160	-35.815
1834.410	3.210	-35.669
1834.420	3.210	-35.669
1834.430	3.210	-35.815
1834.440	3.260	-36.108
1834.450	3.260	-35.522
1834.460	3.260	-35.962
1834.470	3.190	-35.742
1834.480	3.190	-35.669
1834.490	3.190	-35.449
1834.500	3.160	-35.962
1834.510	3.160	-35.742
1834.520	3.160	-35.962
1834.530	3.240	-35.449
1834.540	3.240	-35.303
1834.550	3.240	-35.376
1834.560	3.230	-35.669
1834.570	3.230	-35.376
1834.580	3.230	-35.522
1834.590	3.170	-35.596
1834.600	3.170	-35.229
1834.610	3.170	-35.156
1834.620	3.120	-35.229
1834.630	3.120	-35.229
1834.640	3.120	-35.376
1834.650	3.160	-35.229
1834.660	3.160	-34.937
1834.670	3.160	-35.156
1834.680	3.170	-35.156
1834.690	3.170	-35.010
1834.700	3.170	-35.010
1834.710	3.110	-35.010
1834.720	3.110	-35.010
1834.730	3.110	-34.863
1834.740	3.090	-34.644
1834.750	3.090	-34.937
1834.760	3.090	-34.570
1834.770	3.090	-34.644
1834.780	3.090	-34.131
1834.790	3.090	-34.497
1834.800	3.070	-34.131
1834.810	3.070	-34.204
1834.820	3.070	-33.765
1834.830	3.020	-34.424
1834.840	3.020	-33.911
1834.850	3.020	-33.691
1834.860	3.010	-33.984
1834.870	3.010	-33.545
1834.880	3.010	-33.691
1834.890	3.000	-33.472
1834.900	3.000	-33.618
1834.910	3.000	-33.472
1834.920	2.940	-33.325
1834.930	2.940	-33.032
1834.940	2.940	-33.032
1834.950	2.930	-33.179
1834.960	2.930	-32.812
1834.970	2.930	-32.959
1834.980	2.920	-32.739
1834.990	2.920	-32.520
1835.000	2.920	-32.373
1835.010	2.860	-32.446
1835.020	2.860	-32.300
1835.030	2.860	-32.080
1835.040	2.820	-32.080
1835.050	2.820	-31.787
1835.060	2.820	-31.860
1835.070	2.820	-31.714
1835.080	2.820	-31.421
1835.090	2.820	-31.494
1835.100	2.770	-31.348
1835.110	2.770	-30.981
1835.120	2.770	-30.981
1835.130	2.730	-30.981
1835.140	2.730	-30.835
1835.150	2.730	-30.615
1835.160	2.720	-30.322
1835.170	2.720	-30.396
1835.180	2.720	-30.322
1835.190	2.660	-30.029
1835.200	2.660	-30.029
1835.210	2.660	-29.956
1835.220	2.630	-29.956
1835.230	2.630	-29.443
1835.240	2.630	-29.517
1835.250	2.610	-29.736
1835.260	2.610	-29.297
1835.270	2.610	-29.004
1835.280	2.550	-29.224
1835.290	2.550	-28.931
1835.300	2.550	-28.711
1835.310	2.530	-28.638
1835.320	2.530	-28.345
1835.330	2.530	-28.491
1835.340	2.490	-28.271
1835.350	2.490	-28.052
1835.360	2.490	-27.905
1835.370	2.430	-27.832
1835.380	2.430	-27.393
1835.390	2.430	-27.319
1835.400	2.420	-27.393
1835.410	2.420	-27.100
1835.420	2.420	-27.246
1835.430	2.350	-26.953
1835.440	2.350	-26.733
1835.450	2.350	-26.294
1835.460	2.330	-26.440
1835.470	2.330	-26.074
1835.480	2.330	-25.928
1835.490	2.270	-26.221
1835.500	2.270	-25.562
1835.510	2.270	-25.781
1835.520	2.230	-25.269
1835.530	2.230	-25.415
1835.540	2.230	-25.049
1835.550	2.190	-25.195
1835.560	2.190	-24.902
1835.570	2.190	-24.976
1835.580	2.140	-24.756
1835.590	2.140	-24.243
1835.600	2.140	-24.243
1835.610	2.110	-24.097
1835.620	2.110	-23.877
1835.630	2.110	-23.511
1835.640	2.060	-23.657
1835.650	2.060	-23.364
1835.660	2.060	-23.145
1835.670	2.020	-23.071
1835.680	2.020	-22.852
1835.690	2.020	-22.852
1835.700	1.960	-22.485
1835.710	1.960	-22.119
1835.720	1.960	-21.973
1835.730	1.920	-21.973
1835.740	1.920	-21.680
1835.750	1.920	-21.313
1835.760	1.870	-21.533
1835.770	1.870	-20.874
1835.780	1.870	-21.094
1835.790	1.810	-20.508
1835.800	1.810	-20.581
1835.810	1.810	-20.435
1835.820	1.770	-20.435
1835.830	1.770	-20.215
1835.840	1.770	-19.775
1835.850	1.710	-19.702
1835.860	1.710	-19.336
1835.870	1.710	-19.556
1835.880	1.680	-19.336
1835.890	1.680	-19.116
1835.900	1.680	-18.896
1835.910	1.620	-18.750
1835.920	1.620	-18.604
1835.930	1.620	-18.311
1835.940	1.570	-18.237
1835.950	1.570	-18.018
1835.960	1.570	-18.018
1835.970	1.520	-17.505
1835.980	1.520	-17.139
1835.990	1.520	-17.358
1836.000	1.460	-17.139
1836.010	1.460	-16.699
1836.020	1.460	-16.553
1836.030	1.410	-16.260
1836.040	1.410	-16.187
1836.050	1.410	-16.187
1836.060	1.360	-15.601
1836.070	1.360	-15.527
1836.080	1.360	-15.454
1836.090	1.300	-14.941
1836.100	1.300	-14.941
1836.110	1.300	-15.015
1836.120	1.250	-14.575
1836.130	1.250	-14.429
1836.140	1.250	-14.136
1836.150	1.200	-13.989
1836.160	1.200	-13.770
1836.170	1.200	-13.770
1836.180	1.140	-13.550
1836.190	1.140	-13.477
1836.200	1.140	-12.964
1836.210	1.090	-12.671
1836.220	1.090	-12.598
1836.230	1.090	-12.378
1836.240	1.030	-12.305
1836.250	1.030	-11.938
1836.260	1.030	-11.938
1836.270	0.980	-11.133
1836.280	0.980	-11.060
1836.290	0.980	-10.913
1836.300	0.920	-10.913
1836.310	0.920	-10.840
1836.320	0.920	-10.107
1836.330	0.860	-10.107
1836.340	0.860	-10.034
1836.350	0.860	-9.668
1836.360	0.790	-9.668
1836.370	0.790	-9.302
1836.380	0.790	-9.082
1836.390	0.720	-8.716
1836.400	0.720	-8.716
1836.410	0.720	-8.130
1836.420	0.660	-8.130
1836.430	0.660	-8.276
1836.440	0.660	-7.471
1836.450	0.610	-7.178
1836.460	0.610	-6.958
1836.470	0.610	-6.958
1836.480	0.550	-6.958
1836.490	0.550	-6.812
1836.500	0.550	-6.519
1836.510	0.490	-6.519
1836.520	0.490	-6.079
1836.530	0.490	-5.566
1836.540	0.430	-5.493
1836.550	0.430	-5.493
1836.560	0.430	-5.127
1836.570	0.370	-4.907
1836.580	0.370	-4.614
1836.590	0.370	-4.395
1836.600	0.310	-4.028
1836.610	0.310	-4.028
1836.620	0.310	-3.955
1836.630	0.260	-3.882
1836.640	0.260	-3.662
1836.650	0.260	-3.369
1836.660	0.230	-3.076
1836.670	0.230	-2.930
1836.680	0.230	-2.856
1836.690	0.190	-2.710
1836.700	0.190	-2.563
1836.710	0.190	-2.344
1836.720	0.160	-2.271
1836.730	0.160	-2.197
1836.740	0.160	-2.051
1836.750	0.120	-1.978
1836.760	0.120	-1.978
1836.770	0.120	-1.831
1836.780	0.080	-1.685
1836.790	0.080	-1.538
1836.800	0.080	-1.318
1836.810	0.050	-1.099
1836.820	0.050	-0.952
1836.830	0.050	-0.732
1836.840	0.010	-0.659
1836.850	0.010	-0.513
1836.860	0.010	-0.366
1836.870	-0.030	-0.293
1836.880	-0.030	-0.220
1836.890	-0.030	-0.073
1836.900	-0.070	0.073
1836.910	-0.070	0.220
1836.920	-0.070	0.366
1836.930	-0.120	0.439
1836.940	-0.120	0.586
1836.950	-0.120	0.732
1836.960	-0.150	0.952
1836.970	-0.150	1.172
1836.980	-0.150	1.392
1836.990	-0.180	1.538
1837.000	-0.180	1.685
1837.010	-0.180	1.758
1837.020	-0.210	1.831
1837.030	-0.210	1.978
1837.040	-0.210	1.978
1837.050	-0.240	2.051
1837.060	-0.240	2.051
1837.070	-0.240	2.124
1837.080	-0.270	2.271
1837.090	-0.270	2.490
1837.100	-0.270	2.637
1837.110	-0.300	2.710
1837.120	-0.300	2.783
1837.130	-0.300	2.856
1837.140	-0.320	3.076
1837.150	-0.320	3.369
1837.160	-0.320	3.516
1837.170	-0.340	3.516
1837.180	-0.340	3.442
1837.190	-0.340	3.296
1837.200	-0.380	3.296
1837.210	-0.380	3.516
1837.220	-0.380	3.882
1837.230	-0.420	4.102
1837.240	-0.420	4.102
1837.250	-0.420	4.102
1837.260	-0.440	4.395
1837.270	-0.440	4.614
1837.280	-0.440	4.687
1837.290	-0.470	4.834
1837.300	-0.470	4.980
1837.310	-0.470	5.200
1837.320	-0.520	5.200
1837.330	-0.520	5.200
1837.340	-0.520	5.420
1837.350	-0.550	5.640
1837.360	-0.550	5.493
1837.370	-0.550	5.420
1837.380	-0.560	5.640
1837.390	-0.560	6.079
1837.400	-0.560	6.226
1837.410	-0.610	6.079
1837.420	-0.610	6.299
1837.430	-0.610	6.445
1837.440	-0.630	6.372
1837.450	-0.630	6.372
1837.460	-0.630	6.812
1837.470	-0.680	7.031
1837.480	-0.680	7.251
1837.490	-0.680	7.178
1837.500	-0.720	7.104
1837.510	-0.720	7.251
1837.520	-0.720	7.471
1837.530	-0.750	7.617
1837.540	-0.750	8.057
1837.550	-0.750	8.203
1837.560	-0.790	7.910
1837.570	-0.790	8.276
1837.580	-0.790	8.350
1837.590	-0.810	8.423
1837.600	-0.810	8.789
1837.610	-0.810	8.789
1837.620	-0.850	8.862
1837.630	-0.850	9.009
1837.640	-0.850	8.936
1837.650	-0.880	9.155
1837.660	-0.880	9.302
1837.670	-0.880	9.448
1837.680	-0.910	9.521
1837.690	-0.910	9.668
1837.700	-0.910	9.668
1837.710	-0.940	9.814
1837.720	-0.940	9.961
1837.730	-0.940	9.961
1837.740	-0.970	10.400
1837.750	-0.970	10.181
1837.760	-0.970	10.620
1837.770	-1.000	10.474
1837.780	-1.000	10.693
1837.790	-1.000	10.840
1837.800	-1.040	10.840
1837.810	-1.040	11.133
1837.820	-1.040	11.133
1837.830	-1.060	11.353
1837.840	-1.060	11.279
1837.850	-1.060	11.499
1837.860	-1.110	11.646
1837.870	-1.110	11.572
1837.880	-1.110	11.719
1837.890	-1.120	12.012
1837.900	-1.120	12.231
1837.910	-1.120	12.085
1837.920	-1.170	12.305
1837.930	-1.170	12.305
1837.940	-1.170	12.378
1837.950	-1.180	12.524
1837.960	-1.180	12.524
1837.970	-1.180	13.037
1837.980	-1.220	12.891
1837.990	-1.220	13.184
1838.000	-1.220	13.037
1838.010	-1.260	13.477
1838.020	-1.260	13.257
1838.030	-1.260	13.550
1838.040	-1.260	13.770
1838.050	-1.260	13.770
1838.060	-1.260	13.916
1838.070	-1.320	13.916
1838.080	-1.320	13.989
1838.090	-1.320	14.355
1838.100	-1.340	14.355
1838.110	-1.340	14.282
1838.120	-1.340	14.575
1838.130	-1.350	14.575
1838.140	-1.350	14.502
1838.150	-1.350	14.795
1838.160	-1.410	14.795
1838.170	-1.410	14.941
1838.180	-1.410	15.161
1838.190	-1.430	15.015
1838.200	-1.430	15.161
1838.210	-1.430	15.161
1838.220	-1.500	15.381
1838.230	-1.500	15.527
1838.240	-1.500	15.601
1838.250	-1.480	15.674
1838.260	-1.480	15.747
1838.270	-1.480	15.820
1838.280	-1.510	16.040
1838.290	-1.510	16.040
1838.300	-1.510	16.260
1838.310	-1.510	16.626
1838.320	-1.510	16.260
1838.330	-1.510	16.479
1838.340	-1.550	16.919
1838.350	-1.550	16.846
1838.360	-1.550	16.992
1838.370	-1.610	16.992
1838.380	-1.610	17.139
1838.390	-1.610	17.432
1838.400	-1.610	17.212
1838.410	-1.610	17.285
1838.420	-1.610	17.725
1838.430	-1.600	17.505
1838.440	-1.600	17.358
1838.450	-1.600	17.798
1838.460	-1.670	17.798
1838.470	-1.670	18.018
1838.480	-1.670	17.871
1838.490	-1.710	17.871
1838.500	-1.710	18.164
1838.510	-1.710	18.457
1838.520	-1.680	18.457
1838.530	-1.680	18.384
1838.540	-1.680	18.750
1838.550	-1.700	18.750
1838.560	-1.700	18.750
1838.570	-1.700	18.823
1838.580	-1.750	18.823
1838.590	-1.750	18.970
1838.600	-1.750	18.970
1838.610	-1.790	19.043
1838.620	-1.790	19.116
1838.630	-1.790	19.409
1838.640	-1.810	19.409
1838.650	-1.810	19.336
1838.660	-1.810	19.482
1838.670	-1.830	19.629
1838.680	-1.830	19.995
1838.690	-1.830	20.068
1838.700	-1.820	20.068
1838.710	-1.820	19.849
1838.720	-1.820	19.702
1838.730	-1.850	20.142
1838.740	-1.850	20.142
1838.750	-1.850	20.435
1838.760	-1.870	20.435
1838.770	-1.870	20.361
1838.780	-1.870	20.581
1838.790	-1.920	20.361
1838.800	-1.920	20.508
1838.810	-1.920	20.508
1838.820	-1.920	20.874
1838.830	-1.920	20.728
1838.840	-1.920	20.874
1838.850	-1.940	20.947
1838.860	-1.940	20.947
1838.870	-1.940	21.167
1838.880	-1.950	21.021
1838.890	-1.950	21.240
1838.900	-1.950	21.021
1838.910	-1.960	21.533
1838.920	-1.960	21.313
1838.930	-1.960	21.533
1838.940	-1.960	21.387
1838.950	-1.960	21.387
1838.960	-1.960	21.460
1838.970	-1.990	21.680
1838.980	-1.990	21.680
1838.990	-1.990	21.680
1839.000	-2.000	22.192
1839.010	-2.000	21.899
1839.020	-2.000	22.119
1839.030	-2.020	21.899
1839.040	-2.020	22.192
1839.050	-2.020	21.973
1839.060	-2.030	22.192
1839.070	-2.030	21.753
1839.080	-2.030	22.119
1839.090	-2.050	22.046
1839.100	-2.050	22.046
1839.110	-2.050	22.046
1839.120	-2.060	22.266
1839.130	-2.060	22.339
1839.140	-2.060	22.339
1839.150	-2.080	22.485
1839.160	-2.080	22.339
1839.170	-2.080	22.632
1839.180	-2.090	22.632
1839.190	-2.090	22.705
1839.200	-2.090	22.632
1839.210	-2.100	22.852
1839.220	-2.100	22.705
1839.230	-2.100	22.778
1839.240	-2.100	22.559
1839.250	-2.100	22.852
1839.260	-2.100	22.852
1839.270	-2.100	22.998
1839.280	-2.100	22.705
1839.290	-2.100	22.925
1839.300	-2.120	22.852
1839.310	-2.120	22.852
1839.320	-2.120	22.925
1839.330	-2.120	22.925
1839.340	-2.120	22.998
1839.350	-2.120	22.778
1839.360	-2.120	22.778
1839.370	-2.120	22.925
1839.380	-2.120	22.925
1839.390	-2.130	22.925
1839.400	-2.130	22.852
1839.410	-2.130	23.071
1839.420	-2.120	23.071
1839.430	-2.120	22.998
1839.440	-2.120	22.998
1839.450	-2.120	22.998
1839.460	-2.120	23.145
1839.470	-2.120	22.998
1839.480	-2.120	22.998
1839.490	-2.120	23.071
1839.500	-2.120	22.998
1839.510	-2.120	22.998
1839.520	-2.120	22.998
1839.530	-2.120	23.145
1839.540	-2.110	23.145
1839.550	-2.110	22.998
1839.560	-2.110	22.925
1839.570	-2.110	22.925
1839.580	-2.110	23.071
1839.590	-2.110	22.998
1839.600	-2.110	22.998
1839.610	-2.110	22.925
1839.620	-2.110	22.852
1839.630	-2.110	22.852
1839.640	-2.110	22.852
1839.650	-2.110	22.925
1839.660	-2.090	22.925
1839.670	-2.090	22.778
1839.680	-2.090	22.705
1839.690	-2.070	22.705
1839.700	-2.070	22.852
1839.710	-2.070	22.778
1839.720	-2.060	22.778
1839.730	-2.060	22.632
1839.740	-2.060	22.632
1839.750	-2.050	22.632
1839.760	-2.050	22.559
1839.770	-2.050	22.339
1839.780	-2.040	22.339
1839.790	-2.040	22.119
1839.800	-2.040	21.899
1839.810	-2.020	21.899
1839.820	-2.020	21.973
1839.830	-2.020	21.899
1839.840	-2.010	21.899
1839.850	-2.010	22.046
1839.860	-2.010	22.192
1839.870	-1.990	22.192
1839.880	-1.990	21.973
1839.890	-1.990	21.460
1839.900	-1.960	21.460
1839.910	-1.960	21.680
1839.920	-1.960	21.313
1839.930	-1.940	21.313
1839.940	-1.940	21.094
1839.950	-1.940	21.021
1839.960	-1.930	21.021
1839.970	-1.930	20.947
1839.980	-1.930	20.581
1839.990	-1.900	20.581
1840.000	-1.900	21.021
1840.010	-1.900	20.728
1840.020	-1.880	20.801
1840.030	-1.880	20.654
1840.040	-1.880	20.581
1840.050	-1.850	20.508
1840.060	-1.850	20.068
1840.070	-1.850	19.995
1840.080	-1.820	19.775
1840.090	-1.820	20.068
1840.100	-1.820	19.922
1840.110	-1.810	19.922
1840.120	-1.810	19.702
1840.130	-1.810	19.336
1840.140	-1.770	19.409
1840.150	-1.770	19.189
1840.160	-1.770	19.336
1840.170	-1.740	19.116
1840.180	-1.740	18.823
1840.190	-1.740	18.750
1840.200	-1.710	18.677
1840.210	-1.710	18.384
1840.220	-1.710	18.311
1840.230	-1.670	18.384
1840.240	-1.670	18.237
1840.250	-1.670	18.091
1840.260	-1.630	17.725
1840.270	-1.630	17.798
1840.280	-1.630	17.358
1840.290	-1.590	17.358
1840.300	-1.590	17.212
1840.310	-1.590	17.285
1840.320	-1.540	17.212
1840.330	-1.540	16.992
1840.340	-1.540	16.699
1840.350	-1.510	16.626
1840.360	-1.510	16.626
1840.370	-1.510	16.333
1840.380	-1.480	16.406
1840.390	-1.480	16.333
1840.400	-1.480	15.967
1840.410	-1.440	15.820
1840.420	-1.440	15.527
1840.430	-1.440	15.601
1840.440	-1.390	15.454
1840.450	-1.390	15.161
1840.460	-1.390	15.234
1840.470	-1.340	14.795
1840.480	-1.340	14.648
1840.490	-1.340	14.648
1840.500	-1.290	14.429
1840.510	-1.290	14.282
1840.520	-1.290	14.136
1840.530	-1.250	13.916
1840.540	-1.250	13.477
1840.550	-1.250	13.623
1840.560	-1.210	13.477
1840.570	-1.210	13.403
1840.580	-1.210	13.110
1840.590	-1.170	12.964
1840.600	-1.170	12.964
1840.610	-1.170	12.524
1840.620	-1.120	12.524
1840.630	-1.120	12.451
1840.640	-1.120	11.938
1840.650	-1.080	11.938
1840.660	-1.080	11.646
1840.670	-1.080	11.646
1840.680	-1.020	11.426
1840.690	-1.020	11.206
1840.700	-1.020	10.767
1840.710	-0.980	11.060
1840.720	-0.980	10.620
1840.730	-0.980	10.254
1840.740	-0.920	10.254
1840.750	-0.920	9.961
1840.760	-0.920	9.741
1840.770	-0.850	9.741
1840.780	-0.850	9.595
1840.790	-0.850	9.302
1840.800	-0.800	9.155
1840.810	-0.800	8.789
1840.820	-0.800	8.350
1840.830	-0.770	8.350
1840.840	-0.770	8.423
1840.850	-0.770	7.764
1840.860	-0.700	7.764
1840.870	-0.700	7.544
1840.880	-0.700	7.471
1840.890	-0.630	7.397
1840.900	-0.630	7.324
1840.910	-0.630	7.104
1840.920	-0.590	6.738
1840.930	-0.590	6.445
1840.940	-0.590	6.006
1840.950	-0.540	5.713
1840.960	-0.540	5.859
1840.970	-0.540	5.786
1840.980	-0.470	5.347
1840.990	-0.470	5.054
1841.000	-0.470	4.907
1841.010	-0.410	4.761
1841.020	-0.410	4.468
1841.030	-0.410	4.395
1841.040	-0.330	4.248
1841.050	-0.330	4.102
1841.060	-0.330	3.589
1841.070	-0.330	3.296
1841.080	-0.330	3.149
1841.090	-0.330	3.223
1841.100	-0.270	3.003
1841.110	-0.270	2.710
1841.120	-0.270	2.563
1841.130	-0.180	2.417
1841.140	-0.180	2.271
1841.150	-0.180	2.051
1841.160	-0.150	2.051
1841.170	-0.150	1.831
1841.180	-0.150	1.611
1841.190	-0.090	1.172
1841.200	-0.090	1.025
1841.210	-0.090	0.806
1841.220	-0.060	0.659
1841.230	-0.060	0.439
1841.240	-0.060	0.293
1841.250	0.020	0.146
1841.260	0.020	-0.073
1841.270	0.020	-0.220
1841.280	0.070	-0.439
1841.290	0.070	-0.586
1841.300	0.070	-0.879
1841.310	0.120	-1.099
1841.320	0.120	-1.392
1841.330	0.120	-1.611
1841.340	0.150	-1.904
1841.350	0.150	-2.051
1841.360	0.150	-2.197
1841.370	0.220	-2.271
1841.380	0.220	-2.417
1841.390	0.220	-2.563
