% Time (s)	Gyro Output (rads/s)	Input Rate (RPM)	%9/1/20201:36 PM
0.000	0.000	0.000
1404.460	-0.030	0.000
1404.470	-0.030	0.000
1404.480	-0.020	0.000
1404.490	-0.020	0.000
1404.500	-0.020	0.000
1404.510	-0.020	0.000
1404.520	-0.020	0.000
1404.530	-0.020	0.000
1404.540	-0.030	-0.073
1404.550	-0.030	-0.146
1404.560	-0.030	-0.366
1404.570	0.050	-0.513
1404.580	0.050	-0.732
1404.590	0.050	-1.025
1404.600	0.210	-1.465
1404.610	0.210	-1.978
1404.620	0.210	-2.563
1404.630	0.360	-3.076
1404.640	0.360	-3.442
1404.650	0.360	-4.028
1404.660	0.510	-4.687
1404.670	0.510	-5.200
1404.680	0.510	-5.859
1404.690	0.650	-6.519
1404.700	0.650	-6.738
1404.710	0.650	-7.178
1404.720	0.770	-7.544
1404.730	0.770	-8.057
1404.740	0.770	-8.789
1404.750	0.880	-9.082
1404.760	0.880	-9.448
1404.770	0.880	-9.961
1404.780	1.010	-10.474
1404.790	1.010	-10.547
1404.800	1.010	-11.279
1404.810	1.100	-11.719
1404.820	1.100	-12.012
1404.830	1.100	-12.451
1404.840	1.180	-12.671
1404.850	1.180	-13.257
1404.860	1.180	-13.403
1404.870	1.280	-13.623
1404.880	1.280	-13.916
1404.890	1.280	-14.282
1404.900	1.340	-14.575
1404.910	1.340	-14.868
1404.920	1.340	-15.015
1404.930	1.410	-15.161
1404.940	1.410	-15.527
1404.950	1.410	-15.527
1404.960	1.430	-15.820
1404.970	1.430	-16.113
1404.980	1.430	-16.113
1404.990	1.480	-16.406
1405.000	1.480	-16.260
1405.010	1.480	-16.333
1405.020	1.470	-16.846
1405.030	1.470	-16.553
1405.040	1.470	-16.479
1405.050	1.480	-16.846
1405.060	1.480	-16.479
1405.070	1.480	-16.479
1405.080	1.450	-16.699
1405.090	1.450	-16.333
1405.100	1.450	-16.333
1405.110	1.430	-16.406
1405.120	1.430	-15.820
1405.130	1.430	-16.040
1405.140	1.360	-16.113
1405.150	1.360	-15.381
1405.160	1.360	-15.527
1405.170	1.290	-15.381
1405.180	1.290	-14.648
1405.190	1.290	-14.722
1405.200	1.200	-14.429
1405.210	1.200	-14.062
1405.220	1.200	-13.623
1405.230	1.120	-13.477
1405.240	1.120	-12.671
1405.250	1.120	-12.817
1405.260	1.000	-12.231
1405.270	1.000	-11.719
1405.280	1.000	-11.499
1405.290	0.890	-11.060
1405.300	0.890	-10.767
1405.310	0.890	-9.888
1405.320	0.750	-9.668
1405.330	0.750	-9.082
1405.340	0.750	-8.643
1405.350	0.580	-7.837
1405.360	0.580	-7.397
1405.370	0.580	-7.031
1405.380	0.420	-6.445
1405.390	0.420	-5.713
1405.400	0.420	-4.980
1405.410	0.250	-4.541
1405.420	0.250	-3.955
1405.430	0.250	-3.149
1405.440	0.070	-2.637
1405.450	0.070	-2.124
1405.460	0.070	-1.538
1405.470	-0.090	-0.732
1405.480	-0.090	-0.073
1405.490	-0.090	0.513
1405.500	-0.270	1.392
1405.510	-0.270	1.978
1405.520	-0.270	2.563
1405.530	-0.450	3.149
1405.540	-0.450	3.955
1405.550	-0.450	4.541
1405.560	-0.620	4.980
1405.570	-0.620	5.859
1405.580	-0.620	6.519
1405.590	-0.790	7.178
1405.600	-0.790	7.617
1405.610	-0.790	8.057
1405.620	-0.960	8.862
1405.630	-0.960	9.375
1405.640	-0.960	9.888
1405.650	-1.110	10.474
1405.660	-1.110	11.426
1405.670	-1.110	11.938
1405.680	-1.260	12.158
1405.690	-1.260	12.817
1405.700	-1.260	13.330
1405.710	-1.380	13.843
1405.720	-1.380	14.355
1405.730	-1.380	15.161
1405.740	-1.540	15.454
1405.750	-1.540	16.187
1405.760	-1.540	16.406
1405.770	-1.670	16.919
1405.780	-1.670	17.798
1405.790	-1.670	18.018
1405.800	-1.800	18.677
1405.810	-1.800	18.970
1405.820	-1.800	19.409
1405.830	-1.910	19.629
1405.840	-1.910	20.288
1405.850	-1.910	20.581
1405.860	-2.010	21.240
1405.870	-2.010	21.387
1405.880	-2.010	21.753
1405.890	-2.100	22.046
1405.900	-2.100	22.192
1405.910	-2.100	22.925
1405.920	-2.160	23.145
1405.930	-2.160	23.218
1405.940	-2.160	23.511
1405.950	-2.210	23.730
1405.960	-2.210	23.877
1405.970	-2.210	23.950
1405.980	-2.280	24.390
1405.990	-2.280	24.536
1406.000	-2.280	24.756
1406.010	-2.280	24.756
1406.020	-2.280	24.902
1406.030	-2.280	25.122
1406.040	-2.310	25.049
1406.050	-2.310	25.122
1406.060	-2.310	25.049
1406.070	-2.310	25.269
1406.080	-2.310	24.756
1406.090	-2.310	24.902
1406.100	-2.270	24.609
1406.110	-2.270	24.683
1406.120	-2.270	24.316
1406.130	-2.260	24.463
1406.140	-2.260	24.243
1406.150	-2.260	23.950
1406.160	-2.190	23.950
1406.170	-2.190	23.950
1406.180	-2.190	23.657
1406.190	-2.130	23.657
1406.200	-2.130	23.437
1406.210	-2.130	23.218
1406.220	-2.050	23.218
1406.230	-2.050	22.852
1406.240	-2.050	22.119
1406.250	-1.950	22.119
1406.260	-1.950	21.973
1406.270	-1.950	20.947
1406.280	-1.840	20.947
1406.290	-1.840	20.435
1406.300	-1.840	19.336
1406.310	-1.700	19.336
1406.320	-1.700	18.823
1406.330	-1.700	17.944
1406.340	-1.540	17.944
1406.350	-1.540	17.285
1406.360	-1.540	16.479
1406.370	-1.380	16.479
1406.380	-1.380	15.894
1406.390	-1.380	14.648
1406.400	-1.230	14.648
1406.410	-1.230	13.989
1406.420	-1.230	12.378
1406.430	-1.050	12.378
1406.440	-1.050	11.865
1406.450	-1.050	10.400
1406.460	-0.870	10.400
1406.470	-0.870	10.034
1406.480	-0.870	9.229
1406.490	-0.690	8.716
1406.500	-0.690	7.764
1406.510	-0.690	6.738
1406.520	-0.510	6.738
1406.530	-0.510	6.299
1406.540	-0.510	4.834
1406.550	-0.330	4.834
1406.560	-0.330	4.248
1406.570	-0.330	2.856
1406.580	-0.140	2.856
1406.590	-0.140	2.344
1406.600	-0.140	1.904
1406.610	0.010	1.172
1406.620	0.010	0.513
1406.630	0.010	-0.073
1406.640	0.150	-0.732
1406.650	0.150	-1.465
1406.660	0.150	-1.978
1406.670	0.300	-2.417
1406.680	0.300	-2.783
1406.690	0.300	-3.296
1406.700	0.430	-4.028
1406.710	0.430	-4.468
1406.720	0.430	-4.980
1406.730	0.560	-5.713
1406.740	0.560	-5.933
1406.750	0.560	-6.079
1406.760	0.700	-6.665
1406.770	0.700	-7.104
1406.780	0.700	-7.764
1406.790	0.830	-8.350
1406.800	0.830	-8.423
1406.810	0.830	-9.009
1406.820	0.920	-9.521
1406.830	0.920	-9.814
1406.840	0.920	-10.181
1406.850	1.040	-10.913
1406.860	1.040	-11.060
1406.870	1.040	-11.572
1406.880	1.100	-11.938
1406.890	1.100	-12.158
1406.900	1.100	-12.744
1406.910	1.190	-12.744
1406.920	1.190	-13.037
1406.930	1.190	-13.184
1406.940	1.240	-13.550
1406.950	1.240	-13.696
1406.960	1.240	-13.916
1406.970	1.290	-14.136
1406.980	1.290	-14.136
1406.990	1.290	-14.136
1407.000	1.320	-14.282
1407.010	1.320	-14.502
1407.020	1.320	-14.575
1407.030	1.320	-14.868
1407.040	1.320	-14.648
1407.050	1.320	-14.648
1407.060	1.320	-14.868
1407.070	1.320	-14.575
1407.080	1.320	-14.795
1407.090	1.290	-15.015
1407.100	1.290	-14.502
1407.110	1.290	-14.722
1407.120	1.250	-14.429
1407.130	1.250	-14.136
1407.140	1.250	-14.136
1407.150	1.190	-14.062
1407.160	1.190	-13.843
1407.170	1.190	-13.696
1407.180	1.130	-13.184
1407.190	1.130	-12.744
1407.200	1.130	-12.744
1407.210	1.030	-12.378
1407.220	1.030	-12.012
1407.230	1.030	-11.426
1407.240	0.940	-11.426
1407.250	0.940	-11.133
1407.260	0.940	-10.474
1407.270	0.810	-10.034
1407.280	0.810	-9.814
1407.290	0.810	-9.375
1407.300	0.690	-8.789
1407.310	0.690	-8.496
1407.320	0.690	-8.203
1407.330	0.490	-7.397
1407.340	0.490	-6.885
1407.350	0.490	-6.006
1407.360	0.390	-5.640
1407.370	0.390	-5.347
1407.380	0.390	-4.687
1407.390	0.220	-4.175
1407.400	0.220	-3.589
1407.410	0.220	-2.783
1407.420	0.050	-2.197
1407.430	0.050	-1.685
1407.440	0.050	-1.099
1407.450	-0.130	-0.439
1407.460	-0.130	0.293
1407.470	-0.130	0.952
1407.480	-0.310	1.538
1407.490	-0.310	2.124
1407.500	-0.310	2.783
1407.510	-0.500	3.662
1407.520	-0.500	4.248
1407.530	-0.500	4.834
1407.540	-0.670	5.640
1407.550	-0.670	5.859
1407.560	-0.670	6.445
1407.570	-0.880	7.324
1407.580	-0.880	7.983
1407.590	-0.880	8.716
1407.600	-0.970	9.082
1407.610	-0.970	9.668
1407.620	-0.970	10.254
1407.630	-1.130	10.840
1407.640	-1.130	11.133
1407.650	-1.130	12.012
1407.660	-1.280	12.744
1407.670	-1.280	12.964
1407.680	-1.280	13.550
1407.690	-1.430	14.136
1407.700	-1.430	14.868
1407.710	-1.430	15.088
1407.720	-1.570	15.674
1407.730	-1.570	16.333
1407.740	-1.570	16.992
1407.750	-1.700	17.432
1407.760	-1.700	17.798
1407.770	-1.700	18.311
1407.780	-1.840	18.896
1407.790	-1.840	19.043
1407.800	-1.840	19.629
1407.810	-1.920	20.142
1407.820	-1.920	20.581
1407.830	-1.920	20.801
1407.840	-2.030	21.167
1407.850	-2.030	21.606
1407.860	-2.030	21.899
1407.870	-2.110	22.339
1407.880	-2.110	22.632
1407.890	-2.110	23.145
1407.900	-2.210	23.364
1407.910	-2.210	23.437
1407.920	-2.210	23.657
1407.930	-2.250	23.950
1407.940	-2.250	24.097
1407.950	-2.250	24.023
1407.960	-2.310	24.463
1407.970	-2.310	24.536
1407.980	-2.310	24.829
1407.990	-2.340	24.902
1408.000	-2.340	25.122
1408.010	-2.340	25.342
1408.020	-2.340	25.488
1408.030	-2.340	25.488
1408.040	-2.340	25.488
1408.050	-2.360	25.781
1408.060	-2.360	25.342
1408.070	-2.360	25.269
1408.080	-2.320	25.269
1408.090	-2.320	25.415
1408.100	-2.320	25.195
1408.110	-2.310	25.195
1408.120	-2.310	25.049
1408.130	-2.310	24.829
1408.140	-2.260	24.829
1408.150	-2.260	24.829
1408.160	-2.260	24.829
1408.170	-2.180	24.536
1408.180	-2.180	24.243
1408.190	-2.180	23.950
1408.200	-2.120	23.877
1408.210	-2.120	23.218
1408.220	-2.120	22.778
1408.230	-2.010	22.632
1408.240	-2.010	22.339
1408.250	-2.010	21.899
1408.260	-1.900	21.533
1408.270	-1.900	21.021
1408.280	-1.900	20.801
1408.290	-1.780	20.142
1408.300	-1.780	19.849
1408.310	-1.780	19.556
1408.320	-1.650	18.970
1408.330	-1.650	18.311
1408.340	-1.650	18.018
1408.350	-1.470	17.139
1408.360	-1.470	16.699
1408.370	-1.470	16.113
1408.380	-1.310	15.381
1408.390	-1.310	14.941
1408.400	-1.310	14.209
1408.410	-1.120	13.623
1408.420	-1.120	13.110
1408.430	-1.120	12.231
1408.440	-0.940	11.646
1408.450	-0.940	11.133
1408.460	-0.940	10.254
1408.470	-0.760	9.741
1408.480	-0.760	9.082
1408.490	-0.760	8.203
1408.500	-0.570	7.397
1408.510	-0.570	6.665
1408.520	-0.570	6.299
1408.530	-0.410	5.786
1408.540	-0.410	4.834
1408.550	-0.410	4.248
1408.560	-0.210	3.662
1408.570	-0.210	2.271
1408.580	-0.210	2.271
1408.590	-0.030	1.831
1408.600	-0.030	1.245
1408.610	-0.030	0.439
1408.620	0.130	-0.513
1408.630	0.130	-1.172
1408.640	0.130	-1.685
1408.650	0.300	-2.197
1408.660	0.300	-2.637
1408.670	0.300	-3.369
1408.680	0.450	-3.955
1408.690	0.450	-4.468
1408.700	0.450	-5.054
1408.710	0.600	-5.640
1408.720	0.600	-5.859
1408.730	0.600	-6.372
1408.740	0.740	-7.031
1408.750	0.740	-7.617
1408.760	0.740	-8.496
1408.770	0.850	-8.569
1408.780	0.850	-9.155
1408.790	0.850	-9.595
1408.800	0.960	-10.254
1408.810	0.960	-10.254
1408.820	0.960	-11.060
1408.830	1.080	-11.426
1408.840	1.080	-11.865
1408.850	1.080	-12.158
1408.860	1.190	-12.305
1408.870	1.190	-13.110
1408.880	1.190	-13.037
1408.890	1.260	-13.623
1408.900	1.260	-13.916
1408.910	1.260	-14.209
1408.920	1.360	-14.355
1408.930	1.360	-14.868
1408.940	1.360	-14.722
1408.950	1.390	-15.234
1408.960	1.390	-15.674
1408.970	1.390	-15.381
1408.980	1.430	-15.894
1408.990	1.430	-16.040
1409.000	1.430	-15.747
1409.010	1.440	-16.187
1409.020	1.440	-16.406
1409.030	1.440	-16.187
1409.040	1.470	-16.333
1409.050	1.470	-16.187
1409.060	1.470	-16.187
1409.070	1.450	-16.553
1409.080	1.450	-16.406
1409.090	1.450	-16.260
1409.100	1.450	-16.333
1409.110	1.450	-16.187
1409.120	1.450	-15.894
1409.130	1.380	-15.820
1409.140	1.380	-15.747
1409.150	1.380	-15.601
1409.160	1.340	-15.308
1409.170	1.340	-15.161
1409.180	1.340	-14.868
1409.190	1.260	-14.722
1409.200	1.260	-14.722
1409.210	1.260	-14.282
1409.220	1.200	-14.136
1409.230	1.200	-13.770
1409.240	1.200	-13.623
1409.250	1.100	-13.037
1409.260	1.100	-12.891
1409.270	1.100	-12.305
1409.280	0.980	-12.305
1409.290	0.980	-11.646
1409.300	0.980	-10.693
1409.310	0.850	-10.693
1409.320	0.850	-10.034
1409.330	0.850	-9.229
1409.340	0.720	-9.229
1409.350	0.720	-8.862
1409.360	0.720	-8.057
1409.370	0.570	-7.690
1409.380	0.570	-7.031
1409.390	0.570	-6.665
1409.400	0.420	-6.226
1409.410	0.420	-5.566
1409.420	0.420	-5.127
1409.430	0.270	-4.614
1409.440	0.270	-3.809
1409.450	0.270	-3.003
1409.460	0.120	-3.003
1409.470	0.120	-2.417
1409.480	0.120	-0.952
1409.490	-0.060	-0.952
1409.500	-0.060	-0.439
1409.510	-0.060	0.146
1409.520	-0.230	0.732
1409.530	-0.230	1.318
1409.540	-0.230	2.783
1409.550	-0.380	2.783
1409.560	-0.380	3.223
1409.570	-0.380	3.735
1409.580	-0.540	4.175
1409.590	-0.540	4.834
1409.600	-0.540	5.933
1409.610	-0.680	5.933
1409.620	-0.680	6.445
1409.630	-0.680	7.471
1409.640	-0.830	7.471
1409.650	-0.830	7.837
1409.660	-0.830	9.082
1409.670	-0.980	9.082
1409.680	-0.980	9.814
1409.690	-0.980	10.767
1409.700	-1.110	10.767
1409.710	-1.110	10.986
1409.720	-1.110	12.598
1409.730	-1.240	12.598
1409.740	-1.240	12.671
1409.750	-1.240	13.696
1409.760	-1.360	13.696
1409.770	-1.360	14.209
1409.780	-1.360	14.648
1409.790	-1.490	15.308
1409.800	-1.490	15.308
1409.810	-1.490	16.113
1409.820	-1.580	16.260
1409.830	-1.580	16.626
1409.840	-1.580	17.139
1409.850	-1.690	17.285
1409.860	-1.690	17.725
1409.870	-1.690	18.237
1409.880	-1.760	18.530
1409.890	-1.760	18.677
1409.900	-1.760	19.043
1409.910	-1.840	19.263
1409.920	-1.840	19.336
1409.930	-1.840	19.775
1409.940	-1.880	20.068
1409.950	-1.880	20.361
1409.960	-1.880	20.508
1409.970	-1.910	20.508
1409.980	-1.910	20.581
1409.990	-1.910	20.508
1410.000	-1.960	21.021
1410.010	-1.960	20.801
1410.020	-1.960	21.167
1410.030	-1.930	21.021
1410.040	-1.930	21.094
1410.050	-1.930	21.021
1410.060	-1.930	21.094
1410.070	-1.930	21.240
1410.080	-1.930	20.947
1410.090	-1.920	21.167
1410.100	-1.920	20.654
1410.110	-1.920	20.947
1410.120	-1.860	20.728
1410.130	-1.860	20.654
1410.140	-1.860	20.435
1410.150	-1.830	20.142
1410.160	-1.830	19.849
1410.170	-1.830	19.629
1410.180	-1.760	19.702
1410.190	-1.760	19.409
1410.200	-1.760	19.116
1410.210	-1.670	18.823
1410.220	-1.670	18.530
1410.230	-1.670	18.018
1410.240	-1.570	17.651
1410.250	-1.570	17.505
1410.260	-1.570	16.919
1410.270	-1.440	16.626
1410.280	-1.440	16.187
1410.290	-1.440	15.454
1410.300	-1.310	15.527
1410.310	-1.310	14.795
1410.320	-1.310	14.209
1410.330	-1.150	13.623
1410.340	-1.150	13.257
1410.350	-1.150	12.598
1410.360	-0.990	12.378
1410.370	-0.990	11.426
1410.380	-0.990	10.693
1410.390	-0.830	10.547
1410.400	-0.830	9.595
1410.410	-0.830	9.009
1410.420	-0.670	8.496
1410.430	-0.670	8.057
1410.440	-0.670	7.104
1410.450	-0.500	6.445
1410.460	-0.500	5.640
1410.470	-0.500	5.127
1410.480	-0.320	4.541
1410.490	-0.320	3.662
1410.500	-0.320	3.149
1410.510	-0.130	2.563
1410.520	-0.130	1.831
1410.530	-0.130	1.099
1410.540	0.060	0.586
1410.550	0.060	0.073
1410.560	0.060	-0.513
1410.570	0.250	-1.025
1410.580	0.250	-1.758
1410.590	0.250	-2.490
1410.600	0.420	-3.076
1410.610	0.420	-3.662
1410.620	0.420	-4.468
1410.630	0.570	-5.054
1410.640	0.570	-5.493
1410.650	0.570	-6.226
1410.660	0.700	-6.812
1410.670	0.700	-7.471
1410.680	0.700	-8.130
1410.690	0.840	-8.350
1410.700	0.840	-9.009
1410.710	0.840	-9.595
1410.720	0.980	-10.107
1410.730	0.980	-10.327
1410.740	0.980	-11.206
1410.750	1.130	-11.865
1410.760	1.130	-12.085
1410.770	1.130	-12.964
1410.780	1.250	-12.964
1410.790	1.250	-13.550
1410.800	1.250	-14.648
1410.810	1.370	-14.648
1410.820	1.370	-14.722
1410.830	1.370	-15.820
1410.840	1.490	-15.820
1410.850	1.490	-15.747
1410.860	1.490	-16.846
1410.870	1.630	-16.846
1410.880	1.630	-17.212
1410.890	1.630	-17.651
1410.900	1.650	-17.651
1410.910	1.650	-17.944
1410.920	1.650	-18.677
1410.930	1.720	-18.677
1410.940	1.720	-18.896
1410.950	1.720	-19.409
1410.960	1.760	-19.409
1410.970	1.760	-19.336
1410.980	1.760	-19.702
1410.990	1.790	-19.702
1411.000	1.790	-20.142
1411.010	1.790	-20.142
1411.020	1.810	-20.142
1411.030	1.810	-20.288
1411.040	1.810	-20.288
1411.050	1.820	-20.288
1411.060	1.820	-20.288
1411.070	1.820	-20.435
1411.080	1.810	-20.654
1411.090	1.810	-20.435
1411.100	1.810	-20.508
1411.110	1.800	-20.068
1411.120	1.800	-19.995
1411.130	1.800	-19.995
1411.140	1.740	-20.215
1411.150	1.740	-20.068
1411.160	1.740	-19.629
1411.170	1.700	-19.409
1411.180	1.700	-19.043
1411.190	1.700	-18.750
1411.200	1.620	-18.750
1411.210	1.620	-18.530
1411.220	1.620	-18.091
1411.230	1.560	-18.091
1411.240	1.560	-17.432
1411.250	1.560	-17.212
1411.260	1.430	-17.212
1411.270	1.430	-16.553
1411.280	1.430	-15.894
1411.290	1.330	-15.894
1411.300	1.330	-15.088
1411.310	1.330	-14.502
1411.320	1.190	-14.502
1411.330	1.190	-14.136
1411.340	1.190	-13.184
1411.350	1.050	-13.184
1411.360	1.050	-12.378
1411.370	1.050	-11.646
1411.380	0.910	-11.646
1411.390	0.910	-10.693
1411.400	0.910	-9.814
1411.410	0.750	-9.814
1411.420	0.750	-9.229
1411.430	0.750	-8.203
1411.440	0.570	-8.203
1411.450	0.570	-7.471
1411.460	0.570	-5.933
1411.470	0.390	-5.933
1411.480	0.390	-5.273
1411.490	0.390	-4.028
1411.500	0.210	-4.028
1411.510	0.210	-3.369
1411.520	0.210	-2.124
1411.530	0.040	-2.124
1411.540	0.040	-1.392
1411.550	0.040	-0.366
1411.560	-0.130	-0.366
1411.570	-0.130	0.073
1411.580	-0.130	1.025
1411.590	-0.270	1.025
1411.600	-0.270	1.685
1411.610	-0.270	3.003
1411.620	-0.430	3.003
1411.630	-0.430	3.589
1411.640	-0.430	4.834
1411.650	-0.590	4.834
1411.660	-0.590	5.273
1411.670	-0.590	6.665
1411.680	-0.730	6.665
1411.690	-0.730	7.251
1411.700	-0.730	7.983
1411.710	-0.890	7.983
1411.720	-0.890	8.716
1411.730	-0.890	9.814
1411.740	-1.020	9.814
1411.750	-1.020	10.107
1411.760	-1.020	11.279
1411.770	-1.140	11.279
1411.780	-1.140	11.646
1411.790	-1.140	12.378
1411.800	-1.270	12.378
1411.810	-1.270	13.184
1411.820	-1.270	13.696
1411.830	-1.340	13.696
1411.840	-1.340	13.989
1411.850	-1.340	14.575
1411.860	-1.450	14.575
1411.870	-1.450	15.161
1411.880	-1.450	15.820
1411.890	-1.510	16.040
1411.900	-1.510	16.187
1411.910	-1.510	16.699
1411.920	-1.600	16.699
1411.930	-1.600	16.699
1411.940	-1.600	17.578
1411.950	-1.630	17.578
1411.960	-1.630	17.285
1411.970	-1.630	17.871
1411.980	-1.660	17.871
1411.990	-1.660	18.018
1412.000	-1.660	17.871
1412.010	-1.700	17.871
1412.020	-1.700	18.237
1412.030	-1.700	18.384
1412.040	-1.680	18.384
1412.050	-1.680	18.311
1412.060	-1.680	18.311
1412.070	-1.690	18.457
1412.080	-1.690	18.384
1412.090	-1.690	18.164
1412.100	-1.650	18.018
1412.110	-1.650	18.164
1412.120	-1.650	17.944
1412.130	-1.600	17.944
1412.140	-1.600	17.358
1412.150	-1.600	17.432
1412.160	-1.570	17.651
1412.170	-1.570	16.772
1412.180	-1.570	16.772
1412.190	-1.470	16.699
1412.200	-1.470	16.187
1412.210	-1.470	16.187
1412.220	-1.390	15.820
1412.230	-1.390	15.088
1412.240	-1.390	15.234
1412.250	-1.270	14.575
1412.260	-1.270	14.209
1412.270	-1.270	13.989
1412.280	-1.140	13.550
1412.290	-1.140	12.744
1412.300	-1.140	12.744
1412.310	-1.010	11.865
1412.320	-1.010	11.206
1412.330	-1.010	11.133
1412.340	-0.870	10.327
1412.350	-0.870	9.961
1412.360	-0.870	8.862
1412.370	-0.700	8.862
1412.380	-0.700	7.837
1412.390	-0.700	6.812
1412.400	-0.530	6.812
1412.410	-0.530	6.445
1412.420	-0.530	5.054
1412.430	-0.340	5.054
1412.440	-0.340	4.395
1412.450	-0.340	2.856
1412.460	-0.140	2.856
1412.470	-0.140	2.344
1412.480	-0.140	1.172
1412.490	0.060	1.172
1412.500	0.060	0.220
1412.510	0.060	-1.465
1412.520	0.220	-1.465
1412.530	0.220	-2.051
1412.540	0.220	-3.223
1412.550	0.420	-3.223
1412.560	0.420	-4.102
1412.570	0.420	-5.566
1412.580	0.600	-5.566
1412.590	0.600	-6.299
1412.600	0.600	-7.251
1412.610	0.760	-7.251
1412.620	0.760	-7.690
1412.630	0.760	-9.155
1412.640	0.920	-9.155
1412.650	0.920	-9.814
1412.660	0.920	-11.060
1412.670	1.070	-11.060
1412.680	1.070	-11.206
1412.690	1.070	-11.792
1412.700	1.220	-12.671
1412.710	1.220	-12.891
1412.720	1.220	-13.623
1412.730	1.360	-14.209
1412.740	1.360	-14.502
1412.750	1.360	-15.015
1412.760	1.470	-15.820
1412.770	1.470	-15.747
1412.780	1.470	-16.479
1412.790	1.590	-16.919
1412.800	1.590	-17.212
1412.810	1.590	-18.018
1412.820	1.700	-18.311
1412.830	1.700	-18.530
1412.840	1.700	-18.970
1412.850	1.810	-19.409
1412.860	1.810	-19.482
1412.870	1.810	-20.215
1412.880	1.900	-20.654
1412.890	1.900	-20.801
1412.900	1.900	-21.167
1412.910	1.990	-21.387
1412.920	1.990	-21.753
1412.930	1.990	-21.826
1412.940	2.030	-22.485
1412.950	2.030	-22.559
1412.960	2.030	-22.925
1412.970	2.090	-22.925
1412.980	2.090	-23.071
1412.990	2.090	-23.218
1413.000	2.100	-23.437
1413.010	2.100	-23.364
1413.020	2.100	-23.437
1413.030	2.140	-23.584
1413.040	2.140	-23.511
1413.050	2.140	-23.584
1413.060	2.120	-23.584
1413.070	2.120	-23.657
1413.080	2.120	-23.657
1413.090	2.120	-23.730
1413.100	2.120	-23.437
1413.110	2.120	-23.437
1413.120	2.070	-23.437
1413.130	2.070	-23.291
1413.140	2.070	-23.218
1413.150	2.030	-23.071
1413.160	2.030	-22.925
1413.170	2.030	-22.559
1413.180	1.950	-22.485
1413.190	1.950	-22.046
1413.200	1.950	-21.899
1413.210	1.890	-21.680
1413.220	1.890	-21.240
1413.230	1.890	-21.094
1413.240	1.790	-20.728
1413.250	1.790	-20.361
1413.260	1.790	-19.702
1413.270	1.670	-19.482
1413.280	1.670	-18.970
1413.290	1.670	-18.457
1413.300	1.550	-18.091
1413.310	1.550	-17.871
1413.320	1.550	-17.212
1413.330	1.400	-16.699
1413.340	1.400	-16.333
1413.350	1.400	-15.674
1413.360	1.250	-15.527
1413.370	1.250	-14.941
1413.380	1.250	-14.429
1413.390	1.100	-13.843
1413.400	1.100	-13.257
1413.410	1.100	-12.378
1413.420	0.930	-12.231
1413.430	0.930	-11.499
1413.440	0.930	-10.547
1413.450	0.750	-10.254
1413.460	0.750	-9.448
1413.470	0.750	-8.789
1413.480	0.600	-8.057
1413.490	0.600	-7.837
1413.500	0.600	-7.178
1413.510	0.420	-6.592
1413.520	0.420	-5.566
1413.530	0.420	-4.980
1413.540	0.250	-4.468
1413.550	0.250	-3.662
1413.560	0.250	-3.076
1413.570	0.080	-2.563
1413.580	0.080	-1.978
1413.590	0.080	-1.245
1413.600	-0.090	-0.586
1413.610	-0.090	-0.073
1413.620	-0.090	0.293
1413.630	-0.260	0.879
1413.640	-0.260	1.538
1413.650	-0.260	2.710
1413.660	-0.410	2.710
1413.670	-0.410	3.223
1413.680	-0.410	4.541
1413.690	-0.560	4.541
1413.700	-0.560	4.980
1413.710	-0.560	6.372
1413.720	-0.690	6.372
1413.730	-0.690	6.738
1413.740	-0.690	7.397
1413.750	-0.810	7.397
1413.760	-0.810	7.837
1413.770	-0.810	8.862
1413.780	-0.950	8.862
1413.790	-0.950	9.448
1413.800	-0.950	10.400
1413.810	-1.050	10.400
1413.820	-1.050	10.547
1413.830	-1.050	11.426
1413.840	-1.150	12.012
1413.850	-1.150	12.012
1413.860	-1.150	12.378
1413.870	-1.230	13.037
1413.880	-1.230	13.037
1413.890	-1.230	13.477
1413.900	-1.320	13.477
1413.910	-1.320	13.623
1413.920	-1.320	14.062
1413.930	-1.360	14.062
1413.940	-1.360	14.355
1413.950	-1.360	14.429
1413.960	-1.430	14.575
1413.970	-1.430	15.015
1413.980	-1.430	14.941
1413.990	-1.450	15.234
1414.000	-1.450	15.601
1414.010	-1.450	15.527
1414.020	-1.470	15.747
1414.030	-1.470	15.894
1414.040	-1.470	15.894
1414.050	-1.490	15.894
1414.060	-1.490	15.967
1414.070	-1.490	15.820
1414.080	-1.440	15.820
1414.090	-1.440	15.820
1414.100	-1.440	15.527
1414.110	-1.430	15.527
1414.120	-1.430	15.454
1414.130	-1.430	15.088
1414.140	-1.390	15.088
1414.150	-1.390	14.868
1414.160	-1.390	14.868
1414.170	-1.290	14.868
1414.180	-1.290	14.355
1414.190	-1.290	14.209
1414.200	-1.250	13.989
1414.210	-1.250	13.770
1414.220	-1.250	13.184
1414.230	-1.140	13.110
1414.240	-1.140	12.598
1414.250	-1.140	12.598
1414.260	-1.040	11.865
1414.270	-1.040	11.279
1414.280	-1.040	11.206
1414.290	-0.890	10.474
1414.300	-0.890	10.254
1414.310	-0.890	9.595
1414.320	-0.770	9.229
1414.330	-0.770	8.423
1414.340	-0.770	8.276
1414.350	-0.600	7.471
1414.360	-0.600	7.104
1414.370	-0.600	6.519
1414.380	-0.440	5.933
1414.390	-0.440	5.493
1414.400	-0.440	4.761
1414.410	-0.210	4.248
1414.420	-0.210	3.735
1414.430	-0.210	3.149
1414.440	-0.090	2.344
1414.450	-0.090	1.758
1414.460	-0.090	1.025
1414.470	0.090	0.293
1414.480	0.090	-0.513
1414.490	0.090	-1.172
1414.500	0.270	-1.831
1414.510	0.270	-2.490
1414.520	0.270	-3.369
1414.530	0.460	-3.955
1414.540	0.460	-4.541
1414.550	0.460	-5.273
1414.560	0.640	-5.859
1414.570	0.640	-6.299
1414.580	0.640	-7.178
1414.590	0.820	-7.617
1414.600	0.820	-8.423
1414.610	0.820	-8.936
1414.620	0.980	-9.595
1414.630	0.980	-9.961
1414.640	0.980	-10.840
1414.650	1.110	-11.353
1414.660	1.110	-11.865
1414.670	1.110	-12.598
1414.680	1.260	-12.817
1414.690	1.260	-13.696
1414.700	1.260	-14.062
1414.710	1.400	-14.722
1414.720	1.400	-14.868
1414.730	1.400	-15.747
1414.740	1.540	-16.333
1414.750	1.540	-16.479
1414.760	1.540	-16.992
1414.770	1.670	-17.432
1414.780	1.670	-18.018
1414.790	1.670	-18.530
1414.800	1.790	-18.896
1414.810	1.790	-19.409
1414.820	1.790	-19.849
1414.830	1.890	-20.508
1414.840	1.890	-20.361
1414.850	1.890	-21.167
1414.860	2.010	-21.313
1414.870	2.010	-21.826
1414.880	2.010	-21.973
1414.890	2.050	-22.339
1414.900	2.050	-22.339
1414.910	2.050	-22.998
1414.920	2.130	-22.998
1414.930	2.130	-23.145
1414.940	2.130	-23.657
1414.950	2.170	-24.023
1414.960	2.170	-24.170
1414.970	2.170	-24.390
1414.980	2.220	-24.683
1414.990	2.220	-24.902
1415.000	2.220	-24.829
1415.010	2.240	-24.902
1415.020	2.240	-24.902
1415.030	2.240	-24.756
1415.040	2.250	-24.829
1415.050	2.250	-24.609
1415.060	2.250	-24.976
1415.070	2.230	-24.829
1415.080	2.230	-24.976
1415.090	2.230	-24.829
1415.100	2.210	-25.342
1415.110	2.210	-24.902
1415.120	2.210	-24.902
1415.130	2.170	-24.756
1415.140	2.170	-24.683
1415.150	2.170	-24.316
1415.160	2.120	-24.243
1415.170	2.120	-23.804
1415.180	2.120	-23.218
1415.190	2.040	-22.632
1415.200	2.040	-22.559
1415.210	2.040	-22.266
1415.220	1.940	-22.046
1415.230	1.940	-22.046
1415.240	1.940	-21.606
1415.250	1.840	-21.606
1415.260	1.840	-20.874
1415.270	1.840	-19.995
1415.280	1.710	-19.995
1415.290	1.710	-19.849
1415.300	1.710	-18.896
1415.310	1.570	-18.896
1415.320	1.570	-18.457
1415.330	1.570	-17.285
1415.340	1.420	-17.285
1415.350	1.420	-16.626
1415.360	1.420	-15.674
1415.370	1.280	-15.674
1415.380	1.280	-15.088
1415.390	1.280	-13.916
1415.400	1.100	-13.916
1415.410	1.100	-13.477
1415.420	1.100	-11.792
1415.430	0.940	-11.792
1415.440	0.940	-11.353
1415.450	0.940	-10.181
1415.460	0.760	-10.181
1415.470	0.760	-9.448
1415.480	0.760	-8.130
1415.490	0.570	-8.130
1415.500	0.570	-7.324
1415.510	0.570	-6.226
1415.520	0.380	-6.226
1415.530	0.380	-5.420
1415.540	0.380	-4.102
1415.550	0.210	-4.102
1415.560	0.210	-3.442
1415.570	0.210	-2.417
1415.580	0.020	-2.417
1415.590	0.020	-1.685
1415.600	0.020	-0.366
1415.610	-0.130	0.220
1415.620	-0.130	0.220
1415.630	-0.130	1.538
1415.640	-0.300	1.538
1415.650	-0.300	2.271
1415.660	-0.300	2.856
1415.670	-0.470	3.296
1415.680	-0.470	3.955
1415.690	-0.470	5.200
1415.700	-0.630	5.200
1415.710	-0.630	5.786
1415.720	-0.630	6.738
1415.730	-0.770	6.738
1415.740	-0.770	7.397
1415.750	-0.770	8.496
1415.760	-0.910	8.496
1415.770	-0.910	9.082
1415.780	-0.910	9.814
1415.790	-1.030	9.814
1415.800	-1.030	10.474
1415.810	-1.030	11.206
1415.820	-1.160	11.206
1415.830	-1.160	11.865
1415.840	-1.160	12.378
1415.850	-1.250	12.378
1415.860	-1.250	12.891
1415.870	-1.250	13.550
1415.880	-1.340	13.550
1415.890	-1.340	13.989
1415.900	-1.340	14.575
1415.910	-1.420	14.575
1415.920	-1.420	14.941
1415.930	-1.420	15.161
1415.940	-1.500	15.161
1415.950	-1.500	15.820
1415.960	-1.500	15.894
1415.970	-1.520	15.894
1415.980	-1.520	16.333
1415.990	-1.520	16.406
1416.000	-1.570	16.406
1416.010	-1.570	16.772
1416.020	-1.570	16.772
1416.030	-1.580	16.772
1416.040	-1.580	17.139
1416.050	-1.580	16.846
1416.060	-1.510	16.846
1416.070	-1.510	17.139
1416.080	-1.510	16.992
1416.090	-1.590	16.992
1416.100	-1.590	16.919
1416.110	-1.590	16.772
1416.120	-1.530	16.772
1416.130	-1.530	16.553
1416.140	-1.530	16.479
1416.150	-1.490	16.626
1416.160	-1.490	16.260
1416.170	-1.490	15.967
1416.180	-1.430	15.967
1416.190	-1.430	15.820
1416.200	-1.430	15.454
1416.210	-1.340	15.454
1416.220	-1.340	15.161
1416.230	-1.340	14.575
1416.240	-1.260	14.502
1416.250	-1.260	14.062
1416.260	-1.260	13.843
1416.270	-1.120	13.257
1416.280	-1.120	13.110
1416.290	-1.120	12.378
1416.300	-0.970	12.158
1416.310	-0.970	11.426
1416.320	-0.970	10.767
1416.330	-0.880	10.693
1416.340	-0.880	9.888
1416.350	-0.880	9.448
1416.360	-0.730	8.936
1416.370	-0.730	8.496
1416.380	-0.730	7.544
1416.390	-0.560	7.031
1416.400	-0.560	6.299
1416.410	-0.560	6.006
1416.420	-0.370	5.640
1416.430	-0.370	4.761
1416.440	-0.370	4.175
1416.450	-0.200	3.589
1416.460	-0.200	2.783
1416.470	-0.200	2.271
1416.480	-0.030	1.758
1416.490	-0.030	1.172
1416.500	-0.030	0.439
1416.510	0.160	-0.439
1416.520	0.160	-1.172
1416.530	0.160	-1.685
1416.540	0.320	-2.271
1416.550	0.320	-2.930
1416.560	0.320	-3.735
1416.570	0.500	-4.395
1416.580	0.500	-5.054
1416.590	0.500	-5.859
1416.600	0.660	-6.152
1416.610	0.660	-6.592
1416.620	0.660	-7.251
1416.630	0.830	-7.910
1416.640	0.830	-8.716
1416.650	0.830	-9.009
1416.660	0.970	-9.595
1416.670	0.970	-10.254
1416.680	0.970	-11.060
1416.690	1.110	-11.060
1416.700	1.110	-11.719
1416.710	1.110	-12.451
1416.720	1.240	-12.744
1416.730	1.240	-13.330
1416.740	1.240	-14.355
1416.750	1.360	-14.355
1416.760	1.360	-14.648
1416.770	1.360	-15.234
1416.780	1.470	-15.674
1416.790	1.470	-16.187
1416.800	1.470	-16.553
1416.810	1.590	-16.772
1416.820	1.590	-17.505
1416.830	1.590	-17.944
1416.840	1.680	-17.944
1416.850	1.680	-18.384
1416.860	1.680	-18.970
1416.870	1.790	-18.970
1416.880	1.790	-19.336
1416.890	1.790	-19.995
1416.900	1.840	-19.995
1416.910	1.840	-20.435
1416.920	1.840	-20.435
1416.930	1.910	-21.094
1416.940	1.910	-20.874
1416.950	1.910	-21.240
1416.960	1.940	-21.387
1416.970	1.940	-21.533
1416.980	1.940	-21.606
1416.990	1.980	-21.533
1417.000	1.980	-21.899
1417.010	1.980	-21.826
1417.020	1.980	-22.119
1417.030	1.980	-21.826
1417.040	1.980	-22.266
1417.050	1.980	-22.266
1417.060	1.980	-22.412
1417.070	1.980	-22.119
1417.080	1.960	-22.192
1417.090	1.960	-21.899
1417.100	1.960	-21.899
1417.110	1.930	-21.826
1417.120	1.930	-21.533
1417.130	1.930	-21.533
1417.140	1.870	-21.313
1417.150	1.870	-21.313
1417.160	1.870	-20.801
1417.170	1.810	-21.021
1417.180	1.810	-20.361
1417.190	1.810	-20.435
1417.200	1.720	-20.142
1417.210	1.720	-19.775
1417.220	1.720	-19.482
1417.230	1.620	-19.043
1417.240	1.620	-18.750
1417.250	1.620	-17.871
1417.260	1.520	-17.871
1417.270	1.520	-17.285
1417.280	1.520	-16.479
1417.290	1.370	-16.479
1417.300	1.370	-16.040
1417.310	1.370	-15.234
1417.320	1.230	-15.234
1417.330	1.230	-14.575
1417.340	1.230	-13.257
1417.350	1.090	-13.257
1417.360	1.090	-13.184
1417.370	1.090	-11.719
1417.380	0.920	-11.719
1417.390	0.920	-11.426
1417.400	0.920	-10.254
1417.410	0.750	-10.254
1417.420	0.750	-9.448
1417.430	0.750	-8.862
1417.440	0.570	-8.130
1417.450	0.570	-7.617
1417.460	0.570	-6.812
1417.470	0.390	-6.372
1417.480	0.390	-5.493
1417.490	0.390	-4.028
1417.500	0.210	-4.028
1417.510	0.210	-3.149
1417.520	0.210	-2.197
1417.530	0.020	-2.197
1417.540	0.020	-1.538
1417.550	0.020	-0.220
1417.560	-0.150	-0.220
1417.570	-0.150	0.366
1417.580	-0.150	1.758
1417.590	-0.320	1.758
1417.600	-0.320	2.271
1417.610	-0.320	2.710
1417.620	-0.490	3.369
1417.630	-0.490	4.175
1417.640	-0.490	4.761
1417.650	-0.660	5.420
1417.660	-0.660	6.226
1417.670	-0.660	6.665
1417.680	-0.810	7.251
1417.690	-0.810	7.690
1417.700	-0.810	8.276
1417.710	-0.950	9.082
1417.720	-0.950	9.375
1417.730	-0.950	9.961
1417.740	-1.080	10.547
1417.750	-1.080	10.913
1417.760	-1.080	11.279
1417.770	-1.210	12.012
1417.780	-1.210	12.451
1417.790	-1.210	12.671
1417.800	-1.330	13.330
1417.810	-1.330	13.843
1417.820	-1.330	14.355
1417.830	-1.450	14.648
1417.840	-1.450	15.015
1417.850	-1.450	15.527
1417.860	-1.560	15.967
1417.870	-1.560	16.187
1417.880	-1.560	16.699
1417.890	-1.640	17.358
1417.900	-1.640	17.285
1417.910	-1.640	17.505
1417.920	-1.730	18.018
1417.930	-1.730	18.237
1417.940	-1.730	18.604
1417.950	-1.750	18.896
1417.960	-1.750	19.043
1417.970	-1.750	19.116
1417.980	-1.820	19.263
1417.990	-1.820	19.263
1418.000	-1.820	19.775
1418.010	-1.840	19.922
1418.020	-1.840	19.922
1418.030	-1.840	19.629
1418.040	-1.840	19.629
1418.050	-1.840	19.849
1418.060	-1.840	20.215
1418.070	-1.860	20.215
1418.080	-1.860	20.142
1418.090	-1.860	19.995
1418.100	-1.830	19.995
1418.110	-1.830	19.629
1418.120	-1.830	19.849
1418.130	-1.790	19.849
1418.140	-1.790	19.922
1418.150	-1.790	19.189
1418.160	-1.760	19.189
1418.170	-1.760	19.116
1418.180	-1.760	18.677
1418.190	-1.680	18.677
1418.200	-1.680	18.457
1418.210	-1.680	18.091
1418.220	-1.620	18.091
1418.230	-1.620	17.651
1418.240	-1.620	16.992
1418.250	-1.510	16.992
1418.260	-1.510	16.772
1418.270	-1.510	15.820
1418.280	-1.400	15.820
1418.290	-1.400	15.527
1418.300	-1.400	14.429
1418.310	-1.260	14.429
1418.320	-1.260	13.989
1418.330	-1.260	13.330
1418.340	-1.110	13.330
1418.350	-1.110	12.451
1418.360	-1.110	11.572
1418.370	-0.940	11.572
1418.380	-0.940	10.913
1418.390	-0.940	9.668
1418.400	-0.780	9.668
1418.410	-0.780	9.229
1418.420	-0.780	7.983
1418.430	-0.610	7.251
1418.440	-0.610	7.251
1418.450	-0.610	6.738
1418.460	-0.430	6.006
1418.470	-0.430	5.273
1418.480	-0.430	3.882
1418.490	-0.260	3.882
1418.500	-0.260	3.369
1418.510	-0.260	2.856
1418.520	-0.090	2.344
1418.530	-0.090	1.538
1418.540	-0.090	0.806
1418.550	0.090	0.293
1418.560	0.090	-0.293
1418.570	0.090	-0.879
1418.580	0.270	-1.611
1418.590	0.270	-2.344
1418.600	0.270	-2.856
1418.610	0.420	-3.369
1418.620	0.420	-3.955
1418.630	0.420	-4.614
1418.640	0.560	-5.127
1418.650	0.560	-5.640
1418.660	0.560	-6.445
1418.670	0.690	-6.812
1418.680	0.690	-7.324
1418.690	0.690	-7.690
1418.700	0.840	-8.496
1418.710	0.840	-9.009
1418.720	0.840	-9.375
1418.730	0.980	-9.888
1418.740	0.980	-10.474
1418.750	0.980	-10.986
1418.760	1.110	-11.206
1418.770	1.110	-11.792
1418.780	1.110	-12.378
1418.790	1.230	-12.598
1418.800	1.230	-12.891
1418.810	1.230	-13.550
1418.820	1.330	-13.916
1418.830	1.330	-14.282
1418.840	1.330	-14.795
1418.850	1.430	-15.015
1418.860	1.430	-15.381
1418.870	1.430	-15.894
1418.880	1.500	-15.967
1418.890	1.500	-16.479
1418.900	1.500	-16.626
1418.910	1.560	-16.846
1418.920	1.560	-17.505
1418.930	1.560	-17.358
1418.940	1.610	-17.505
1418.950	1.610	-17.871
1418.960	1.610	-18.018
1418.970	1.650	-18.237
1418.980	1.650	-18.164
1418.990	1.650	-18.311
1419.000	1.670	-18.677
1419.010	1.670	-18.530
1419.020	1.670	-18.604
1419.030	1.670	-18.750
1419.040	1.670	-18.677
1419.050	1.670	-18.750
1419.060	1.670	-18.823
1419.070	1.670	-18.677
1419.080	1.670	-18.677
1419.090	1.640	-18.677
1419.100	1.640	-18.530
1419.110	1.640	-18.530
1419.120	1.610	-18.384
1419.130	1.610	-18.164
1419.140	1.610	-18.091
1419.150	1.550	-18.091
1419.160	1.550	-17.505
1419.170	1.550	-17.285
1419.180	1.500	-17.505
1419.190	1.500	-16.919
1419.200	1.500	-16.626
1419.210	1.380	-16.553
1419.220	1.380	-15.747
1419.230	1.380	-15.820
1419.240	1.290	-15.527
1419.250	1.290	-14.722
1419.260	1.290	-14.795
1419.270	1.150	-14.209
1419.280	1.150	-13.770
1419.290	1.150	-13.257
1419.300	1.000	-12.671
1419.310	1.000	-11.938
1419.320	1.000	-11.792
1419.330	0.860	-11.279
1419.340	0.860	-10.400
1419.350	0.860	-9.375
1419.360	0.700	-9.375
1419.370	0.700	-8.862
1419.380	0.700	-7.764
1419.390	0.550	-7.764
1419.400	0.550	-7.397
1419.410	0.550	-6.079
1419.420	0.380	-6.079
1419.430	0.380	-5.200
1419.440	0.380	-4.175
1419.450	0.200	-4.175
1419.460	0.200	-3.369
1419.470	0.200	-2.271
1419.480	0.020	-2.271
1419.490	0.020	-1.538
1419.500	0.020	-0.146
1419.510	-0.170	-0.146
1419.520	-0.170	0.366
1419.530	-0.170	1.025
1419.540	-0.330	1.758
1419.550	-0.330	2.344
1419.560	-0.330	3.735
1419.570	-0.500	3.735
1419.580	-0.500	4.468
1419.590	-0.500	5.493
1419.600	-0.660	5.493
1419.610	-0.660	6.372
1419.620	-0.660	7.544
1419.630	-0.810	7.544
1419.640	-0.810	7.764
1419.650	-0.810	9.009
1419.660	-0.970	9.009
1419.670	-0.970	9.668
1419.680	-0.970	9.961
1419.690	-1.110	10.913
1419.700	-1.110	11.426
1419.710	-1.110	12.305
1419.720	-1.270	12.305
1419.730	-1.270	12.817
1419.740	-1.270	14.136
1419.750	-1.420	14.136
1419.760	-1.420	14.575
1419.770	-1.420	15.747
1419.780	-1.540	15.747
1419.790	-1.540	16.040
1419.800	-1.540	16.919
1419.810	-1.670	16.919
1419.820	-1.670	17.578
1419.830	-1.670	18.311
1419.840	-1.760	18.311
1419.850	-1.760	18.677
1419.860	-1.760	19.263
1419.870	-1.860	19.263
1419.880	-1.860	19.629
1419.890	-1.860	20.508
1419.900	-1.920	20.508
1419.910	-1.920	20.654
1419.920	-1.920	20.947
1419.930	-2.000	21.167
1419.940	-2.000	21.387
1419.950	-2.000	21.899
1419.960	-2.060	21.899
1419.970	-2.060	22.339
1419.980	-2.060	22.485
1419.990	-2.080	22.485
1420.000	-2.080	22.485
1420.010	-2.080	22.705
1420.020	-2.130	22.705
1420.030	-2.130	22.852
1420.040	-2.130	22.925
1420.050	-2.130	22.925
1420.060	-2.130	22.778
1420.070	-2.130	22.852
1420.080	-2.110	22.778
1420.090	-2.110	22.852
1420.100	-2.110	22.705
1420.110	-2.100	22.559
1420.120	-2.100	22.485
1420.130	-2.100	22.339
1420.140	-2.040	22.559
1420.150	-2.040	22.192
1420.160	-2.040	22.192
1420.170	-1.970	21.973
1420.180	-1.970	22.046
1420.190	-1.970	21.606
1420.200	-1.910	21.533
1420.210	-1.910	20.874
1420.220	-1.910	20.947
1420.230	-1.800	20.728
1420.240	-1.800	20.361
1420.250	-1.800	19.922
1420.260	-1.710	19.336
1420.270	-1.710	19.043
1420.280	-1.710	18.604
1420.290	-1.580	18.018
1420.300	-1.580	17.725
1420.310	-1.580	17.578
1420.320	-1.470	16.626
1420.330	-1.470	16.113
1420.340	-1.470	15.527
1420.350	-1.300	15.088
1420.360	-1.300	14.795
1420.370	-1.300	14.136
1420.380	-1.140	13.550
1420.390	-1.140	13.110
1420.400	-1.140	12.231
1420.410	-0.960	11.865
1420.420	-0.960	11.426
1420.430	-0.960	10.547
1420.440	-0.770	10.107
1420.450	-0.770	9.302
1420.460	-0.770	8.496
1420.470	-0.590	7.764
1420.480	-0.590	7.104
1420.490	-0.590	6.592
1420.500	-0.410	6.079
1420.510	-0.410	5.054
1420.520	-0.410	4.468
1420.530	-0.210	3.882
1420.540	-0.210	3.003
1420.550	-0.210	2.490
1420.560	-0.040	1.978
1420.570	-0.040	1.245
1420.580	-0.040	0.439
1420.590	0.150	-0.366
1420.600	0.150	-1.172
1420.610	0.150	-1.758
1420.620	0.320	-2.344
1420.630	0.320	-2.856
1420.640	0.320	-3.589
1420.650	0.480	-4.321
1420.660	0.480	-4.761
1420.670	0.480	-5.493
1420.680	0.630	-6.152
1420.690	0.630	-6.445
1420.700	0.630	-7.031
1420.710	0.770	-7.471
1420.720	0.770	-8.203
1420.730	0.770	-8.789
1420.740	0.910	-9.082
1420.750	0.910	-9.668
1420.760	0.910	-10.474
1420.770	1.050	-10.693
1420.780	1.050	-10.986
1420.790	1.050	-11.499
1420.800	1.150	-12.085
1420.810	1.150	-12.305
1420.820	1.150	-12.671
1420.830	1.240	-13.550
1420.840	1.240	-13.550
1420.850	1.240	-14.136
1420.860	1.360	-14.136
1420.870	1.360	-14.355
1420.880	1.360	-15.527
1420.890	1.430	-15.527
1420.900	1.430	-15.234
1420.910	1.430	-15.820
1420.920	1.490	-16.260
1420.930	1.490	-16.626
1420.940	1.490	-16.772
1420.950	1.540	-16.919
1420.960	1.540	-17.358
1420.970	1.540	-17.285
1420.980	1.560	-17.285
1420.990	1.560	-17.212
1421.000	1.560	-17.725
1421.010	1.590	-17.798
1421.020	1.590	-17.432
1421.030	1.590	-17.651
1421.040	1.590	-17.871
1421.050	1.590	-18.018
1421.060	1.590	-17.578
1421.070	1.590	-17.651
1421.080	1.590	-17.871
1421.090	1.590	-17.725
1421.100	1.550	-17.651
1421.110	1.550	-17.505
1421.120	1.550	-17.578
1421.130	1.520	-17.505
1421.140	1.520	-16.992
1421.150	1.520	-16.846
1421.160	1.450	-17.212
1421.170	1.450	-16.553
1421.180	1.450	-16.260
1421.190	1.380	-16.260
1421.200	1.380	-15.674
1421.210	1.380	-15.527
1421.220	1.270	-15.161
1421.230	1.270	-14.868
1421.240	1.270	-14.502
1421.250	1.170	-14.062
1421.260	1.170	-13.477
1421.270	1.170	-13.403
1421.280	1.050	-12.744
1421.290	1.050	-12.305
1421.300	1.050	-11.938
1421.310	0.900	-11.646
1421.320	0.900	-11.060
1421.330	0.900	-10.254
1421.340	0.770	-10.107
1421.350	0.770	-9.375
1421.360	0.770	-8.789
1421.370	0.610	-8.276
1421.380	0.610	-7.983
1421.390	0.610	-7.178
1421.400	0.430	-6.592
1421.410	0.430	-5.640
1421.420	0.430	-5.127
1421.430	0.250	-4.614
1421.440	0.250	-3.809
1421.450	0.250	-3.296
1421.460	0.070	-2.710
1421.470	0.070	-1.978
1421.480	0.070	-1.245
1421.490	-0.120	-0.586
1421.500	-0.120	-0.073
1421.510	-0.120	0.439
1421.520	-0.290	1.025
1421.530	-0.290	1.831
1421.540	-0.290	2.563
1421.550	-0.460	3.149
1421.560	-0.460	3.735
1421.570	-0.460	4.541
1421.580	-0.620	5.054
1421.590	-0.620	5.493
1421.600	-0.620	6.372
1421.610	-0.790	7.031
1421.620	-0.790	7.837
1421.630	-0.790	8.130
1421.640	-0.960	8.643
1421.650	-0.960	9.375
1421.660	-0.960	10.034
1421.670	-1.100	10.327
1421.680	-1.100	11.133
1421.690	-1.100	11.792
1421.700	-1.250	12.231
1421.710	-1.250	12.744
1421.720	-1.250	13.110
1421.730	-1.380	13.843
1421.740	-1.380	14.209
1421.750	-1.380	14.648
1421.760	-1.520	15.161
1421.770	-1.520	15.894
1421.780	-1.520	16.260
1421.790	-1.640	16.553
1421.800	-1.640	17.065
1421.810	-1.640	17.578
1421.820	-1.760	18.091
1421.830	-1.760	18.457
1421.840	-1.760	18.823
1421.850	-1.860	19.409
1421.860	-1.860	19.482
1421.870	-1.860	19.775
1421.880	-1.950	19.995
1421.890	-1.950	20.654
1421.900	-1.950	20.801
1421.910	-2.040	21.240
1421.920	-2.040	21.313
1421.930	-2.040	22.119
1421.940	-2.070	22.192
1421.950	-2.070	22.192
1421.960	-2.070	22.852
1421.970	-2.140	22.852
1421.980	-2.140	23.145
1421.990	-2.140	23.364
1422.000	-2.150	23.364
1422.010	-2.150	23.364
1422.020	-2.150	23.584
1422.030	-2.180	23.584
1422.040	-2.180	23.437
1422.050	-2.180	23.657
1422.060	-2.190	23.657
1422.070	-2.190	23.584
1422.080	-2.190	23.511
1422.090	-2.150	23.730
1422.100	-2.150	23.584
1422.110	-2.150	23.511
1422.120	-2.120	23.364
1422.130	-2.120	23.145
1422.140	-2.120	23.218
1422.150	-2.080	23.071
1422.160	-2.080	22.778
1422.170	-2.080	22.412
1422.180	-1.990	22.559
1422.190	-1.990	21.753
1422.200	-1.990	21.753
1422.210	-1.930	21.240
1422.220	-1.930	21.240
1422.230	-1.930	20.947
1422.240	-1.820	20.654
1422.250	-1.820	20.068
1422.260	-1.820	19.629
1422.270	-1.700	19.409
1422.280	-1.700	18.750
1422.290	-1.700	17.944
1422.300	-1.570	17.944
1422.310	-1.570	17.725
1422.320	-1.570	16.772
1422.330	-1.420	16.479
1422.340	-1.420	15.967
1422.350	-1.420	15.161
1422.360	-1.260	15.161
1422.370	-1.260	14.429
1422.380	-1.260	13.403
1422.390	-1.100	13.403
1422.400	-1.100	12.451
1422.410	-1.100	11.572
1422.420	-0.910	11.572
1422.430	-0.910	10.767
1422.440	-0.910	9.375
1422.450	-0.740	9.375
1422.460	-0.740	8.496
1422.470	-0.740	7.324
1422.480	-0.560	7.324
