% Time (s)	Gyro Output (rads/s)	Input Rate (RPM)	%9/1/20201:47 PM
0.000	0.000	0.000
2024.890	-0.030	0.000
2024.900	-0.030	0.000
2024.910	-0.020	0.000
2024.920	-0.020	0.000
2024.930	-0.020	0.000
2024.940	-0.030	0.000
2024.950	-0.030	0.000
2024.960	-0.030	0.000
2024.970	-0.030	0.000
2024.980	-0.030	0.000
2024.990	-0.030	0.000
2025.000	-0.020	0.000
2025.010	-0.020	0.000
2025.020	-0.020	0.000
2025.030	-0.020	0.000
2025.040	-0.020	0.000
2025.050	-0.020	0.000
2025.060	-0.020	0.000
2025.070	-0.020	0.000
2025.080	-0.020	0.000
2025.090	-0.030	0.000
2025.100	-0.030	0.000
2025.110	-0.030	0.000
2025.120	-0.030	0.000
2025.130	-0.030	0.000
2025.140	-0.030	0.000
2025.150	-0.030	0.073
2025.160	-0.030	0.073
2025.170	-0.030	0.073
2025.180	-0.040	0.073
2025.190	-0.040	0.146
2025.200	-0.040	0.146
2025.210	-0.050	0.146
2025.220	-0.050	0.220
2025.230	-0.050	0.220
2025.240	-0.050	0.220
2025.250	-0.050	0.220
2025.260	-0.050	0.220
2025.270	-0.060	0.293
2025.280	-0.060	0.293
2025.290	-0.060	0.293
2025.300	-0.070	0.366
2025.310	-0.070	0.366
2025.320	-0.070	0.366
2025.330	-0.080	0.439
2025.340	-0.080	0.513
2025.350	-0.080	0.513
2025.360	-0.090	0.659
2025.370	-0.090	0.732
2025.380	-0.090	0.879
2025.390	-0.110	0.879
2025.400	-0.110	0.952
2025.410	-0.110	1.099
2025.420	-0.120	1.172
2025.430	-0.120	1.172
2025.440	-0.120	1.245
2025.450	-0.150	1.318
2025.460	-0.150	1.245
2025.470	-0.150	1.245
2025.480	-0.170	1.245
2025.490	-0.170	1.318
2025.500	-0.170	1.392
2025.510	-0.200	1.465
2025.520	-0.200	1.611
2025.530	-0.200	1.978
2025.540	-0.230	2.124
2025.550	-0.230	2.124
2025.560	-0.230	2.417
2025.570	-0.260	2.417
2025.580	-0.260	2.490
2025.590	-0.260	2.710
2025.600	-0.280	2.710
2025.610	-0.280	2.930
2025.620	-0.280	3.003
2025.630	-0.310	3.003
2025.640	-0.310	2.930
2025.650	-0.310	3.003
2025.660	-0.340	3.003
2025.670	-0.340	3.149
2025.680	-0.340	3.809
2025.690	-0.380	3.809
2025.700	-0.380	3.882
2025.710	-0.380	4.028
2025.720	-0.420	4.028
2025.730	-0.420	4.321
2025.740	-0.420	4.687
2025.750	-0.470	4.687
2025.760	-0.470	4.834
2025.770	-0.470	5.127
2025.780	-0.520	5.054
2025.790	-0.520	5.200
2025.800	-0.520	5.273
2025.810	-0.560	5.713
2025.820	-0.560	5.713
2025.830	-0.560	5.640
2025.840	-0.620	5.859
2025.850	-0.620	6.372
2025.860	-0.620	6.592
2025.870	-0.670	6.592
2025.880	-0.670	6.958
2025.890	-0.670	6.958
2025.900	-0.720	7.178
2025.910	-0.720	7.471
2025.920	-0.720	7.617
2025.930	-0.780	8.130
2025.940	-0.780	8.276
2025.950	-0.780	8.057
2025.960	-0.860	8.643
2025.970	-0.860	8.789
2025.980	-0.860	9.082
2025.990	-0.930	9.375
2026.000	-0.930	9.668
2026.010	-0.930	9.741
2026.020	-0.980	10.107
2026.030	-0.980	10.181
2026.040	-0.980	10.400
2026.050	-1.070	11.060
2026.060	-1.070	11.060
2026.070	-1.070	11.353
2026.080	-1.130	11.426
2026.090	-1.130	11.792
2026.100	-1.130	12.231
2026.110	-1.200	12.231
2026.120	-1.200	12.671
2026.130	-1.200	12.964
2026.140	-1.280	13.330
2026.150	-1.280	13.550
2026.160	-1.280	13.770
2026.170	-1.360	14.136
2026.180	-1.360	14.429
2026.190	-1.360	14.722
2026.200	-1.440	14.868
2026.210	-1.440	15.454
2026.220	-1.440	15.601
2026.230	-1.530	15.747
2026.240	-1.530	16.260
2026.250	-1.530	16.553
2026.260	-1.600	16.846
2026.270	-1.600	17.139
2026.280	-1.600	17.285
2026.290	-1.710	17.871
2026.300	-1.710	18.237
2026.310	-1.710	18.457
2026.320	-1.840	18.823
2026.330	-1.840	18.970
2026.340	-1.840	19.336
2026.350	-1.860	19.556
2026.360	-1.860	20.068
2026.370	-1.860	20.288
2026.380	-1.990	20.874
2026.390	-1.990	21.021
2026.400	-1.990	21.387
2026.410	-2.080	21.680
2026.420	-2.080	21.973
2026.430	-2.080	22.705
2026.440	-2.150	22.998
2026.450	-2.150	23.145
2026.460	-2.150	23.511
2026.470	-2.250	23.950
2026.480	-2.250	24.243
2026.490	-2.250	24.463
2026.500	-2.350	25.195
2026.510	-2.350	25.562
2026.520	-2.350	25.781
2026.530	-2.470	26.147
2026.540	-2.470	26.294
2026.550	-2.470	27.100
2026.560	-2.570	27.466
2026.570	-2.570	27.759
2026.580	-2.570	28.052
2026.590	-2.660	28.711
2026.600	-2.660	28.711
2026.610	-2.660	29.077
2026.620	-2.770	29.810
2026.630	-2.770	30.176
2026.640	-2.770	30.615
2026.650	-2.900	30.981
2026.660	-2.900	31.055
2026.670	-2.900	31.860
2026.680	-2.990	32.300
2026.690	-2.990	32.446
2026.700	-2.990	32.886
2026.710	-3.100	33.618
2026.720	-3.100	33.765
2026.730	-3.100	34.131
2026.740	-3.220	34.644
2026.750	-3.220	35.010
2026.760	-3.220	35.522
2026.770	-3.380	35.815
2026.780	-3.380	35.962
2026.790	-3.380	36.548
2026.800	-3.480	37.207
2026.810	-3.480	37.280
2026.820	-3.480	37.793
2026.830	-3.550	38.525
2026.840	-3.550	38.965
2026.850	-3.550	38.965
2026.860	-3.700	39.771
2026.870	-3.700	40.063
2026.880	-3.700	40.869
2026.890	-3.870	41.455
2026.900	-3.870	41.602
2026.910	-3.870	42.187
2026.920	-3.920	42.773
2026.930	-3.920	42.847
2026.940	-3.920	43.213
2026.950	-4.100	44.165
2026.960	-4.100	44.312
2026.970	-4.100	44.897
2026.980	-4.190	45.410
2026.990	-4.190	45.630
2027.000	-4.190	46.069
2027.010	-4.380	46.875
2027.020	-4.380	47.241
2027.030	-4.380	47.827
2027.040	-4.430	48.486
2027.050	-4.430	48.633
2027.060	-4.430	49.146
2027.070	-4.630	49.585
2027.080	-4.630	50.171
2027.090	-4.630	50.610
2027.100	-4.720	51.343
2027.110	-4.720	51.416
2027.120	-4.720	52.002
2027.130	-4.850	52.588
2027.140	-4.850	52.734
2027.150	-4.850	53.687
2027.160	-5.000	54.199
2027.170	-5.000	54.712
2027.180	-5.000	54.785
2027.190	-5.170	55.518
2027.200	-5.170	55.811
2027.210	-5.170	56.396
2027.220	-5.310	56.909
2027.230	-5.310	57.349
2027.240	-5.310	58.008
2027.250	-5.430	58.521
2027.260	-5.430	58.740
2027.270	-5.430	60.059
2027.280	-5.500	60.205
2027.290	-5.500	60.864
2027.300	-5.500	60.864
2027.310	-5.630	61.670
2027.320	-5.630	61.670
2027.330	-5.630	62.256
2027.340	-5.760	62.915
2027.350	-5.760	63.062
2027.360	-5.760	63.721
2027.370	-5.920	64.160
2027.380	-5.920	64.600
2027.390	-5.920	65.332
2027.400	-6.090	65.845
2027.410	-6.090	65.845
2027.420	-6.090	66.797
2027.430	-6.260	67.310
2027.440	-6.260	67.456
2027.450	-6.260	67.969
2027.460	-6.370	68.921
2027.470	-6.370	69.214
2027.480	-6.370	69.507
2027.490	-6.440	69.946
2027.500	-6.440	70.239
2027.510	-6.440	70.752
2027.520	-6.540	71.411
2027.530	-6.540	71.558
2027.540	-6.540	72.437
2027.550	-6.760	72.949
2027.560	-6.760	72.876
2027.570	-6.760	73.975
2027.580	-6.830	73.975
2027.590	-6.830	74.780
2027.600	-6.830	75.146
2027.610	-6.930	76.025
2027.620	-6.930	76.685
2027.630	-6.930	76.685
2027.640	-7.140	77.417
2027.650	-7.140	77.563
2027.660	-7.140	78.223
2027.670	-7.190	78.882
2027.680	-7.190	79.321
2027.690	-7.190	79.980
2027.700	-7.330	79.980
2027.710	-7.330	80.347
2027.720	-7.330	81.372
2027.730	-7.470	81.372
2027.740	-7.470	81.299
2027.750	-7.470	81.738
2027.760	-7.470	81.738
2027.770	-7.470	82.031
2027.780	-7.470	82.031
2027.790	-7.490	82.031
2027.800	-7.490	82.031
2027.810	-7.490	81.885
2027.820	-7.330	81.885
2027.830	-7.330	81.372
2027.840	-7.330	80.566
2027.850	-7.240	80.566
2027.860	-7.240	80.420
2027.870	-7.240	79.395
2027.880	-7.100	79.395
2027.890	-7.100	78.662
2027.900	-7.100	77.783
2027.910	-6.890	77.783
2027.920	-6.890	77.197
2027.930	-6.890	76.978
2027.940	-6.860	76.831
2027.950	-6.860	76.392
2027.960	-6.860	75.952
2027.970	-6.750	75.586
2027.980	-6.750	75.293
2027.990	-6.750	75.073
2028.000	-6.700	75.073
2028.010	-6.700	74.780
2028.020	-6.700	74.707
2028.030	-6.790	74.707
2028.040	-6.790	74.121
2028.050	-6.790	74.634
2028.060	-6.770	75.000
2028.070	-6.770	74.854
2028.080	-6.770	75.073
2028.090	-6.930	75.806
2028.100	-6.930	75.439
2028.110	-6.930	75.806
2028.120	-6.920	76.318
2028.130	-6.920	76.245
2028.140	-6.920	76.318
2028.150	-7.090	76.318
2028.160	-7.090	76.831
2028.170	-7.090	77.124
2028.180	-7.030	77.124
2028.190	-7.030	77.124
2028.200	-7.030	77.490
2028.210	-7.080	77.490
2028.220	-7.080	77.490
2028.230	-7.080	77.490
2028.240	-7.020	77.490
2028.250	-7.020	77.710
2028.260	-7.020	77.271
2028.270	-7.060	77.271
2028.280	-7.060	77.271
2028.290	-7.060	76.685
2028.300	-6.910	77.124
2028.310	-6.910	76.831
2028.320	-6.910	76.392
2028.330	-6.970	76.538
2028.340	-6.970	76.392
2028.350	-6.970	76.172
2028.360	-6.820	75.952
2028.370	-6.820	75.513
2028.380	-6.820	75.586
2028.390	-6.850	75.806
2028.400	-6.850	75.000
2028.410	-6.850	75.073
2028.420	-6.740	75.146
2028.430	-6.740	74.707
2028.440	-6.740	74.487
2028.450	-6.740	74.780
2028.460	-6.740	74.487
2028.470	-6.740	74.487
2028.480	-6.680	74.414
2028.490	-6.680	73.828
2028.500	-6.680	74.048
2028.510	-6.700	74.341
2028.520	-6.700	74.048
2028.530	-6.700	74.048
2028.540	-6.670	74.121
2028.550	-6.670	73.608
2028.560	-6.670	73.682
2028.570	-6.750	74.414
2028.580	-6.750	74.048
2028.590	-6.750	74.268
2028.600	-6.710	74.341
2028.610	-6.710	73.828
2028.620	-6.710	74.414
2028.630	-6.800	74.487
2028.640	-6.800	74.487
2028.650	-6.800	74.561
2028.660	-6.740	74.854
2028.670	-6.740	74.268
2028.680	-6.740	74.561
2028.690	-6.790	74.854
2028.700	-6.790	74.561
2028.710	-6.790	74.634
2028.720	-6.720	74.854
2028.730	-6.720	74.487
2028.740	-6.720	74.707
2028.750	-6.780	74.780
2028.760	-6.780	74.414
2028.770	-6.780	74.341
2028.780	-6.660	74.341
2028.790	-6.660	74.121
2028.800	-6.660	74.121
2028.810	-6.730	74.268
2028.820	-6.730	73.535
2028.830	-6.730	73.755
2028.840	-6.630	73.755
2028.850	-6.630	73.315
2028.860	-6.630	73.462
2028.870	-6.680	73.315
2028.880	-6.680	73.315
2028.890	-6.680	73.242
2028.900	-6.610	73.389
2028.910	-6.610	73.022
2028.920	-6.610	73.022
2028.930	-6.640	73.022
2028.940	-6.640	72.437
2028.950	-6.640	72.656
2028.960	-6.580	72.803
2028.970	-6.580	72.949
2028.980	-6.580	72.803
2028.990	-6.650	72.729
2029.000	-6.650	72.363
2029.010	-6.650	72.583
2029.020	-6.570	73.022
2029.030	-6.570	72.583
2029.040	-6.570	72.803
2029.050	-6.670	72.729
2029.060	-6.670	72.510
2029.070	-6.670	72.290
2029.080	-6.550	72.803
2029.090	-6.550	72.510
2029.100	-6.550	72.656
2029.110	-6.670	72.583
2029.120	-6.670	72.217
2029.130	-6.670	72.437
2029.140	-6.540	72.583
2029.150	-6.540	72.583
2029.160	-6.540	72.363
2029.170	-6.560	72.656
2029.180	-6.560	71.704
2029.190	-6.560	72.217
2029.200	-6.550	72.510
2029.210	-6.550	72.290
2029.220	-6.550	72.144
2029.230	-6.540	72.363
2029.240	-6.540	72.070
2029.250	-6.540	71.997
2029.260	-6.480	72.217
2029.270	-6.480	71.704
2029.280	-6.480	72.070
2029.290	-6.510	71.704
2029.300	-6.510	71.265
2029.310	-6.510	71.265
2029.320	-6.440	71.777
2029.330	-6.440	71.265
2029.340	-6.440	71.411
2029.350	-6.480	71.191
2029.360	-6.480	71.045
2029.370	-6.480	71.045
2029.380	-6.410	71.411
2029.390	-6.410	70.972
2029.400	-6.410	71.265
2029.410	-6.440	71.265
2029.420	-6.440	70.752
2029.430	-6.440	70.752
2029.440	-6.400	71.191
2029.450	-6.400	71.118
2029.460	-6.400	71.045
2029.470	-6.450	71.118
2029.480	-6.450	70.679
2029.490	-6.450	71.045
2029.500	-6.360	70.972
2029.510	-6.360	70.752
2029.520	-6.360	70.898
2029.530	-6.460	71.118
2029.540	-6.460	70.532
2029.550	-6.460	70.605
2029.560	-6.350	70.825
2029.570	-6.350	70.825
2029.580	-6.350	70.679
2029.590	-6.440	70.679
2029.600	-6.440	70.312
2029.610	-6.440	70.605
2029.620	-6.380	70.605
2029.630	-6.380	70.386
2029.640	-6.380	70.312
2029.650	-6.390	70.459
2029.660	-6.390	70.093
2029.670	-6.390	70.020
2029.680	-6.340	70.312
2029.690	-6.340	70.093
2029.700	-6.340	70.239
2029.710	-6.380	70.093
2029.720	-6.380	69.800
2029.730	-6.380	69.946
2029.740	-6.310	70.312
2029.750	-6.310	69.800
2029.760	-6.310	69.873
2029.770	-6.380	70.166
2029.780	-6.380	69.580
2029.790	-6.380	69.360
2029.800	-6.280	69.653
2029.810	-6.280	69.360
2029.820	-6.280	69.507
2029.830	-6.370	69.287
2029.840	-6.370	68.848
2029.850	-6.370	69.141
2029.860	-6.250	69.507
2029.870	-6.250	68.921
2029.880	-6.250	69.067
2029.890	-6.290	69.360
2029.900	-6.290	68.994
2029.910	-6.290	69.141
2029.920	-6.260	68.921
2029.930	-6.260	69.067
2029.940	-6.260	68.628
2029.950	-6.250	69.141
2029.960	-6.250	68.115
2029.970	-6.250	68.408
2029.980	-6.170	68.188
2029.990	-6.170	68.188
2030.000	-6.170	67.896
2030.010	-6.190	67.896
2030.020	-6.190	67.896
2030.030	-6.190	67.822
2030.040	-6.090	67.822
2030.050	-6.090	67.017
2030.060	-6.090	67.236
2030.070	-6.110	67.236
2030.080	-6.110	67.310
2030.090	-6.110	66.797
2030.100	-6.100	66.797
2030.110	-6.100	66.650
2030.120	-6.100	66.504
2030.130	-5.960	66.504
2030.140	-5.960	66.431
2030.150	-5.960	66.138
2030.160	-5.990	66.211
2030.170	-5.990	65.918
2030.180	-5.990	65.698
2030.190	-5.860	65.698
2030.200	-5.860	65.332
2030.210	-5.860	65.259
2030.220	-5.860	65.332
2030.230	-5.860	64.673
2030.240	-5.860	64.233
2030.250	-5.750	64.526
2030.260	-5.750	63.940
2030.270	-5.750	63.721
2030.280	-5.720	63.647
2030.290	-5.720	63.062
2030.300	-5.720	62.988
2030.310	-5.650	62.842
2030.320	-5.650	62.329
2030.330	-5.650	62.402
2030.340	-5.590	62.476
2030.350	-5.590	61.597
2030.360	-5.590	61.597
2030.370	-5.510	61.743
2030.380	-5.510	61.011
2030.390	-5.510	60.645
2030.400	-5.500	60.937
2030.410	-5.500	60.498
2030.420	-5.500	59.985
2030.430	-5.350	59.326
2030.440	-5.350	59.326
2030.450	-5.350	59.692
2030.460	-5.290	59.180
2030.470	-5.290	58.447
2030.480	-5.290	58.594
2030.490	-5.280	58.521
2030.500	-5.280	57.788
2030.510	-5.280	57.349
2030.520	-5.150	57.788
2030.530	-5.150	56.982
2030.540	-5.150	56.909
2030.550	-5.020	56.470
2030.560	-5.020	55.957
2030.570	-5.020	55.664
2030.580	-4.950	55.518
2030.590	-4.950	55.005
2030.600	-4.950	54.785
2030.610	-4.880	54.785
2030.620	-4.880	54.053
2030.630	-4.880	53.760
2030.640	-4.830	53.320
2030.650	-4.830	53.027
2030.660	-4.830	52.954
2030.670	-4.770	52.954
2030.680	-4.770	52.075
2030.690	-4.770	51.562
2030.700	-4.670	51.123
2030.710	-4.670	51.123
2030.720	-4.670	50.610
2030.730	-4.550	50.610
2030.740	-4.550	50.464
2030.750	-4.550	49.365
2030.760	-4.420	49.365
2030.770	-4.420	48.853
2030.780	-4.420	48.193
2030.790	-4.300	48.193
2030.800	-4.300	47.974
2030.810	-4.300	47.095
2030.820	-4.280	47.095
2030.830	-4.280	46.655
2030.840	-4.280	45.703
2030.850	-4.170	45.703
2030.860	-4.170	45.264
2030.870	-4.170	44.824
2030.880	-4.040	44.824
2030.890	-4.040	44.385
2030.900	-4.040	43.140
2030.910	-3.900	43.140
2030.920	-3.900	42.700
2030.930	-3.900	42.407
2030.940	-3.750	42.187
2030.950	-3.750	41.235
2030.960	-3.750	40.356
2030.970	-3.600	40.356
2030.980	-3.600	39.990
2030.990	-3.600	39.551
2031.000	-3.480	39.404
2031.010	-3.480	39.038
2031.020	-3.480	38.232
2031.030	-3.400	37.939
2031.040	-3.400	37.134
2031.050	-3.400	36.768
2031.060	-3.210	36.328
2031.070	-3.210	36.255
2031.080	-3.210	35.449
2031.090	-3.100	34.863
2031.100	-3.100	34.497
2031.110	-3.100	33.765
2031.120	-2.990	33.691
2031.130	-2.990	32.886
2031.140	-2.990	32.520
2031.150	-2.790	31.714
2031.160	-2.790	31.494
2031.170	-2.790	30.762
2031.180	-2.690	30.322
2031.190	-2.690	29.736
2031.200	-2.690	29.004
2031.210	-2.480	28.711
2031.220	-2.480	27.832
2031.230	-2.480	27.539
2031.240	-2.380	27.026
2031.250	-2.380	26.733
2031.260	-2.380	25.928
2031.270	-2.180	25.342
2031.280	-2.180	24.170
2031.290	-2.180	24.170
2031.300	-2.040	23.657
2031.310	-2.040	22.998
2031.320	-2.040	22.485
2031.330	-1.920	21.899
2031.340	-1.920	21.387
2031.350	-1.920	20.361
2031.360	-1.740	19.995
2031.370	-1.740	19.409
2031.380	-1.740	18.970
2031.390	-1.550	18.311
2031.400	-1.550	17.871
2031.410	-1.550	17.065
2031.420	-1.380	16.626
2031.430	-1.380	15.894
2031.440	-1.380	14.941
2031.450	-1.210	14.868
2031.460	-1.210	13.916
2031.470	-1.210	13.477
2031.480	-1.050	12.817
2031.490	-1.050	12.012
2031.500	-1.050	11.499
2031.510	-0.820	10.913
2031.520	-0.820	10.181
2031.530	-0.820	9.521
2031.540	-0.720	9.082
2031.550	-0.720	8.130
2031.560	-0.720	7.544
2031.570	-0.550	6.958
2031.580	-0.550	6.519
2031.590	-0.550	6.006
2031.600	-0.370	5.054
2031.610	-0.370	4.541
2031.620	-0.370	3.882
2031.630	-0.200	3.149
2031.640	-0.200	2.637
2031.650	-0.200	2.124
2031.660	-0.010	1.538
2031.670	-0.010	0.732
2031.680	-0.010	0.000
2031.690	0.190	-0.732
2031.700	0.190	-1.465
2031.710	0.190	-2.197
2031.720	0.360	-2.710
2031.730	0.360	-3.149
2031.740	0.360	-3.955
2031.750	0.490	-4.614
2031.760	0.490	-5.200
2031.770	0.490	-6.079
2031.780	0.680	-6.592
2031.790	0.680	-7.031
2031.800	0.680	-7.617
2031.810	0.860	-8.203
2031.820	0.860	-9.082
2031.830	0.860	-9.668
2031.840	1.030	-10.254
2031.850	1.030	-11.060
2031.860	1.030	-11.572
2031.870	1.180	-12.085
2031.880	1.180	-13.037
2031.890	1.180	-13.477
2031.900	1.360	-15.015
2031.910	1.360	-15.015
2031.920	1.360	-15.234
2031.930	1.570	-16.187
2031.940	1.570	-16.699
2031.950	1.570	-17.212
2031.960	1.740	-18.164
2031.970	1.740	-18.604
2031.980	1.740	-19.189
2031.990	1.860	-19.995
2032.000	1.860	-20.508
2032.010	1.860	-20.801
2032.020	2.040	-21.973
2032.030	2.040	-22.266
2032.040	2.040	-22.998
2032.050	2.210	-23.437
2032.060	2.210	-23.877
2032.070	2.210	-24.463
2032.080	2.380	-25.122
2032.090	2.380	-26.001
2032.100	2.380	-26.367
2032.110	2.530	-26.953
2032.120	2.530	-27.466
2032.130	2.530	-28.125
2032.140	2.680	-28.564
2032.150	2.680	-29.297
2032.160	2.680	-29.810
2032.170	2.820	-30.469
2032.180	2.820	-30.981
2032.190	2.820	-31.128
2032.200	2.970	-31.934
2032.210	2.970	-32.520
2032.220	2.970	-33.398
2032.230	3.110	-33.398
2032.240	3.110	-33.984
2032.250	3.110	-34.424
2032.260	3.250	-35.376
2032.270	3.250	-35.596
2032.280	3.250	-35.889
2032.290	3.380	-36.841
2032.300	3.380	-36.914
2032.310	3.380	-38.232
2032.320	3.540	-38.232
2032.330	3.540	-39.038
2032.340	3.540	-39.697
2032.350	3.680	-39.697
2032.360	3.680	-39.844
2032.370	3.680	-40.576
2032.380	3.830	-41.455
2032.390	3.830	-41.675
2032.400	3.830	-42.407
2032.410	3.950	-42.773
2032.420	3.950	-42.993
2032.430	3.950	-43.359
2032.440	4.120	-44.458
2032.450	4.120	-44.824
2032.460	4.120	-45.410
2032.470	4.220	-45.996
2032.480	4.220	-46.216
2032.490	4.220	-46.802
2032.500	4.360	-47.681
2032.510	4.360	-48.120
2032.520	4.360	-48.633
2032.530	4.520	-49.146
2032.540	4.520	-49.292
2032.550	4.520	-50.244
2032.560	4.640	-50.757
2032.570	4.640	-50.977
2032.580	4.640	-51.343
2032.590	4.740	-52.075
2032.600	4.740	-52.148
2032.610	4.740	-53.613
2032.620	4.870	-53.613
2032.630	4.870	-53.833
2032.640	4.870	-54.785
2032.650	5.020	-54.785
2032.660	5.020	-55.225
2032.670	5.020	-56.396
2032.680	5.170	-56.396
2032.690	5.170	-56.689
2032.700	5.170	-57.861
2032.710	5.280	-57.861
2032.720	5.280	-58.008
2032.730	5.280	-59.326
2032.740	5.400	-59.326
2032.750	5.400	-59.546
2032.760	5.400	-60.645
2032.770	5.520	-60.645
2032.780	5.520	-61.157
2032.790	5.520	-61.963
2032.800	5.660	-61.963
2032.810	5.660	-62.695
2032.820	5.660	-63.428
2032.830	5.790	-63.867
2032.840	5.790	-64.014
2032.850	5.790	-64.746
2032.860	5.940	-65.186
2032.870	5.940	-65.625
2032.880	5.940	-65.991
2032.890	6.040	-66.943
2032.900	6.040	-67.017
2032.910	6.040	-67.603
2032.920	6.140	-67.603
2032.930	6.140	-68.335
2032.940	6.140	-68.774
2032.950	6.300	-69.360
2032.960	6.300	-69.653
2032.970	6.300	-70.166
2032.980	6.440	-70.825
2032.990	6.440	-70.679
2033.000	6.440	-71.338
2033.010	6.510	-71.631
2033.020	6.510	-72.363
2033.030	6.510	-72.583
2033.040	6.690	-73.535
2033.050	6.690	-73.535
2033.060	6.690	-74.121
2033.070	6.780	-74.780
2033.080	6.780	-75.000
2033.090	6.780	-75.366
2033.100	6.930	-76.318
2033.110	6.930	-76.611
2033.120	6.930	-76.904
2033.130	7.060	-78.003
2033.140	7.060	-77.637
2033.150	7.060	-78.223
2033.160	7.140	-78.882
2033.170	7.140	-78.809
2033.180	7.140	-79.541
2033.190	7.300	-80.420
2033.200	7.300	-80.493
2033.210	7.300	-80.933
2033.220	7.390	-81.445
2033.230	7.390	-80.933
2033.240	7.390	-82.031
2033.250	7.470	-82.983
2033.260	7.470	-82.690
2033.270	7.470	-83.423
2033.280	7.600	-83.569
2033.290	7.600	-83.643
2033.300	7.600	-84.229
2033.310	7.740	-85.107
2033.320	7.740	-85.034
2033.330	7.740	-85.767
2033.340	7.880	-86.133
2033.350	7.880	-85.840
2033.360	7.880	-86.646
2033.370	7.980	-87.231
2033.380	7.980	-87.817
2033.390	7.980	-88.257
2033.400	8.030	-88.403
2033.410	8.030	-88.184
2033.420	8.030	-89.062
2033.430	8.140	-89.795
2033.440	8.140	-89.795
2033.450	8.140	-90.454
2033.460	8.260	-90.894
2033.470	8.260	-90.820
2033.480	8.260	-91.187
2033.490	8.360	-91.846
2033.500	8.360	-91.992
2033.510	8.360	-92.578
2033.520	8.450	-92.944
2033.530	8.450	-92.725
2033.540	8.450	-93.384
2033.550	8.510	-93.970
2033.560	8.510	-94.043
2033.570	8.510	-94.702
2033.580	8.550	-94.702
2033.590	8.550	-94.849
2033.600	8.550	-95.801
2033.610	8.620	-95.801
2033.620	8.620	-96.167
2033.630	8.620	-96.533
2033.640	8.670	-96.533
2033.650	8.670	-96.606
2033.660	8.670	-97.632
2033.670	8.720	-97.632
2033.680	8.720	-97.778
2033.690	8.720	-98.511
2033.700	8.720	-98.511
2033.710	8.720	-98.730
2033.720	8.720	-99.097
2033.730	8.720	-99.097
2033.740	8.720	-99.683
2033.750	8.720	-99.902
2033.760	8.720	-99.902
2033.770	8.720	-100.562
2033.780	8.720	-100.854
2033.790	8.720	-100.854
2033.800	8.720	-101.074
2033.810	8.720	-101.221
2033.820	8.720	-102.319
2033.830	8.720	-102.246
2033.840	8.720	-102.393
2033.850	8.720	-102.393
2033.860	8.720	-102.539
2033.870	8.720	-102.539
2033.880	8.720	-103.271
2033.890	8.720	-103.345
2033.900	8.720	-103.418
2033.910	8.720	-103.491
2033.920	8.720	-103.345
2033.930	8.720	-103.564
2033.940	8.720	-104.224
2033.950	8.720	-104.370
2033.960	8.720	-104.956
2033.970	8.720	-105.103
2033.980	8.720	-104.883
2033.990	8.720	-105.396
2034.000	8.720	-105.688
2034.010	8.720	-105.908
2034.020	8.720	-105.835
2034.030	8.720	-106.641
2034.040	8.720	-106.421
2034.050	8.720	-106.567
2034.060	8.720	-106.934
2034.070	8.720	-106.860
2034.080	8.720	-106.641
2034.090	8.720	-106.860
2034.100	8.720	-106.421
2034.110	8.720	-106.641
2034.120	8.720	-106.934
2034.130	8.720	-106.348
2034.140	8.720	-106.494
2034.150	8.720	-106.274
2034.160	8.720	-105.103
2034.170	8.720	-105.029
2034.180	8.720	-105.029
2034.190	8.720	-104.590
2034.200	8.720	-103.857
2034.210	8.720	-103.857
2034.220	8.720	-103.271
2034.230	8.720	-103.125
2034.240	8.720	-103.271
2034.250	8.720	-102.539
2034.260	8.720	-102.539
2034.270	8.720	-101.880
2034.280	8.720	-101.660
2034.290	8.720	-101.367
2034.300	8.720	-101.367
2034.310	8.720	-101.294
2034.320	8.720	-101.074
2034.330	8.720	-100.781
2034.340	8.720	-99.976
2034.350	8.720	-100.415
2034.360	8.720	-100.854
2034.370	8.720	-100.635
2034.380	8.720	-100.854
2034.390	8.720	-100.854
2034.400	8.720	-100.488
2034.410	8.720	-100.488
2034.420	8.720	-100.928
2034.430	8.720	-100.781
2034.440	8.720	-100.854
2034.450	8.720	-101.074
2034.460	8.720	-100.488
2034.470	8.720	-100.708
2034.480	8.720	-101.147
2034.490	8.720	-100.635
2034.500	8.720	-101.001
2034.510	8.720	-101.294
2034.520	8.720	-100.708
2034.530	8.720	-100.928
2034.540	8.720	-101.514
2034.550	8.720	-101.001
2034.560	8.720	-101.221
2034.570	8.720	-101.440
2034.580	8.720	-101.001
2034.590	8.720	-101.294
2034.600	8.720	-101.514
2034.610	8.720	-101.367
2034.620	8.720	-101.367
2034.630	8.720	-101.733
2034.640	8.720	-101.367
2034.650	8.720	-101.294
2034.660	8.720	-101.733
2034.670	8.720	-101.440
2034.680	8.720	-101.294
2034.690	8.720	-101.440
2034.700	8.720	-101.221
2034.710	8.720	-101.221
2034.720	8.720	-101.587
2034.730	8.720	-101.221
2034.740	8.720	-101.147
2034.750	8.720	-101.294
2034.760	8.720	-101.001
2034.770	8.720	-101.147
2034.780	8.720	-101.294
2034.790	8.720	-100.928
2034.800	8.720	-100.781
2034.810	8.720	-100.708
2034.820	8.720	-100.122
2034.830	8.720	-100.195
2034.840	8.720	-100.562
2034.850	8.720	-100.049
2034.860	8.720	-99.683
2034.870	8.720	-99.829
2034.880	8.720	-99.463
2034.890	8.720	-99.536
2034.900	8.720	-99.463
2034.910	8.720	-99.097
2034.920	8.720	-99.170
2034.930	8.720	-99.463
2034.940	8.720	-98.584
2034.950	8.720	-98.730
2034.960	8.720	-98.804
2034.970	8.720	-98.145
2034.980	8.720	-97.998
2034.990	8.670	-98.364
2035.000	8.670	-97.778
2035.010	8.670	-97.852
2035.020	8.700	-97.852
2035.030	8.700	-96.973
2035.040	8.700	-96.899
2035.050	8.720	-97.412
2035.060	8.720	-96.826
2035.070	8.720	-96.973
2035.080	8.560	-97.046
2035.090	8.560	-96.094
2035.100	8.560	-96.167
2035.110	8.690	-96.240
2035.120	8.690	-95.581
2035.130	8.690	-95.581
2035.140	8.510	-95.728
2035.150	8.510	-94.775
2035.160	8.510	-94.849
2035.170	8.560	-94.775
2035.180	8.560	-94.263
2035.190	8.560	-94.336
2035.200	8.450	-94.336
2035.210	8.450	-93.823
2035.220	8.450	-93.970
2035.230	8.360	-93.970
2035.240	8.360	-93.384
2035.250	8.360	-93.457
2035.260	8.360	-93.530
2035.270	8.360	-92.944
2035.280	8.360	-92.798
2035.290	8.280	-92.505
2035.300	8.280	-91.846
2035.310	8.280	-91.699
2035.320	8.140	-91.699
2035.330	8.140	-91.113
2035.340	8.140	-91.113
2035.350	8.150	-90.747
2035.360	8.150	-90.015
2035.370	8.150	-90.015
2035.380	8.020	-90.161
2035.390	8.020	-90.015
2035.400	8.020	-89.941
2035.410	7.910	-89.355
2035.420	7.910	-88.696
2035.430	7.910	-88.623
2035.440	7.900	-88.477
2035.450	7.900	-87.891
2035.460	7.900	-88.037
2035.470	7.780	-87.744
2035.480	7.780	-86.646
2035.490	7.780	-86.279
2035.500	7.640	-86.353
2035.510	7.640	-86.206
2035.520	7.640	-86.060
2035.530	7.580	-85.474
2035.540	7.580	-84.888
2035.550	7.580	-84.595
2035.560	7.500	-84.521
2035.570	7.500	-83.862
2035.580	7.500	-84.009
2035.590	7.450	-83.569
2035.600	7.450	-83.057
2035.610	7.450	-82.690
2035.620	7.360	-82.544
2035.630	7.360	-82.031
2035.640	7.360	-81.885
2035.650	7.250	-81.812
2035.660	7.250	-80.786
2035.670	7.250	-80.786
2035.680	7.130	-80.347
2035.690	7.130	-79.907
2035.700	7.130	-79.468
2035.710	7.010	-79.248
2035.720	7.010	-78.296
2035.730	7.010	-78.662
2035.740	6.890	-77.930
2035.750	6.890	-77.197
2035.760	6.890	-76.978
2035.770	6.860	-76.758
2035.780	6.860	-76.245
2035.790	6.860	-75.732
2035.800	6.750	-75.439
2035.810	6.750	-74.780
2035.820	6.750	-74.487
2035.830	6.640	-73.828
2035.840	6.640	-73.315
2035.850	6.640	-73.315
2035.860	6.530	-73.022
2035.870	6.530	-72.217
2035.880	6.530	-71.631
2035.890	6.390	-71.851
2035.900	6.390	-70.825
2035.910	6.390	-70.605
2035.920	6.220	-70.459
2035.930	6.220	-69.653
2035.940	6.220	-69.580
2035.950	6.060	-69.141
2035.960	6.060	-68.481
2035.970	6.060	-67.749
2035.980	5.970	-67.822
2035.990	5.970	-66.870
2036.000	5.970	-66.724
2036.010	5.850	-66.650
2036.020	5.850	-65.479
2036.030	5.850	-65.259
2036.040	5.670	-64.966
2036.050	5.670	-63.867
2036.060	5.670	-63.428
2036.070	5.600	-63.354
2036.080	5.600	-62.476
2036.090	5.600	-61.890
2036.100	5.410	-61.670
2036.110	5.410	-60.571
2036.120	5.410	-60.571
2036.130	5.270	-59.985
2036.140	5.270	-59.106
2036.150	5.270	-58.960
2036.160	5.130	-58.740
2036.170	5.130	-57.788
2036.180	5.130	-57.202
2036.190	4.960	-57.129
2036.200	4.960	-56.104
2036.210	4.960	-55.591
2036.220	4.820	-55.518
2036.230	4.820	-54.712
2036.240	4.820	-54.053
2036.250	4.710	-53.540
2036.260	4.710	-52.441
2036.270	4.710	-52.148
2036.280	4.520	-51.929
2036.290	4.520	-50.977
2036.300	4.520	-50.537
2036.310	4.350	-50.171
2036.320	4.350	-48.999
2036.330	4.350	-48.633
2036.340	4.220	-48.340
2036.350	4.220	-47.607
2036.360	4.220	-47.168
2036.370	4.070	-46.655
2036.380	4.070	-45.850
2036.390	4.070	-45.337
2036.400	3.880	-45.044
2036.410	3.880	-43.945
2036.420	3.880	-43.359
2036.430	3.700	-42.920
2036.440	3.700	-42.041
2036.450	3.700	-41.602
2036.460	3.500	-41.309
2036.470	3.500	-40.430
2036.480	3.500	-39.697
2036.490	3.390	-39.331
2036.500	3.390	-38.306
2036.510	3.390	-38.159
2036.520	3.230	-37.573
2036.530	3.230	-36.694
2036.540	3.230	-36.182
2036.550	3.070	-35.596
2036.560	3.070	-34.717
2036.570	3.070	-34.204
2036.580	2.900	-33.838
2036.590	2.900	-32.886
2036.600	2.900	-32.446
2036.610	2.710	-31.714
2036.620	2.710	-30.981
2036.630	2.710	-30.542
2036.640	2.510	-29.956
2036.650	2.510	-29.443
2036.660	2.510	-28.491
2036.670	2.360	-27.979
2036.680	2.360	-27.246
2036.690	2.360	-25.928
2036.700	2.210	-25.928
2036.710	2.210	-25.342
2036.720	2.210	-24.243
2036.730	2.000	-24.243
2036.740	2.000	-23.364
2036.750	2.000	-22.119
2036.760	1.860	-22.119
2036.770	1.860	-21.460
2036.780	1.860	-20.215
2036.790	1.670	-19.482
2036.800	1.670	-19.482
2036.810	1.670	-18.237
2036.820	1.500	-17.432
2036.830	1.500	-17.432
2036.840	1.500	-16.113
2036.850	1.300	-15.601
2036.860	1.300	-15.601
2036.870	1.300	-15.088
2036.880	1.120	-14.209
2036.890	1.120	-13.477
2036.900	1.120	-12.231
2036.910	0.950	-12.231
2036.920	0.950	-11.865
2036.930	0.950	-10.181
2036.940	0.800	-10.181
2036.950	0.800	-9.814
2036.960	0.800	-8.276
2036.970	0.610	-8.276
2036.980	0.610	-7.690
2036.990	0.610	-6.665
2037.000	0.440	-6.665
2037.010	0.440	-6.079
2037.020	0.440	-4.541
2037.030	0.270	-4.541
2037.040	0.270	-4.102
2037.050	0.270	-3.369
2037.060	0.110	-2.783
2037.070	0.110	-2.271
2037.080	0.110	-1.831
2037.090	-0.040	-1.099
2037.100	-0.040	-0.513
2037.110	-0.040	-0.073
2037.120	-0.190	0.439
2037.130	-0.190	0.952
2037.140	-0.190	1.611
2037.150	-0.340	2.124
2037.160	-0.340	2.563
2037.170	-0.340	3.076
2037.180	-0.460	3.809
2037.190	-0.460	4.321
2037.200	-0.460	4.687
2037.210	-0.600	5.273
2037.220	-0.600	6.006
2037.230	-0.600	6.372
2037.240	-0.760	7.031
2037.250	-0.760	7.397
2037.260	-0.760	7.910
2037.270	-0.910	8.643
2037.280	-0.910	8.936
2037.290	-0.910	9.521
2037.300	-1.050	10.107
2037.310	-1.050	10.840
2037.320	-1.050	11.353
2037.330	-1.210	11.646
2037.340	-1.210	12.158
2037.350	-1.210	12.744
2037.360	-1.340	13.330
2037.370	-1.340	13.843
2037.380	-1.340	14.502
2037.390	-1.510	14.795
2037.400	-1.510	15.601
2037.410	-1.510	15.967
2037.420	-1.610	16.406
2037.430	-1.610	17.212
2037.440	-1.610	17.285
2037.450	-1.760	18.164
2037.460	-1.760	18.604
2037.470	-1.760	19.629
2037.480	-1.920	19.629
2037.490	-1.920	20.361
2037.500	-1.920	21.240
2037.510	-2.040	21.240
2037.520	-2.040	21.680
2037.530	-2.040	22.852
2037.540	-2.170	22.852
2037.550	-2.170	23.145
2037.560	-2.170	24.243
2037.570	-2.320	24.243
2037.580	-2.320	24.609
2037.590	-2.320	25.854
2037.600	-2.480	25.854
2037.610	-2.480	26.221
2037.620	-2.480	27.539
2037.630	-2.620	27.539
2037.640	-2.620	27.979
2037.650	-2.620	29.297
2037.660	-2.720	29.297
2037.670	-2.720	29.590
2037.680	-2.720	30.615
2037.690	-2.880	30.615
2037.700	-2.880	30.908
2037.710	-2.880	32.153
2037.720	-3.030	32.153
2037.730	-3.030	32.520
2037.740	-3.030	33.838
2037.750	-3.150	33.838
2037.760	-3.150	34.058
2037.770	-3.150	34.863
2037.780	-3.300	35.083
2037.790	-3.300	35.596
2037.800	-3.300	36.475
2037.810	-3.480	36.694
2037.820	-3.480	37.280
2037.830	-3.480	37.720
2037.840	-3.600	38.159
2037.850	-3.600	38.452
2037.860	-3.600	39.258
2037.870	-3.720	39.844
2037.880	-3.720	40.723
2037.890	-3.720	40.796
2037.900	-3.860	41.162
2037.910	-3.860	41.602
2037.920	-3.860	42.261
2037.930	-3.990	43.066
2037.940	-3.990	43.579
2037.950	-3.990	44.165
2037.960	-4.120	44.458
2037.970	-4.120	44.751
2037.980	-4.120	45.190
2037.990	-4.290	45.996
2038.000	-4.290	46.436
2038.010	-4.290	47.021
2038.020	-4.410	47.461
2038.030	-4.410	47.681
2038.040	-4.410	48.413
2038.050	-4.510	48.999
2038.060	-4.510	49.292
2038.070	-4.510	49.585
2038.080	-4.700	50.391
2038.090	-4.700	50.757
2038.100	-4.700	51.343
2038.110	-4.810	51.855
2038.120	-4.810	52.368
2038.130	-4.810	52.808
2038.140	-4.920	53.027
2038.150	-4.920	53.613
2038.160	-4.920	54.126
2038.170	-5.080	55.078
2038.180	-5.080	55.078
2038.190	-5.080	55.298
2038.200	-5.200	55.957
2038.210	-5.200	56.396
2038.220	-5.200	56.763
2038.230	-5.300	57.202
2038.240	-5.300	57.861
2038.250	-5.300	58.081
2038.260	-5.420	58.813
2038.270	-5.420	59.033
2038.280	-5.420	59.546
2038.290	-5.540	60.352
2038.300	-5.540	60.498
2038.310	-5.540	60.937
2038.320	-5.660	61.597
2038.330	-5.660	62.036
2038.340	-5.660	62.402
2038.350	-5.750	62.769
2038.360	-5.750	63.062
2038.370	-5.750	63.428
2038.380	-5.860	64.160
2038.390	-5.860	64.380
2038.400	-5.860	64.673
2038.410	-5.970	65.479
2038.420	-5.970	65.479
2038.430	-5.970	65.918
2038.440	-6.120	66.577
2038.450	-6.120	67.017
2038.460	-6.120	67.236
2038.470	-6.260	67.749
2038.480	-6.260	67.969
2038.490	-6.260	68.335
2038.500	-6.370	69.141
2038.510	-6.370	68.848
2038.520	-6.370	69.580
2038.530	-6.410	70.093
2038.540	-6.410	70.020
2038.550	-6.410	70.386
2038.560	-6.530	70.898
2038.570	-6.530	71.191
2038.580	-6.530	71.338
2038.590	-6.610	72.217
2038.600	-6.610	71.997
2038.610	-6.610	72.876
2038.620	-6.760	73.242
2038.630	-6.760	73.169
2038.640	-6.760	73.682
2038.650	-6.740	74.268
2038.660	-6.740	74.634
2038.670	-6.740	74.854
2038.680	-6.920	75.439
2038.690	-6.920	75.439
2038.700	-6.920	76.025
2038.710	-6.960	76.099
2038.720	-6.960	76.465
2038.730	-6.960	77.051
2038.740	-7.050	77.417
2038.750	-7.050	77.563
2038.760	-7.050	77.783
2038.770	-7.120	78.076
2038.780	-7.120	78.442
2038.790	-7.120	78.442
2038.800	-7.240	79.248
2038.810	-7.240	79.248
2038.820	-7.240	79.395
2038.830	-7.280	79.907
2038.840	-7.280	79.687
2038.850	-7.280	80.200
2038.860	-7.390	80.713
2038.870	-7.390	80.859
2038.880	-7.390	80.713
2038.890	-7.320	81.519
2038.900	-7.320	80.859
2038.910	-7.320	81.226
2038.920	-7.380	81.152
2038.930	-7.380	81.006
2038.940	-7.380	81.299
2038.950	-7.270	80.859
2038.960	-7.270	80.420
2038.970	-7.270	80.127
2038.980	-7.140	80.127
2038.990	-7.140	79.395
2039.000	-7.140	79.321
2039.010	-7.080	78.882
2039.020	-7.080	78.442
2039.030	-7.080	77.783
2039.040	-6.900	77.417
2039.050	-6.900	76.904
2039.060	-6.900	76.318
2039.070	-6.850	76.685
2039.080	-6.850	76.025
2039.090	-6.850	75.513
2039.100	-6.830	75.366
2039.110	-6.830	75.000
2039.120	-6.830	75.073
2039.130	-6.760	75.073
2039.140	-6.760	74.707
2039.150	-6.760	74.634
2039.160	-6.810	74.634
2039.170	-6.810	74.121
2039.180	-6.810	74.780
2039.190	-6.780	74.780
2039.200	-6.780	74.780
2039.210	-6.780	74.927
2039.220	-6.910	74.927
2039.230	-6.910	75.146
2039.240	-6.910	75.366
2039.250	-6.860	75.366
2039.260	-6.860	75.732
2039.270	-6.860	75.879
2039.280	-6.990	75.879
2039.290	-6.990	75.732
2039.300	-6.990	76.245
2039.310	-6.960	76.758
2039.320	-6.960	76.318
2039.330	-6.960	76.538
2039.340	-7.040	77.124
2039.350	-7.040	76.904
2039.360	-7.040	76.978
2039.370	-6.970	77.197
2039.380	-6.970	77.197
2039.390	-6.970	77.271
2039.400	-7.020	77.051
2039.410	-7.020	76.831
2039.420	-7.020	76.978
2039.430	-6.920	76.758
2039.440	-6.920	76.538
2039.450	-6.920	76.611
2039.460	-6.910	76.538
2039.470	-6.910	75.952
2039.480	-6.910	75.952
2039.490	-6.840	76.318
2039.500	-6.840	75.732
2039.510	-6.840	75.513
2039.520	-6.780	75.586
2039.530	-6.780	75.146
2039.540	-6.780	75.146
2039.550	-6.720	75.073
2039.560	-6.720	74.707
2039.570	-6.720	74.341
2039.580	-6.730	74.341
2039.590	-6.730	73.755
2039.600	-6.730	73.682
2039.610	-6.650	74.268
2039.620	-6.650	73.755
2039.630	-6.650	73.755
2039.640	-6.680	73.535
2039.650	-6.680	73.169
2039.660	-6.680	73.315
2039.670	-6.640	73.535
2039.680	-6.640	73.462
2039.690	-6.640	73.315
2039.700	-6.680	74.048
2039.710	-6.680	73.315
2039.720	-6.680	73.535
2039.730	-6.650	73.535
2039.740	-6.650	73.169
2039.750	-6.650	73.608
2039.760	-6.670	74.048
2039.770	-6.670	73.828
2039.780	-6.670	73.755
2039.790	-6.620	73.828
2039.800	-6.620	73.169
2039.810	-6.620	73.096
2039.820	-6.680	73.608
2039.830	-6.680	73.242
2039.840	-6.680	73.608
2039.850	-6.600	73.462
2039.860	-6.600	72.876
2039.870	-6.600	72.876
2039.880	-6.650	73.096
2039.890	-6.650	73.022
2039.900	-6.650	72.949
2039.910	-6.570	73.096
2039.920	-6.570	72.363
2039.930	-6.570	72.803
2039.940	-6.620	72.876
2039.950	-6.620	72.583
2039.960	-6.620	72.363
2039.970	-6.530	72.437
2039.980	-6.530	72.070
2039.990	-6.530	72.070
2040.000	-6.600	72.363
2040.010	-6.600	71.851
2040.020	-6.600	72.070
2040.030	-6.520	71.777
2040.040	-6.520	71.338
2040.050	-6.520	71.191
2040.060	-6.450	71.484
2040.070	-6.450	70.972
2040.080	-6.450	70.972
2040.090	-6.460	70.825
2040.100	-6.460	70.386
2040.110	-6.460	70.532
2040.120	-6.350	70.459
2040.130	-6.350	70.020
2040.140	-6.350	69.946
2040.150	-6.380	70.093
2040.160	-6.380	69.580
2040.170	-6.380	69.727
2040.180	-6.230	69.653
2040.190	-6.230	69.360
2040.200	-6.230	69.067
2040.210	-6.270	69.141
2040.220	-6.270	68.408
2040.230	-6.270	68.481
2040.240	-6.080	68.262
2040.250	-6.080	67.969
2040.260	-6.080	67.896
2040.270	-6.050	67.749
2040.280	-6.050	67.310
2040.290	-6.050	66.943
2040.300	-6.070	67.090
2040.310	-6.070	66.504
2040.320	-6.070	66.797
2040.330	-5.950	66.650
2040.340	-5.950	65.918
2040.350	-5.950	65.845
2040.360	-5.870	65.771
2040.370	-5.870	65.259
2040.380	-5.870	64.966
2040.390	-5.880	65.186
2040.400	-5.880	64.453
2040.410	-5.880	64.233
2040.420	-5.710	63.940
2040.430	-5.710	63.428
2040.440	-5.710	63.501
2040.450	-5.640	63.208
2040.460	-5.640	62.622
2040.470	-5.640	62.476
2040.480	-5.570	62.329
2040.490	-5.570	61.377
2040.500	-5.570	61.597
2040.510	-5.560	61.816
2040.520	-5.560	60.864
2040.530	-5.560	60.864
2040.540	-5.460	60.571
2040.550	-5.460	60.205
2040.560	-5.460	59.692
2040.570	-5.310	59.766
2040.580	-5.310	59.326
2040.590	-5.310	59.546
2040.600	-5.230	58.667
2040.610	-5.230	57.788
2040.620	-5.230	58.228
2040.630	-5.180	57.861
2040.640	-5.180	57.568
2040.650	-5.180	56.909
2040.660	-5.110	57.056
2040.670	-5.110	56.323
2040.680	-5.110	56.030
2040.690	-5.020	55.811
2040.700	-5.020	55.591
2040.710	-5.020	55.225
2040.720	-4.910	54.639
2040.730	-4.910	54.053
2040.740	-4.910	53.760
2040.750	-4.830	53.760
2040.760	-4.830	53.027
2040.770	-4.830	52.661
2040.780	-4.720	52.441
2040.790	-4.720	51.782
2040.800	-4.720	51.562
2040.810	-4.620	51.343
2040.820	-4.620	50.903
2040.830	-4.620	50.464
2040.840	-4.510	50.098
2040.850	-4.510	49.438
2040.860	-4.510	49.219
2040.870	-4.380	48.853
2040.880	-4.380	48.267
2040.890	-4.380	47.900
2040.900	-4.250	47.534
2040.910	-4.250	47.021
2040.920	-4.250	46.729
2040.930	-4.100	46.509
2040.940	-4.100	45.850
2040.950	-4.100	45.410
2040.960	-4.040	44.897
2040.970	-4.040	44.458
2040.980	-4.040	43.945
2040.990	-3.930	43.652
2041.000	-3.930	42.847
2041.010	-3.930	42.554
2041.020	-3.760	42.261
2041.030	-3.760	41.675
2041.040	-3.760	41.235
2041.050	-3.610	40.942
2041.060	-3.610	40.356
2041.070	-3.610	39.844
2041.080	-3.530	39.624
2041.090	-3.530	38.818
2041.100	-3.530	38.745
2041.110	-3.360	38.086
2041.120	-3.360	37.354
2041.130	-3.360	36.694
2041.140	-3.210	36.328
2041.150	-3.210	35.522
2041.160	-3.210	35.376
2041.170	-3.100	35.010
2041.180	-3.100	34.058
2041.190	-3.100	33.105
2041.200	-2.980	33.105
2041.210	-2.980	32.446
2041.220	-2.980	32.007
2041.230	-2.780	31.787
2041.240	-2.780	31.055
2041.250	-2.780	29.883
2041.260	-2.670	29.883
2041.270	-2.670	29.370
2041.280	-2.670	28.271
2041.290	-2.460	28.271
2041.300	-2.460	27.832
2041.310	-2.460	26.660
2041.320	-2.320	26.660
2041.330	-2.320	26.001
2041.340	-2.320	25.562
2041.350	-2.190	25.049
2041.360	-2.190	24.463
2041.370	-2.190	23.804
2041.380	-2.000	23.145
2041.390	-2.000	22.339
2041.400	-2.000	21.680
2041.410	-1.820	21.460
2041.420	-1.820	20.874
2041.430	-1.820	19.995
2041.440	-1.670	19.482
2041.450	-1.670	18.750
2041.460	-1.670	18.164
2041.470	-1.500	17.578
2041.480	-1.500	17.212
2041.490	-1.500	16.406
2041.500	-1.330	16.113
2041.510	-1.330	15.088
2041.520	-1.330	14.429
2041.530	-1.150	13.843
2041.540	-1.150	13.330
2041.550	-1.150	12.598
2041.560	-0.970	12.231
2041.570	-0.970	11.279
2041.580	-0.970	10.474
2041.590	-0.790	10.254
2041.600	-0.790	9.375
2041.610	-0.790	8.716
2041.620	-0.610	8.057
2041.630	-0.610	7.617
2041.640	-0.610	6.738
2041.650	-0.420	6.152
2041.660	-0.420	5.200
2041.670	-0.420	4.687
2041.680	-0.260	4.028
2041.690	-0.260	3.223
2041.700	-0.260	2.563
2041.710	-0.090	2.051
2041.720	-0.090	1.392
2041.730	-0.090	0.146
2041.740	0.120	0.146
2041.750	0.120	-0.586
2041.760	0.120	-1.904
2041.770	0.290	-1.904
2041.780	0.290	-2.417
2041.790	0.290	-4.028
2041.800	0.470	-4.028
2041.810	0.470	-4.614
2041.820	0.470	-6.079
2041.830	0.650	-6.079
2041.840	0.650	-6.738
2041.850	0.650	-7.983
2041.860	0.850	-7.983
2041.870	0.850	-8.569
2041.880	0.850	-10.107
2041.890	1.060	-10.107
2041.900	1.060	-10.400
2041.910	1.060	-12.085
2041.920	1.160	-12.085
2041.930	1.160	-12.451
2041.940	1.160	-13.550
2041.950	1.350	-13.550
2041.960	1.350	-14.282
2041.970	1.350	-15.894
2041.980	1.520	-15.894
2041.990	1.520	-16.113
2042.000	1.520	-17.285
2042.010	1.680	-17.285
2042.020	1.680	-17.944
2042.030	1.680	-19.263
2042.040	1.840	-19.263
2042.050	1.840	-19.995
2042.060	1.840	-21.167
2042.070	2.010	-21.167
2042.080	2.010	-21.460
2042.090	2.010	-22.192
2042.100	2.160	-22.852
2042.110	2.160	-23.364
2042.120	2.160	-23.804
2042.130	2.280	-24.097
2042.140	2.280	-25.122
2042.150	2.280	-25.415
2042.160	2.420	-26.001
2042.170	2.420	-26.294
2042.180	2.420	-26.880
2042.190	2.560	-27.612
2042.200	2.560	-27.905
2042.210	2.560	-28.345
2042.220	2.720	-29.443
2042.230	2.720	-29.810
2042.240	2.720	-30.615
2042.250	2.860	-30.615
2042.260	2.860	-30.835
2042.270	2.860	-32.007
2042.280	2.990	-32.007
2042.290	2.990	-32.593
2042.300	2.990	-33.911
2042.310	3.140	-33.911
2042.320	3.140	-33.765
2042.330	3.140	-35.229
2042.340	3.270	-35.229
2042.350	3.270	-35.449
2042.360	3.270	-36.621
2042.370	3.420	-36.621
2042.380	3.420	-37.354
2042.390	3.420	-38.379
2042.400	3.530	-38.379
2042.410	3.530	-38.745
2042.420	3.530	-39.771
2042.430	3.690	-39.771
2042.440	3.690	-40.430
2042.450	3.690	-40.869
2042.460	3.810	-41.602
2042.470	3.810	-42.041
2042.480	3.810	-42.407
2042.490	3.950	-42.773
2042.500	3.950	-43.433
2042.510	3.950	-43.872
2042.520	4.110	-44.678
2042.530	4.110	-44.897
2042.540	4.110	-45.483
2042.550	4.240	-45.996
2042.560	4.240	-46.216
2042.570	4.240	-46.802
2042.580	4.350	-47.461
2042.590	4.350	-47.827
2042.600	4.350	-48.413
2042.610	4.460	-48.999
2042.620	4.460	-49.146
2042.630	4.460	-49.731
2042.640	4.610	-50.537
2042.650	4.610	-51.123
2042.660	4.610	-51.416
2042.670	4.770	-51.855
2042.680	4.770	-52.368
2042.690	4.770	-52.808
2042.700	4.880	-53.174
2042.710	4.880	-53.687
2042.720	4.880	-54.126
2042.730	5.000	-55.005
2042.740	5.000	-54.858
2042.750	5.000	-55.518
2042.760	5.120	-56.104
2042.770	5.120	-56.616
2042.780	5.120	-56.982
2042.790	5.260	-57.935
2042.800	5.260	-58.081
2042.810	5.260	-58.740
2042.820	5.390	-59.180
2042.830	5.390	-59.326
2042.840	5.390	-60.059
2042.850	5.480	-60.645
2042.860	5.480	-61.084
2042.870	5.480	-61.523
2042.880	5.640	-61.963
2042.890	5.640	-62.036
2042.900	5.640	-62.842
2042.910	5.760	-63.354
2042.920	5.760	-63.794
2042.930	5.760	-64.600
2042.940	5.900	-64.600
2042.950	5.900	-64.819
2042.960	5.900	-65.991
2042.970	6.060	-65.991
2042.980	6.060	-66.504
2042.990	6.060	-67.529
2043.000	6.110	-67.529
2043.010	6.110	-67.676
2043.020	6.110	-68.628
2043.030	6.300	-68.628
2043.040	6.300	-69.434
2043.050	6.300	-70.239
2043.060	6.380	-70.239
2043.070	6.380	-70.605
2043.080	6.380	-71.484
2043.090	6.530	-71.484
2043.100	6.530	-71.777
2043.110	6.530	-72.949
2043.120	6.590	-72.949
2043.130	6.590	-73.462
2043.140	6.590	-74.121
2043.150	6.780	-74.121
2043.160	6.780	-74.780
2043.170	6.780	-75.513
2043.180	6.900	-75.513
2043.190	6.900	-76.318
2043.200	6.900	-76.465
2043.210	6.970	-76.465
2043.220	6.970	-77.271
2043.230	6.970	-78.076
2043.240	7.090	-78.076
2043.250	7.090	-78.589
2043.260	7.090	-78.662
2043.270	7.250	-79.687
2043.280	7.250	-79.687
2043.290	7.250	-79.907
2043.300	7.380	-80.420
2043.310	7.380	-80.933
2043.320	7.380	-80.859
2043.330	7.420	-81.958
2043.340	7.420	-82.178
2043.350	7.420	-82.837
2043.360	7.510	-82.837
2043.370	7.510	-82.617
2043.380	7.510	-84.009
2043.390	7.610	-84.009
2043.400	7.610	-84.229
2043.410	7.610	-85.327
2043.420	7.690	-85.327
2043.430	7.690	-85.107
2043.440	7.690	-86.353
2043.450	7.790	-86.353
2043.460	7.790	-86.865
2043.470	7.790	-87.378
2043.480	7.910	-87.378
2043.490	7.910	-87.598
2043.500	7.910	-88.550
2043.510	8.040	-88.550
2043.520	8.040	-88.843
2043.530	8.040	-89.282
2043.540	8.130	-89.282
2043.550	8.130	-89.575
2043.560	8.130	-89.941
2043.570	8.200	-90.527
2043.580	8.200	-90.967
2043.590	8.200	-91.260
2043.600	8.310	-91.772
2043.610	8.310	-91.919
2043.620	8.310	-92.139
2043.630	8.340	-92.944
2043.640	8.340	-93.164
2043.650	8.340	-93.164
2043.660	8.390	-93.604
2043.670	8.390	-93.750
2043.680	8.390	-93.750
2043.690	8.530	-94.189
2043.700	8.530	-94.043
2043.710	8.530	-94.556
2043.720	8.600	-95.361
2043.730	8.600	-95.215
2043.740	8.600	-95.581
2043.750	8.650	-96.167
2043.760	8.650	-95.874
2043.770	8.650	-96.387
2043.780	8.700	-97.192
2043.790	8.700	-97.192
2043.800	8.700	-97.632
2043.810	8.720	-97.925
2043.820	8.720	-97.412
2043.830	8.720	-97.632
2043.840	8.720	-98.437
2043.850	8.720	-98.218
2043.860	8.720	-98.584
2043.870	8.720	-99.316
2043.880	8.720	-98.877
2043.890	8.720	-99.023
2043.900	8.720	-99.463
2043.910	8.720	-99.316
2043.920	8.720	-99.976
2043.930	8.720	-100.488
2043.940	8.720	-99.976
2043.950	8.720	-100.708
2043.960	8.720	-101.001
2043.970	8.720	-100.415
2043.980	8.720	-101.001
2043.990	8.720	-101.514
2044.000	8.720	-101.660
2044.010	8.720	-101.807
2044.020	8.720	-101.660
2044.030	8.720	-102.100
2044.040	8.720	-102.393
2044.050	8.720	-102.612
2044.060	8.720	-102.539
2044.070	8.720	-102.686
2044.080	8.720	-103.198
2044.090	8.720	-102.759
2044.100	8.720	-102.686
2044.110	8.720	-103.198
2044.120	8.720	-102.905
2044.130	8.720	-102.319
2044.140	8.720	-102.759
2044.150	8.720	-101.880
2044.160	8.720	-101.807
2044.170	8.720	-102.246
2044.180	8.720	-101.001
2044.190	8.720	-100.854
2044.200	8.720	-100.708
2044.210	8.720	-99.976
2044.220	8.720	-99.902
2044.230	8.720	-99.683
2044.240	8.720	-98.804
2044.250	8.720	-98.657
2044.260	8.720	-98.730
2044.270	8.720	-97.852
2044.280	8.720	-97.925
2044.290	8.690	-97.925
2044.300	8.690	-96.899
2044.310	8.690	-96.899
2044.320	8.680	-97.119
2044.330	8.680	-96.387
2044.340	8.680	-96.387
2044.350	8.650	-97.119
2044.360	8.650	-96.387
2044.370	8.650	-96.387
2044.380	8.690	-96.387
2044.390	8.690	-96.313
2044.400	8.690	-96.899
2044.410	8.670	-96.899
2044.420	8.670	-96.826
2044.430	8.670	-97.485
2044.440	8.700	-97.485
2044.450	8.700	-96.826
2044.460	8.700	-97.119
2044.470	8.670	-97.119
2044.480	8.670	-97.192
2044.490	8.670	-97.412
2044.500	8.630	-97.412
2044.510	8.630	-97.485
2044.520	8.630	-97.192
2044.530	8.720	-97.266
2044.540	8.720	-96.973
2044.550	8.720	-97.192
2044.560	8.650	-97.852
2044.570	8.650	-97.632
2044.580	8.650	-97.485
2044.590	8.720	-97.485
2044.600	8.720	-97.266
2044.610	8.720	-97.485
2044.620	8.690	-97.485
2044.630	8.690	-97.778
2044.640	8.690	-97.778
2044.650	8.720	-97.998
2044.660	8.720	-97.192
2044.670	8.720	-97.778
2044.680	8.710	-97.998
2044.690	8.710	-97.925
2044.700	8.710	-97.778
2044.710	8.710	-97.778
2044.720	8.710	-97.559
2044.730	8.710	-97.339
2044.740	8.690	-97.339
2044.750	8.690	-96.973
2044.760	8.690	-96.826
2044.770	8.700	-96.826
2044.780	8.700	-96.680
2044.790	8.700	-96.606
2044.800	8.650	-96.606
2044.810	8.650	-96.533
2044.820	8.650	-96.606
2044.830	8.610	-96.606
2044.840	8.610	-96.460
2044.850	8.610	-96.313
2044.860	8.590	-96.167
2044.870	8.590	-95.947
2044.880	8.590	-95.728
2044.890	8.510	-95.728
2044.900	8.510	-95.581
2044.910	8.510	-95.142
2044.920	8.540	-95.142
2044.930	8.540	-94.849
2044.940	8.540	-94.409
2044.950	8.420	-94.409
2044.960	8.420	-94.336
2044.970	8.420	-94.189
2044.980	8.410	-94.189
2044.990	8.410	-93.896
2045.000	8.410	-93.823
2045.010	8.440	-93.823
2045.020	8.440	-93.823
2045.030	8.440	-93.604
2045.040	8.330	-93.604
2045.050	8.330	-93.457
2045.060	8.330	-93.311
2045.070	8.390	-93.311
2045.080	8.390	-92.944
2045.090	8.390	-92.432
2045.100	8.180	-92.432
2045.110	8.180	-92.212
2045.120	8.180	-91.772
2045.130	8.340	-91.772
2045.140	8.340	-91.479
2045.150	8.340	-91.113
2045.160	8.060	-91.113
2045.170	8.060	-90.674
2045.180	8.060	-90.527
2045.190	8.230	-90.454
2045.200	8.230	-90.381
2045.210	8.230	-90.234
2045.220	8.190	-90.601
2045.230	8.190	-90.015
2045.240	8.190	-89.648
2045.250	7.940	-89.648
2045.260	7.940	-89.209
2045.270	7.940	-88.989
2045.280	7.970	-89.062
2045.290	7.970	-88.623
2045.300	7.970	-88.477
2045.310	7.910	-88.403
2045.320	7.910	-87.305
2045.330	7.910	-87.378
2045.340	7.720	-87.598
2045.350	7.720	-86.865
2045.360	7.720	-86.938
2045.370	7.770	-87.085
2045.380	7.770	-86.133
2045.390	7.770	-85.913
2045.400	7.640	-85.693
2045.410	7.640	-85.181
2045.420	7.640	-85.034
2045.430	7.570	-84.888
2045.440	7.570	-84.229
2045.450	7.570	-84.155
2045.460	7.410	-84.155
2045.470	7.410	-83.203
2045.480	7.410	-83.276
2045.490	7.390	-83.130
2045.500	7.390	-82.764
2045.510	7.390	-82.178
2045.520	7.350	-82.251
2045.530	7.350	-81.812
2045.540	7.350	-81.372
2045.550	7.200	-81.299
2045.560	7.200	-80.273
2045.570	7.200	-80.273
2045.580	7.060	-80.347
2045.590	7.060	-79.614
2045.600	7.060	-79.028
2045.610	6.970	-79.175
2045.620	6.970	-78.516
2045.630	6.970	-77.856
2045.640	6.900	-78.003
2045.650	6.900	-77.490
2045.660	6.900	-77.124
2045.670	6.780	-76.831
2045.680	6.780	-75.952
2045.690	6.780	-75.806
2045.700	6.690	-76.099
2045.710	6.690	-75.146
2045.720	6.690	-74.927
2045.730	6.600	-74.854
2045.740	6.600	-74.048
2045.750	6.600	-73.462
2045.760	6.500	-73.389
2045.770	6.500	-72.876
2045.780	6.500	-72.510
2045.790	6.390	-72.437
2045.800	6.390	-71.265
2045.810	6.390	-71.191
2045.820	6.270	-70.972
2045.830	6.270	-70.312
2045.840	6.270	-69.800
2045.850	6.140	-69.800
2045.860	6.140	-68.628
2045.870	6.140	-68.335
2045.880	6.020	-68.335
2045.890	6.020	-67.603
2045.900	6.020	-67.090
2045.910	5.990	-67.090
2045.920	5.990	-66.284
2045.930	5.990	-65.479
2045.940	5.850	-64.893
2045.950	5.850	-64.893
2045.960	5.850	-64.307
2045.970	5.680	-64.307
2045.980	5.680	-63.647
2045.990	5.680	-62.915
2046.000	5.540	-62.915
2046.010	5.540	-62.109
2046.020	5.540	-61.377
2046.030	5.470	-61.377
2046.040	5.470	-61.011
2046.050	5.470	-59.985
2046.060	5.300	-59.985
2046.070	5.300	-59.473
2046.080	5.300	-58.594
2046.090	5.130	-58.594
2046.100	5.130	-57.935
2046.110	5.130	-56.909
2046.120	5.040	-56.909
2046.130	5.040	-56.689
2046.140	5.040	-55.664
2046.150	4.880	-55.664
2046.160	4.880	-54.858
2046.170	4.880	-53.760
2046.180	4.730	-53.760
2046.190	4.730	-53.540
2046.200	4.730	-52.222
2046.210	4.580	-52.222
2046.220	4.580	-51.709
2046.230	4.580	-50.391
2046.240	4.400	-50.391
2046.250	4.400	-50.171
2046.260	4.400	-48.999
2046.270	4.290	-48.999
2046.280	4.290	-48.193
2046.290	4.290	-47.534
2046.300	4.100	-47.168
2046.310	4.100	-46.582
2046.320	4.100	-45.996
2046.330	3.920	-45.630
2046.340	3.920	-44.897
2046.350	3.920	-44.019
2046.360	3.780	-43.799
2046.370	3.780	-43.140
2046.380	3.780	-42.700
2046.390	3.640	-42.041
2046.400	3.640	-41.455
2046.410	3.640	-40.649
2046.420	3.480	-40.137
2046.430	3.480	-39.478
2046.440	3.480	-38.745
2046.450	3.310	-38.599
2046.460	3.310	-37.646
2046.470	3.310	-37.061
2046.480	3.140	-36.255
2046.490	3.140	-35.596
2046.500	3.140	-35.083
2046.510	2.970	-34.644
2046.520	2.970	-33.838
2046.530	2.970	-33.252
2046.540	2.790	-32.739
2046.550	2.790	-31.641
2046.560	2.790	-31.274
2046.570	2.600	-30.615
2046.580	2.600	-30.103
2046.590	2.600	-29.443
2046.600	2.390	-28.638
2046.610	2.390	-27.979
2046.620	2.390	-27.393
2046.630	2.260	-26.587
2046.640	2.260	-26.074
2046.650	2.260	-25.488
2046.660	2.110	-24.829
2046.670	2.110	-24.023
2046.680	2.110	-23.437
2046.690	1.900	-22.925
2046.700	1.900	-22.266
2046.710	1.900	-21.387
2046.720	1.710	-20.874
2046.730	1.710	-20.215
2046.740	1.710	-19.409
2046.750	1.530	-18.970
2046.760	1.530	-18.384
2046.770	1.530	-17.505
2046.780	1.350	-16.846
2046.790	1.350	-16.406
2046.800	1.350	-15.454
2046.810	1.180	-15.161
2046.820	1.180	-14.282
2046.830	1.180	-13.770
2046.840	1.010	-13.110
2046.850	1.010	-12.085
2046.860	1.010	-11.353
2046.870	0.790	-10.913
2046.880	0.790	-10.107
2046.890	0.790	-9.375
2046.900	0.620	-8.862
2046.910	0.620	-7.910
2046.920	0.620	-7.251
2046.930	0.460	-6.372
2046.940	0.460	-6.006
2046.950	0.460	-5.640
2046.960	0.280	-4.834
2046.970	0.280	-4.248
2046.980	0.280	-3.662
2046.990	0.100	-2.856
2047.000	0.100	-2.344
2047.010	0.100	-1.831
2047.020	-0.070	-1.318
2047.030	-0.070	-0.659
2047.040	-0.070	0.146
2047.050	-0.230	1.025
2047.060	-0.230	1.465
2047.070	-0.230	1.978
2047.080	-0.370	2.417
2047.090	-0.370	2.930
2047.100	-0.370	3.735
2047.110	-0.530	4.248
2047.120	-0.530	4.761
2047.130	-0.530	5.493
2047.140	-0.660	5.786
2047.150	-0.660	5.933
2047.160	-0.660	6.812
2047.170	-0.800	7.471
2047.180	-0.800	8.276
2047.190	-0.800	8.643
2047.200	-0.960	9.155
2047.210	-0.960	9.668
2047.220	-0.960	10.400
2047.230	-1.130	10.547
2047.240	-1.130	11.499
2047.250	-1.130	12.231
2047.260	-1.280	12.524
2047.270	-1.280	13.184
2047.280	-1.280	13.550
2047.290	-1.420	14.209
2047.300	-1.420	14.795
2047.310	-1.420	15.454
2047.320	-1.560	15.674
2047.330	-1.560	16.479
2047.340	-1.560	16.699
2047.350	-1.690	17.432
2047.360	-1.690	18.091
2047.370	-1.690	18.311
2047.380	-1.870	19.043
2047.390	-1.870	19.336
2047.400	-1.870	19.995
2047.410	-1.990	20.435
2047.420	-1.990	21.240
2047.430	-1.990	21.533
2047.440	-2.150	22.559
2047.450	-2.150	22.778
2047.460	-2.150	23.291
2047.470	-2.310	23.950
2047.480	-2.310	24.316
2047.490	-2.310	25.195
2047.500	-2.440	25.269
2047.510	-2.440	26.147
2047.520	-2.440	27.246
2047.530	-2.590	27.466
2047.540	-2.590	27.466
2047.550	-2.590	28.271
2047.560	-2.760	29.224
2047.570	-2.760	29.224
2047.580	-2.760	30.322
2047.590	-2.890	31.274
2047.600	-2.890	31.421
2047.610	-2.890	31.787
2047.620	-3.020	32.593
2047.630	-3.020	33.105
2047.640	-3.020	33.545
2047.650	-3.170	33.545
2047.660	-3.170	34.277
2047.670	-3.170	34.644
2047.680	-3.330	35.449
2047.690	-3.330	36.035
2047.700	-3.330	36.255
2047.710	-3.490	36.987
2047.720	-3.490	37.354
2047.730	-3.490	37.866
2047.740	-3.620	38.672
2047.750	-3.620	39.258
2047.760	-3.620	39.624
2047.770	-3.750	40.210
2047.780	-3.750	40.356
2047.790	-3.750	41.016
2047.800	-3.870	41.821
2047.810	-3.870	42.114
2047.820	-3.870	42.993
2047.830	-4.040	43.213
2047.840	-4.040	43.433
2047.850	-4.040	43.726
2047.860	-4.200	44.824
2047.870	-4.200	45.264
2047.880	-4.200	45.850
2047.890	-4.300	46.362
2047.900	-4.300	46.729
2047.910	-4.300	47.314
2047.920	-4.480	48.047
2047.930	-4.480	48.486
2047.940	-4.480	49.072
2047.950	-4.580	49.951
2047.960	-4.580	49.805
2047.970	-4.580	50.391
2047.980	-4.760	50.830
2047.990	-4.760	51.489
2048.000	-4.760	51.855
2048.010	-4.870	52.295
2048.020	-4.870	52.734
2048.030	-4.870	53.247
2048.040	-5.020	53.760
2048.050	-5.020	54.126
2048.060	-5.020	54.785
2048.070	-5.110	55.591
2048.080	-5.110	55.664
2048.090	-5.110	56.177
2048.100	-5.290	56.763
2048.110	-5.290	57.422
2048.120	-5.290	57.568
2048.130	-5.400	58.301
2048.140	-5.400	58.447
2048.150	-5.400	58.887
2048.160	-5.500	59.619
2048.170	-5.500	59.619
2048.180	-5.500	60.498
2048.190	-5.620	60.645
2048.200	-5.620	61.011
2048.210	-5.620	61.450
2048.220	-5.740	62.329
2048.230	-5.740	62.549
2048.240	-5.740	63.428
2048.250	-5.890	63.647
2048.260	-5.890	63.647
2048.270	-5.890	64.673
2048.280	-6.000	64.673
2048.290	-6.000	65.625
2048.300	-6.000	65.918
2048.310	-6.100	65.918
2048.320	-6.100	66.211
2048.330	-6.100	66.724
2048.340	-6.220	67.456
2048.350	-6.220	67.822
2048.360	-6.220	68.262
2048.370	-6.340	68.774
2048.380	-6.340	69.141
2048.390	-6.340	69.653
2048.400	-6.460	70.020
2048.410	-6.460	70.312
2048.420	-6.460	70.679
2048.430	-6.550	71.191
2048.440	-6.550	71.411
2048.450	-6.550	71.851
2048.460	-6.600	72.510
2048.470	-6.600	72.656
2048.480	-6.600	72.876
2048.490	-6.720	73.389
2048.500	-6.720	73.389
2048.510	-6.720	74.268
2048.520	-6.780	74.634
2048.530	-6.780	74.707
2048.540	-6.780	75.586
2048.550	-6.940	75.586
2048.560	-6.940	75.513
2048.570	-6.940	76.245
2048.580	-7.080	76.831
2048.590	-7.080	77.051
2048.600	-7.080	77.783
2048.610	-7.080	77.783
2048.620	-7.080	77.930
2048.630	-7.080	78.882
2048.640	-7.240	78.882
2048.650	-7.240	79.614
2048.660	-7.240	79.834
2048.670	-7.310	80.420
2048.680	-7.310	80.493
2048.690	-7.310	81.006
2048.700	-7.430	81.079
2048.710	-7.430	81.738
2048.720	-7.430	81.958
2048.730	-7.520	82.324
2048.740	-7.520	82.397
2048.750	-7.520	82.471
2048.760	-7.550	83.350
2048.770	-7.550	82.983
2048.780	-7.550	83.643
2048.790	-7.700	83.716
2048.800	-7.700	84.009
2048.810	-7.700	84.302
2048.820	-7.720	85.181
2048.830	-7.720	84.814
2048.840	-7.720	85.474
2048.850	-7.860	85.474
2048.860	-7.860	85.254
2048.870	-7.860	85.913
2048.880	-7.890	86.499
2048.890	-7.890	86.279
2048.900	-7.890	86.499
2048.910	-7.810	86.426
2048.920	-7.810	85.620
2048.930	-7.810	85.986
2048.940	-7.840	86.279
2048.950	-7.840	85.913
2048.960	-7.840	85.767
2048.970	-7.690	85.181
2048.980	-7.690	84.521
2048.990	-7.690	84.448
2049.000	-7.600	84.302
2049.010	-7.600	83.423
2049.020	-7.600	83.643
2049.030	-7.420	83.057
2049.040	-7.420	82.178
2049.050	-7.420	82.031
2049.060	-7.400	82.178
2049.070	-7.400	81.592
2049.080	-7.400	80.859
2049.090	-7.250	81.006
2049.100	-7.250	80.347
2049.110	-7.250	80.127
2049.120	-7.260	80.127
2049.130	-7.260	80.127
2049.140	-7.260	79.834
2049.150	-7.190	79.834
2049.160	-7.190	79.541
2049.170	-7.190	79.980
2049.180	-7.250	79.980
2049.190	-7.250	79.907
2049.200	-7.250	80.054
2049.210	-7.290	80.054
2049.220	-7.290	79.980
2049.230	-7.290	80.273
2049.240	-7.290	80.273
2049.250	-7.290	80.859
2049.260	-7.290	80.933
2049.270	-7.370	80.933
2049.280	-7.370	81.006
2049.290	-7.370	81.152
2049.300	-7.400	81.152
2049.310	-7.400	81.445
2049.320	-7.400	81.665
2049.330	-7.420	81.665
2049.340	-7.420	82.031
2049.350	-7.420	82.104
2049.360	-7.480	82.397
2049.370	-7.480	82.178
2049.380	-7.480	82.104
2049.390	-7.380	82.544
2049.400	-7.380	82.324
2049.410	-7.380	82.251
2049.420	-7.440	82.251
2049.430	-7.440	82.178
2049.440	-7.440	81.812
2049.450	-7.380	81.592
2049.460	-7.380	81.299
2049.470	-7.380	81.299
2049.480	-7.340	81.665
2049.490	-7.340	80.640
2049.500	-7.340	80.933
2049.510	-7.270	80.786
2049.520	-7.270	80.273
2049.530	-7.270	80.273
2049.540	-7.280	80.493
2049.550	-7.280	80.127
2049.560	-7.280	79.907
2049.570	-7.180	80.054
2049.580	-7.180	79.321
2049.590	-7.180	79.395
2049.600	-7.230	79.541
2049.610	-7.230	79.175
2049.620	-7.230	79.102
2049.630	-7.110	79.248
2049.640	-7.110	78.662
2049.650	-7.110	78.589
2049.660	-7.210	79.102
2049.670	-7.210	78.442
2049.680	-7.210	78.442
2049.690	-7.200	79.175
2049.700	-7.200	78.296
2049.710	-7.200	78.149
2049.720	-7.120	78.882
2049.730	-7.120	78.149
2049.740	-7.120	78.296
2049.750	-7.180	78.809
2049.760	-7.180	78.076
2049.770	-7.180	78.149
2049.780	-7.100	78.809
2049.790	-7.100	78.003
2049.800	-7.100	78.223
2049.810	-7.130	78.809
2049.820	-7.130	78.003
2049.830	-7.130	78.076
2049.840	-7.080	77.856
2049.850	-7.080	77.856
2049.860	-7.080	77.930
2049.870	-7.070	78.442
2049.880	-7.070	77.710
2049.890	-7.070	77.637
2049.900	-7.040	78.369
2049.910	-7.040	77.637
2049.920	-7.040	77.637
2049.930	-7.050	78.076
2049.940	-7.050	77.417
2049.950	-7.050	77.344
2049.960	-6.960	78.003
2049.970	-6.960	77.197
2049.980	-6.960	77.197
2049.990	-6.980	77.271
2050.000	-6.980	76.245
2050.010	-6.980	76.758
2050.020	-6.900	77.124
2050.030	-6.900	76.245
2050.040	-6.900	76.538
2050.050	-6.930	76.685
2050.060	-6.930	75.732
2050.070	-6.930	75.879
2050.080	-6.820	76.172
2050.090	-6.820	76.172
2050.100	-6.820	76.025
2050.110	-6.850	75.513
2050.120	-6.850	75.073
2050.130	-6.850	75.073
2050.140	-6.720	75.439
2050.150	-6.720	74.854
2050.160	-6.720	74.927
2050.170	-6.700	74.854
2050.180	-6.700	74.194
2050.190	-6.700	73.901
2050.200	-6.720	74.194
2050.210	-6.720	74.121
2050.220	-6.720	73.901
2050.230	-6.600	73.901
2050.240	-6.600	72.803
2050.250	-6.600	72.949
2050.260	-6.610	73.096
2050.270	-6.610	72.656
2050.280	-6.610	72.583
2050.290	-6.500	72.363
2050.300	-6.500	71.997
2050.310	-6.500	71.558
2050.320	-6.460	71.631
2050.330	-6.460	71.265
2050.340	-6.460	71.265
2050.350	-6.410	70.972
2050.360	-6.410	70.312
2050.370	-6.410	70.166
2050.380	-6.350	70.312
2050.390	-6.350	69.946
2050.400	-6.350	69.653
2050.410	-6.230	69.580
2050.420	-6.230	69.067
2050.430	-6.230	68.921
2050.440	-6.210	68.555
2050.450	-6.210	68.335
2050.460	-6.210	68.115
2050.470	-6.140	67.969
2050.480	-6.140	67.236
2050.490	-6.140	67.163
2050.500	-6.010	66.870
2050.510	-6.010	66.211
2050.520	-6.010	66.064
2050.530	-5.930	66.211
2050.540	-5.930	65.405
2050.550	-5.930	65.259
2050.560	-5.870	65.039
2050.570	-5.870	64.526
2050.580	-5.870	64.307
2050.590	-5.790	64.160
2050.600	-5.790	63.574
2050.610	-5.790	63.574
2050.620	-5.700	63.135
2050.630	-5.700	62.109
2050.640	-5.700	62.476
2050.650	-5.600	62.329
2050.660	-5.600	61.377
2050.670	-5.600	61.084
2050.680	-5.480	61.084
2050.690	-5.480	60.425
2050.700	-5.480	60.059
2050.710	-5.350	60.132
2050.720	-5.350	59.399
2050.730	-5.350	59.399
2050.740	-5.220	58.813
2050.750	-5.220	58.008
2050.760	-5.220	58.228
2050.770	-5.100	57.788
2050.780	-5.100	57.275
2050.790	-5.100	56.763
2050.800	-4.980	56.616
2050.810	-4.980	55.737
2050.820	-4.980	55.664
2050.830	-4.870	55.151
2050.840	-4.870	54.712
2050.850	-4.870	54.492
2050.860	-4.840	53.906
2050.870	-4.840	53.174
2050.880	-4.840	52.588
2050.890	-4.720	52.368
2050.900	-4.720	51.709
2050.910	-4.720	51.562
2050.920	-4.570	51.196
2050.930	-4.570	50.757
2050.940	-4.570	50.244
2050.950	-4.420	49.805
2050.960	-4.420	49.219
2050.970	-4.420	48.926
2050.980	-4.270	48.779
2050.990	-4.270	48.193
2051.000	-4.270	47.974
2051.010	-4.180	47.241
2051.020	-4.180	46.362
2051.030	-4.180	45.850
2051.040	-4.080	45.483
2051.050	-4.080	44.897
2051.060	-4.080	44.678
2051.070	-3.900	44.385
2051.080	-3.900	43.726
2051.090	-3.900	43.066
2051.100	-3.830	42.627
2051.110	-3.830	42.041
2051.120	-3.830	41.675
2051.130	-3.640	41.382
2051.140	-3.640	41.016
2051.150	-3.640	40.356
2051.160	-3.530	39.844
2051.170	-3.530	39.111
2051.180	-3.530	38.525
2051.190	-3.370	38.599
2051.200	-3.370	37.720
2051.210	-3.370	37.207
2051.220	-3.230	36.841
2051.230	-3.230	36.255
2051.240	-3.230	35.449
2051.250	-3.060	35.010
2051.260	-3.060	34.570
2051.270	-3.060	33.984
2051.280	-2.950	33.472
2051.290	-2.950	32.739
2051.300	-2.950	32.300
2051.310	-2.760	31.787
2051.320	-2.760	31.201
2051.330	-2.760	30.542
2051.340	-2.620	30.322
2051.350	-2.620	29.663
2051.360	-2.620	28.784
2051.370	-2.480	28.271
2051.380	-2.480	27.759
2051.390	-2.480	27.026
2051.400	-2.340	26.440
2051.410	-2.340	26.074
2051.420	-2.340	25.342
2051.430	-2.180	24.902
2051.440	-2.180	23.950
2051.450	-2.180	23.584
2051.460	-2.010	23.291
2051.470	-2.010	22.778
2051.480	-2.010	22.266
2051.490	-1.840	21.313
2051.500	-1.840	21.021
2051.510	-1.840	20.288
2051.520	-1.680	19.849
2051.530	-1.680	19.116
2051.540	-1.680	18.530
2051.550	-1.520	18.018
2051.560	-1.520	17.212
2051.570	-1.520	16.626
2051.580	-1.370	15.894
2051.590	-1.370	15.674
2051.600	-1.370	14.941
2051.610	-1.190	14.136
2051.620	-1.190	13.403
2051.630	-1.190	13.037
2051.640	-1.010	12.451
2051.650	-1.010	11.792
2051.660	-1.010	11.060
2051.670	-0.860	10.254
2051.680	-0.860	9.888
2051.690	-0.860	9.229
2051.700	-0.670	8.496
2051.710	-0.670	7.910
2051.720	-0.670	7.471
2051.730	-0.460	6.665
2051.740	-0.460	6.006
2051.750	-0.460	5.127
2051.760	-0.310	4.614
2051.770	-0.310	4.028
2051.780	-0.310	3.149
2051.790	-0.120	2.563
2051.800	-0.120	1.978
2051.810	-0.120	1.465
2051.820	0.030	0.732
2051.830	0.030	0.073
2051.840	0.030	-0.513
2051.850	0.230	-1.172
2051.860	0.230	-1.831
2051.870	0.230	-2.344
2051.880	0.410	-2.930
2051.890	0.410	-3.882
2051.900	0.410	-4.468
2051.910	0.560	-5.054
2051.920	0.560	-5.713
2051.930	0.560	-6.372
2051.940	0.720	-7.031
2051.950	0.720	-7.617
2051.960	0.720	-7.983
2051.970	0.880	-8.789
2051.980	0.880	-9.229
2051.990	0.880	-9.814
2052.000	1.050	-10.327
2052.010	1.050	-11.133
2052.020	1.050	-11.938
2052.030	1.200	-12.744
2052.040	1.200	-13.403
2052.050	1.200	-13.403
2052.060	1.360	-13.989
2052.070	1.360	-14.575
2052.080	1.360	-15.454
2052.090	1.500	-15.601
2052.100	1.500	-16.187
2052.110	1.500	-16.699
2052.120	1.630	-17.139
2052.130	1.630	-18.018
2052.140	1.630	-18.384
2052.150	1.770	-18.970
2052.160	1.770	-19.263
2052.170	1.770	-19.849
2052.180	1.920	-20.068
2052.190	1.920	-20.801
2052.200	1.920	-21.313
2052.210	2.050	-21.973
2052.220	2.050	-22.119
2052.230	2.050	-22.632
2052.240	2.180	-23.364
2052.250	2.180	-23.730
2052.260	2.180	-24.390
2052.270	2.310	-24.756
2052.280	2.310	-25.342
2052.290	2.310	-25.635
2052.300	2.450	-26.514
2052.310	2.450	-26.660
2052.320	2.450	-27.246
2052.330	2.570	-27.686
2052.340	2.570	-28.198
2052.350	2.570	-28.564
2052.360	2.730	-29.297
2052.370	2.730	-29.736
2052.380	2.730	-30.249
2052.390	2.850	-31.055
2052.400	2.850	-31.201
2052.410	2.850	-31.641
2052.420	3.010	-32.520
2052.430	3.010	-32.886
2052.440	3.010	-33.325
2052.450	3.130	-33.911
2052.460	3.130	-34.424
2052.470	3.130	-34.937
2052.480	3.270	-35.449
2052.490	3.270	-35.815
2052.500	3.270	-36.328
2052.510	3.410	-37.134
2052.520	3.410	-37.354
2052.530	3.410	-38.086
2052.540	3.520	-38.452
2052.550	3.520	-38.818
2052.560	3.520	-39.404
2052.570	3.640	-39.990
2052.580	3.640	-40.210
2052.590	3.640	-40.649
2052.600	3.800	-41.455
2052.610	3.800	-41.748
2052.620	3.800	-42.334
2052.630	3.950	-42.920
2052.640	3.950	-43.506
2052.650	3.950	-43.945
2052.660	4.100	-44.458
2052.670	4.100	-44.678
2052.680	4.100	-46.069
2052.690	4.240	-46.069
2052.700	4.240	-46.362
2052.710	4.240	-47.168
2052.720	4.350	-47.168
2052.730	4.350	-47.314
2052.740	4.350	-48.413
2052.750	4.460	-48.413
2052.760	4.460	-48.999
2052.770	4.460	-49.805
2052.780	4.610	-49.805
2052.790	4.610	-50.610
2052.800	4.610	-51.562
2052.810	4.730	-51.562
2052.820	4.730	-52.002
2052.830	4.730	-52.808
2052.840	4.840	-53.540
2052.850	4.840	-53.833
2052.860	4.840	-54.565
2052.870	5.000	-54.565
2052.880	5.000	-55.298
2052.890	5.000	-55.444
2052.900	5.150	-56.396
2052.910	5.150	-56.616
2052.920	5.150	-57.422
2052.930	5.250	-57.568
2052.940	5.250	-58.081
2052.950	5.250	-58.374
2052.960	5.430	-59.033
2052.970	5.430	-59.839
2052.980	5.430	-59.839
2052.990	5.530	-60.571
2053.000	5.530	-60.645
2053.010	5.530	-61.157
2053.020	5.620	-61.743
2053.030	5.620	-62.476
2053.040	5.620	-62.549
2053.050	5.790	-63.281
2053.060	5.790	-63.354
2053.070	5.790	-63.721
2053.080	5.910	-64.966
2053.090	5.910	-64.966
2053.100	5.910	-65.332
2053.110	6.000	-65.845
2053.120	6.000	-65.991
2053.130	6.000	-66.357
2053.140	6.180	-66.870
2053.150	6.180	-67.456
2053.160	6.180	-68.408
2053.170	6.260	-68.408
2053.180	6.260	-68.262
2053.190	6.260	-69.360
2053.200	6.350	-69.360
2053.210	6.350	-70.093
2053.220	6.350	-70.605
2053.230	6.520	-71.265
2053.240	6.520	-71.777
2053.250	6.520	-71.997
2053.260	6.600	-72.510
2053.270	6.600	-72.656
2053.280	6.600	-73.022
2053.290	6.660	-74.121
2053.300	6.660	-74.194
2053.310	6.660	-74.561
2053.320	6.740	-74.854
2053.330	6.740	-74.927
2053.340	6.740	-75.439
2053.350	6.860	-76.099
2053.360	6.860	-76.245
2053.370	6.860	-76.978
2053.380	6.970	-77.417
2053.390	6.970	-76.978
2053.400	6.970	-77.710
2053.410	7.060	-78.442
2053.420	7.060	-78.589
2053.430	7.060	-78.955
2053.440	7.150	-79.541
2053.450	7.150	-79.395
2053.460	7.150	-80.054
2053.470	7.310	-80.420
2053.480	7.310	-81.006
2053.490	7.310	-81.226
2053.500	7.370	-81.738
2053.510	7.370	-81.445
2053.520	7.370	-82.251
2053.530	7.430	-83.203
2053.540	7.430	-82.690
2053.550	7.430	-83.423
2053.560	7.520	-83.496
2053.570	7.520	-83.789
2053.580	7.520	-84.155
2053.590	7.670	-84.888
2053.600	7.670	-84.741
2053.610	7.670	-85.400
2053.620	7.780	-85.400
2053.630	7.780	-85.181
2053.640	7.780	-86.206
2053.650	7.810	-86.865
2053.660	7.810	-86.938
2053.670	7.810	-87.085
2053.680	7.900	-87.305
2053.690	7.900	-87.451
2053.700	7.900	-87.964
2053.710	7.980	-88.623
2053.720	7.980	-88.770
2053.730	7.980	-89.136
2053.740	8.120	-89.282
2053.750	8.120	-89.209
2053.760	8.120	-89.868
2053.770	8.100	-90.601
2053.780	8.100	-90.601
2053.790	8.100	-90.820
2053.800	8.300	-91.113
2053.810	8.300	-90.747
2053.820	8.300	-91.333
2053.830	8.270	-91.846
2053.840	8.270	-91.846
2053.850	8.270	-92.065
2053.860	8.400	-92.212
2053.870	8.400	-92.065
2053.880	8.400	-92.505
2053.890	8.480	-93.018
2053.900	8.480	-93.164
2053.910	8.480	-93.677
2053.920	8.510	-93.896
2053.930	8.510	-93.677
2053.940	8.510	-94.116
2053.950	8.640	-94.482
2053.960	8.640	-94.922
2053.970	8.640	-95.435
2053.980	8.560	-95.435
2053.990	8.560	-95.508
2054.000	8.560	-95.801
2054.010	8.690	-96.167
2054.020	8.690	-96.167
2054.030	8.690	-96.680
2054.040	8.700	-96.753
2054.050	8.700	-96.753
2054.060	8.700	-96.680
2054.070	8.670	-96.826
2054.080	8.670	-96.753
2054.090	8.670	-96.680
2054.100	8.690	-97.266
2054.110	8.690	-96.680
2054.120	8.690	-96.753
2054.130	8.580	-96.533
2054.140	8.580	-96.240
2054.150	8.580	-95.947
2054.160	8.540	-96.094
2054.170	8.540	-95.288
2054.180	8.540	-95.142
2054.190	8.360	-94.775
2054.200	8.360	-93.457
2054.210	8.360	-93.384
2054.220	8.310	-93.530
2054.230	8.310	-92.651
2054.240	8.310	-92.432
2054.250	8.170	-91.992
2054.260	8.170	-91.333
2054.270	8.170	-91.406
2054.280	8.180	-91.479
2054.290	8.180	-90.820
2054.300	8.180	-90.967
2054.310	8.090	-90.894
2054.320	8.090	-90.161
