% Time (s)	Gyro Output (rads/s)	Input Rate (RPM)	%9/1/20201:35 PM
0.000	0.000	0.000
1344.610	-0.030	0.000
1344.620	-0.030	0.000
1344.630	-0.030	0.000
1344.640	-0.030	0.000
1344.650	-0.030	0.000
1344.660	-0.020	0.000
1344.670	-0.020	0.000
1344.680	-0.020	0.000
1344.690	-0.030	0.000
1344.700	-0.030	-0.073
1344.710	-0.030	-0.146
1344.720	0.020	-0.220
1344.730	0.020	-0.366
1344.740	0.020	-0.513
1344.750	0.110	-0.806
1344.760	0.110	-1.099
1344.770	0.110	-1.465
1344.780	0.180	-1.758
1344.790	0.180	-2.051
1344.800	0.180	-2.271
1344.810	0.250	-2.490
1344.820	0.250	-2.930
1344.830	0.250	-3.296
1344.840	0.310	-3.589
1344.850	0.310	-3.662
1344.860	0.310	-3.662
1344.870	0.370	-3.735
1344.880	0.370	-3.955
1344.890	0.370	-4.175
1344.900	0.410	-4.395
1344.910	0.410	-4.541
1344.920	0.410	-4.614
1344.930	0.430	-4.834
1344.940	0.430	-4.834
1344.950	0.430	-4.834
1344.960	0.450	-4.980
1344.970	0.450	-5.200
1344.980	0.450	-5.273
1344.990	0.460	-5.273
1345.000	0.460	-5.273
1345.010	0.460	-5.566
1345.020	0.460	-5.640
1345.030	0.460	-5.273
1345.040	0.460	-5.200
1345.050	0.460	-5.347
1345.060	0.460	-5.493
1345.070	0.460	-5.347
1345.080	0.430	-5.200
1345.090	0.430	-5.127
1345.100	0.430	-5.054
1345.110	0.400	-4.907
1345.120	0.400	-4.687
1345.130	0.400	-4.614
1345.140	0.340	-4.541
1345.150	0.340	-4.248
1345.160	0.340	-3.882
1345.170	0.270	-3.735
1345.180	0.270	-3.589
1345.190	0.270	-3.442
1345.200	0.200	-3.223
1345.210	0.200	-2.783
1345.220	0.200	-2.490
1345.230	0.120	-2.344
1345.240	0.120	-2.124
1345.250	0.120	-1.904
1345.260	0.040	-1.685
1345.270	0.040	-1.318
1345.280	0.040	-1.025
1345.290	-0.030	-0.659
1345.300	-0.030	-0.293
1345.310	-0.030	0.000
1345.320	-0.130	0.366
1345.330	-0.130	0.806
1345.340	-0.130	1.318
1345.350	-0.230	1.611
1345.360	-0.230	1.904
1345.370	-0.230	2.197
1345.380	-0.340	2.563
1345.390	-0.340	2.930
1345.400	-0.340	3.516
1345.410	-0.450	3.955
1345.420	-0.450	4.248
1345.430	-0.450	4.541
1345.440	-0.550	4.907
1345.450	-0.550	5.127
1345.460	-0.550	5.420
1345.470	-0.660	6.079
1345.480	-0.660	6.592
1345.490	-0.660	6.958
1345.500	-0.760	7.251
1345.510	-0.760	7.397
1345.520	-0.760	8.350
1345.530	-0.840	8.350
1345.540	-0.840	8.496
1345.550	-0.840	9.375
1345.560	-0.940	9.375
1345.570	-0.940	9.814
1345.580	-0.940	10.547
1345.590	-1.050	10.547
1345.600	-1.050	10.547
1345.610	-1.050	11.719
1345.620	-1.150	11.719
1345.630	-1.150	12.231
1345.640	-1.150	12.598
1345.650	-1.240	13.257
1345.660	-1.240	13.257
1345.670	-1.240	13.770
1345.680	-1.330	13.770
1345.690	-1.330	13.989
1345.700	-1.330	14.575
1345.710	-1.440	14.575
1345.720	-1.440	15.088
1345.730	-1.440	15.747
1345.740	-1.520	15.747
1345.750	-1.520	15.894
1345.760	-1.520	16.846
1345.770	-1.590	16.846
1345.780	-1.590	16.846
1345.790	-1.590	17.725
1345.800	-1.670	17.725
1345.810	-1.670	17.871
1345.820	-1.670	18.091
1345.830	-1.730	18.091
1345.840	-1.730	18.530
1345.850	-1.730	19.043
1345.860	-1.810	19.043
1345.870	-1.810	19.263
1345.880	-1.810	19.702
1345.890	-1.840	19.702
1345.900	-1.840	19.629
1345.910	-1.840	19.922
1345.920	-1.910	19.922
1345.930	-1.910	20.435
1345.940	-1.910	20.728
1345.950	-1.920	20.728
1345.960	-1.920	20.801
1345.970	-1.920	20.874
1345.980	-1.970	20.874
1345.990	-1.970	20.654
1346.000	-1.970	21.167
1346.010	-1.960	21.021
1346.020	-1.960	21.313
1346.030	-1.960	21.167
1346.040	-1.970	21.313
1346.050	-1.970	21.313
1346.060	-1.970	21.387
1346.070	-1.940	21.387
1346.080	-1.940	21.313
1346.090	-1.940	21.313
1346.100	-1.940	21.313
1346.110	-1.940	21.313
1346.120	-1.940	21.094
1346.130	-1.900	21.094
1346.140	-1.900	20.874
1346.150	-1.900	20.581
1346.160	-1.870	20.581
1346.170	-1.870	20.068
1346.180	-1.870	19.849
1346.190	-1.800	19.849
1346.200	-1.800	19.922
1346.210	-1.800	19.482
1346.220	-1.740	19.482
1346.230	-1.740	19.189
1346.240	-1.740	18.677
1346.250	-1.660	18.677
1346.260	-1.660	18.311
1346.270	-1.660	17.871
1346.280	-1.590	17.871
1346.290	-1.590	17.505
1346.300	-1.590	16.699
1346.310	-1.480	16.699
1346.320	-1.480	16.406
1346.330	-1.480	15.601
1346.340	-1.390	15.601
1346.350	-1.390	15.088
1346.360	-1.390	14.502
1346.370	-1.280	14.502
1346.380	-1.280	14.209
1346.390	-1.280	13.550
1346.400	-1.150	13.550
1346.410	-1.150	12.671
1346.420	-1.150	12.231
1346.430	-1.030	12.231
1346.440	-1.030	11.792
1346.450	-1.030	10.474
1346.460	-0.920	10.474
1346.470	-0.920	10.474
1346.480	-0.920	9.155
1346.490	-0.770	9.155
1346.500	-0.770	8.789
1346.510	-0.770	8.423
1346.520	-0.630	7.544
1346.530	-0.630	6.958
1346.540	-0.630	6.372
1346.550	-0.490	6.226
1346.560	-0.490	5.859
1346.570	-0.490	5.127
1346.580	-0.360	4.687
1346.590	-0.360	4.248
1346.600	-0.360	3.589
1346.610	-0.230	3.149
1346.620	-0.230	2.490
1346.630	-0.230	1.978
1346.640	-0.100	1.978
1346.650	-0.100	1.392
1346.660	-0.100	0.952
1346.670	0.010	0.513
1346.680	0.010	0.146
1346.690	0.010	-0.146
1346.700	0.100	-0.513
1346.710	0.100	-0.806
1346.720	0.100	-1.172
1346.730	0.190	-1.685
1346.740	0.190	-2.124
1346.750	0.190	-2.490
1346.760	0.280	-2.710
1346.770	0.280	-2.930
1346.780	0.280	-3.149
1346.790	0.360	-3.589
1346.800	0.360	-3.882
1346.810	0.360	-4.175
1346.820	0.430	-4.395
1346.830	0.430	-4.614
1346.840	0.430	-4.907
1346.850	0.510	-5.054
1346.860	0.510	-5.273
1346.870	0.510	-5.713
1346.880	0.570	-6.079
1346.890	0.570	-6.152
1346.900	0.570	-6.519
1346.910	0.620	-6.812
1346.920	0.620	-6.885
1346.930	0.620	-6.885
1346.940	0.650	-7.104
1346.950	0.650	-7.251
1346.960	0.650	-7.617
1346.970	0.680	-7.764
1346.980	0.680	-7.617
1346.990	0.680	-7.837
1347.000	0.700	-7.764
1347.010	0.700	-8.130
1347.020	0.700	-8.130
1347.030	0.700	-8.276
1347.040	0.700	-7.910
1347.050	0.700	-8.057
1347.060	0.690	-7.983
1347.070	0.690	-7.690
1347.080	0.690	-7.983
1347.090	0.670	-7.983
1347.100	0.670	-7.617
1347.110	0.670	-7.471
1347.120	0.640	-7.471
1347.130	0.640	-7.251
1347.140	0.640	-7.251
1347.150	0.590	-7.324
1347.160	0.590	-7.104
1347.170	0.590	-6.885
1347.180	0.540	-6.445
1347.190	0.540	-6.299
1347.200	0.540	-6.299
1347.210	0.490	-6.152
1347.220	0.490	-5.566
1347.230	0.490	-5.493
1347.240	0.430	-5.493
1347.250	0.430	-5.054
1347.260	0.430	-4.761
1347.270	0.350	-4.614
1347.280	0.350	-4.395
1347.290	0.350	-3.955
1347.300	0.260	-3.589
1347.310	0.260	-3.369
1347.320	0.260	-3.223
1347.330	0.160	-2.930
1347.340	0.160	-2.417
1347.350	0.160	-2.051
1347.360	0.050	-1.758
1347.370	0.050	-1.465
1347.380	0.050	-1.172
1347.390	-0.060	-0.806
1347.400	-0.060	-0.293
1347.410	-0.060	0.146
1347.420	-0.160	0.586
1347.430	-0.160	1.025
1347.440	-0.160	1.318
1347.450	-0.260	1.685
1347.460	-0.260	1.978
1347.470	-0.260	2.417
1347.480	-0.360	3.003
1347.490	-0.360	3.296
1347.500	-0.360	3.442
1347.510	-0.460	3.735
1347.520	-0.460	4.175
1347.530	-0.460	4.614
1347.540	-0.550	4.907
1347.550	-0.550	5.127
1347.560	-0.550	5.713
1347.570	-0.650	6.079
1347.580	-0.650	6.079
1347.590	-0.650	6.665
1347.600	-0.740	6.958
1347.610	-0.740	7.178
1347.620	-0.740	7.690
1347.630	-0.840	7.910
1347.640	-0.840	8.496
1347.650	-0.840	8.789
1347.660	-0.930	9.009
1347.670	-0.930	9.448
1347.680	-0.930	10.034
1347.690	-1.030	10.400
1347.700	-1.030	11.060
1347.710	-1.030	11.060
1347.720	-1.100	11.279
1347.730	-1.100	11.426
1347.740	-1.100	11.792
1347.750	-1.180	12.305
1347.760	-1.180	12.598
1347.770	-1.180	12.524
1347.780	-1.260	12.964
1347.790	-1.260	13.330
1347.800	-1.260	13.330
1347.810	-1.310	13.623
1347.820	-1.310	13.696
1347.830	-1.310	14.062
1347.840	-1.370	14.355
1347.850	-1.370	14.429
1347.860	-1.370	14.502
1347.870	-1.430	15.088
1347.880	-1.430	15.088
1347.890	-1.430	15.088
1347.900	-1.450	15.820
1347.910	-1.450	15.674
1347.920	-1.450	15.601
1347.930	-1.500	16.040
1347.940	-1.500	15.967
1347.950	-1.500	15.967
1347.960	-1.510	16.333
1347.970	-1.510	16.260
1347.980	-1.510	16.040
1347.990	-1.540	16.406
1348.000	-1.540	16.333
1348.010	-1.540	16.333
1348.020	-1.530	16.626
1348.030	-1.530	16.479
1348.040	-1.530	16.479
1348.050	-1.530	16.626
1348.060	-1.530	16.406
1348.070	-1.530	16.479
1348.080	-1.490	16.626
1348.090	-1.490	16.260
1348.100	-1.490	16.260
1348.110	-1.490	16.260
1348.120	-1.490	16.040
1348.130	-1.490	16.040
1348.140	-1.430	15.747
1348.150	-1.430	15.601
1348.160	-1.430	15.601
1348.170	-1.400	15.234
1348.180	-1.400	15.234
1348.190	-1.400	14.941
1348.200	-1.320	14.722
1348.210	-1.320	14.575
1348.220	-1.320	14.136
1348.230	-1.250	13.989
1348.240	-1.250	13.696
1348.250	-1.250	13.696
1348.260	-1.160	13.037
1348.270	-1.160	12.964
1348.280	-1.160	12.378
1348.290	-1.050	12.451
1348.300	-1.050	11.719
1348.310	-1.050	11.279
1348.320	-0.950	11.353
1348.330	-0.950	10.620
1348.340	-0.950	10.547
1348.350	-0.850	9.814
1348.360	-0.850	9.521
1348.370	-0.850	9.155
1348.380	-0.740	8.862
1348.390	-0.740	8.203
1348.400	-0.740	7.690
1348.410	-0.630	7.690
1348.420	-0.630	6.958
1348.430	-0.630	5.786
1348.440	-0.500	5.786
1348.450	-0.500	5.566
1348.460	-0.500	4.687
1348.470	-0.360	4.687
1348.480	-0.360	4.248
1348.490	-0.360	3.296
1348.500	-0.220	3.296
1348.510	-0.220	2.783
1348.520	-0.220	2.051
1348.530	-0.090	2.051
1348.540	-0.090	1.758
1348.550	-0.090	0.513
1348.560	0.040	0.513
1348.570	0.040	0.000
1348.580	0.040	-1.172
1348.590	0.160	-1.172
1348.600	0.160	-1.685
1348.610	0.160	-2.417
1348.620	0.290	-2.417
1348.630	0.290	-2.783
1348.640	0.290	-3.809
1348.650	0.400	-3.809
1348.660	0.400	-4.102
1348.670	0.400	-4.980
1348.680	0.500	-4.980
1348.690	0.500	-5.200
1348.700	0.500	-5.786
1348.710	0.580	-5.786
1348.720	0.580	-6.372
1348.730	0.580	-7.178
1348.740	0.670	-7.178
1348.750	0.670	-7.397
1348.760	0.670	-8.057
1348.770	0.750	-8.057
1348.780	0.750	-8.057
1348.790	0.750	-8.936
1348.800	0.830	-8.936
1348.810	0.830	-9.082
1348.820	0.830	-9.595
1348.830	0.890	-9.595
1348.840	0.890	-9.888
1348.850	0.890	-10.400
1348.860	0.950	-10.400
1348.870	0.950	-10.400
1348.880	0.950	-10.840
1348.890	1.000	-10.840
1348.900	1.000	-11.133
1348.910	1.000	-11.719
1348.920	1.050	-11.719
1348.930	1.050	-11.646
1348.940	1.050	-11.865
1348.950	1.090	-11.865
1348.960	1.090	-12.158
1348.970	1.090	-12.158
1348.980	1.100	-12.158
1348.990	1.100	-12.524
1349.000	1.100	-12.451
1349.010	1.110	-12.451
1349.020	1.110	-12.231
1349.030	1.110	-12.451
1349.040	1.120	-12.451
1349.050	1.120	-12.744
1349.060	1.120	-12.817
1349.070	1.110	-12.378
1349.080	1.110	-12.378
1349.090	1.110	-12.231
1349.100	1.080	-12.231
1349.110	1.080	-12.524
1349.120	1.080	-12.158
1349.130	1.050	-12.158
1349.140	1.050	-12.085
1349.150	1.050	-11.792
1349.160	1.020	-11.792
1349.170	1.020	-11.572
1349.180	1.020	-11.426
1349.190	0.970	-11.426
1349.200	0.970	-11.206
1349.210	0.970	-10.840
1349.220	0.890	-10.840
1349.230	0.890	-10.327
1349.240	0.890	-9.741
1349.250	0.820	-9.741
1349.260	0.820	-9.668
1349.270	0.820	-9.155
1349.280	0.750	-9.155
1349.290	0.750	-8.643
1349.300	0.750	-8.423
1349.310	0.670	-8.423
1349.320	0.670	-7.837
1349.330	0.670	-7.178
1349.340	0.570	-7.178
1349.350	0.570	-6.958
1349.360	0.570	-6.226
1349.370	0.470	-6.226
1349.380	0.470	-6.152
1349.390	0.470	-5.127
1349.400	0.360	-5.127
1349.410	0.360	-4.761
1349.420	0.360	-4.028
1349.430	0.240	-4.028
1349.440	0.240	-3.442
1349.450	0.240	-2.710
1349.460	0.130	-2.710
1349.470	0.130	-2.344
1349.480	0.130	-1.318
1349.490	0.040	-1.318
1349.500	0.040	-1.025
1349.510	0.040	-0.732
1349.520	-0.060	-0.439
1349.530	-0.060	-0.146
1349.540	-0.060	0.146
1349.550	-0.150	0.366
1349.560	-0.150	0.732
1349.570	-0.150	1.025
1349.580	-0.250	1.318
1349.590	-0.250	1.758
1349.600	-0.250	2.344
1349.610	-0.350	2.710
1349.620	-0.350	3.076
1349.630	-0.350	3.369
1349.640	-0.440	3.955
1349.650	-0.440	4.395
1349.660	-0.440	4.614
1349.670	-0.540	4.907
1349.680	-0.540	5.420
1349.690	-0.540	5.786
1349.700	-0.630	5.859
1349.710	-0.630	6.226
1349.720	-0.630	6.519
1349.730	-0.720	6.738
1349.740	-0.720	6.885
1349.750	-0.720	7.251
1349.760	-0.780	7.690
1349.770	-0.780	8.203
1349.780	-0.780	8.130
1349.790	-0.850	8.350
1349.800	-0.850	8.789
1349.810	-0.850	8.862
1349.820	-0.910	9.229
1349.830	-0.910	9.375
1349.840	-0.910	9.741
1349.850	-0.970	9.888
1349.860	-0.970	10.254
1349.870	-0.970	10.181
1349.880	-1.040	10.693
1349.890	-1.040	10.767
1349.900	-1.040	10.913
1349.910	-1.060	11.060
1349.920	-1.060	11.206
1349.930	-1.060	11.572
1349.940	-1.100	11.719
1349.950	-1.100	11.572
1349.960	-1.100	11.646
1349.970	-1.120	11.865
1349.980	-1.120	11.938
1349.990	-1.120	11.792
1350.000	-1.120	11.938
1350.010	-1.120	12.085
1350.020	-1.120	12.158
1350.030	-1.120	12.012
1350.040	-1.120	12.012
1350.050	-1.120	12.085
1350.060	-1.110	12.085
1350.070	-1.110	11.792
1350.080	-1.110	11.865
1350.090	-1.100	12.012
1350.100	-1.100	11.938
1350.110	-1.100	11.572
1350.120	-1.060	11.572
1350.130	-1.060	11.353
1350.140	-1.060	11.353
1350.150	-1.020	11.206
1350.160	-1.020	10.767
1350.170	-1.020	11.133
1350.180	-0.940	10.620
1350.190	-0.940	10.620
1350.200	-0.940	10.034
1350.210	-0.890	10.034
1350.220	-0.890	9.741
1350.230	-0.890	9.448
1350.240	-0.800	9.155
1350.250	-0.800	8.936
1350.260	-0.800	8.643
1350.270	-0.710	8.057
1350.280	-0.710	7.983
1350.290	-0.710	7.251
1350.300	-0.620	7.251
1350.310	-0.620	6.958
1350.320	-0.620	6.665
1350.330	-0.520	6.299
1350.340	-0.520	5.786
1350.350	-0.520	5.127
1350.360	-0.420	5.127
1350.370	-0.420	4.834
1350.380	-0.420	4.395
1350.390	-0.310	4.102
1350.400	-0.310	3.735
1350.410	-0.310	2.637
1350.420	-0.180	2.637
1350.430	-0.180	2.271
1350.440	-0.180	1.904
1350.450	-0.040	1.611
1350.460	-0.040	1.172
1350.470	-0.040	0.659
1350.480	0.060	0.000
1350.490	0.060	-0.659
1350.500	0.060	-1.172
1350.510	0.190	-1.538
1350.520	0.190	-1.904
1350.530	0.190	-2.271
1350.540	0.320	-2.710
1350.550	0.320	-3.369
1350.560	0.320	-3.809
1350.570	0.440	-4.175
1350.580	0.440	-4.614
1350.590	0.440	-5.127
1350.600	0.550	-5.347
1350.610	0.550	-5.640
1350.620	0.550	-6.299
1350.630	0.660	-6.738
1350.640	0.660	-7.178
1350.650	0.660	-7.544
1350.660	0.750	-7.690
1350.670	0.750	-8.276
1350.680	0.750	-8.496
1350.690	0.860	-8.862
1350.700	0.860	-9.229
1350.710	0.860	-9.595
1350.720	0.940	-9.961
1350.730	0.940	-10.254
1350.740	0.940	-10.620
1350.750	1.020	-10.767
1350.760	1.020	-11.279
1350.770	1.020	-11.792
1350.780	1.100	-11.865
1350.790	1.100	-12.012
1350.800	1.100	-12.305
1350.810	1.180	-12.964
1350.820	1.180	-12.891
1350.830	1.180	-13.257
1350.840	1.250	-13.770
1350.850	1.250	-13.696
1350.860	1.250	-13.989
1350.870	1.300	-14.136
1350.880	1.300	-14.282
1350.890	1.300	-14.575
1350.900	1.340	-15.088
1350.910	1.340	-14.722
1350.920	1.340	-15.161
1350.930	1.390	-15.454
1350.940	1.390	-14.941
1350.950	1.390	-15.601
1350.960	1.420	-15.894
1350.970	1.420	-15.454
1350.980	1.420	-15.894
1350.990	1.430	-16.040
1351.000	1.430	-15.601
1351.010	1.430	-16.040
1351.020	1.430	-16.187
1351.030	1.430	-15.820
1351.040	1.430	-16.113
1351.050	1.440	-16.187
1351.060	1.440	-15.747
1351.070	1.440	-16.113
1351.080	1.420	-16.260
1351.090	1.420	-15.894
1351.100	1.420	-16.040
1351.110	1.400	-16.113
1351.120	1.400	-15.601
1351.130	1.400	-15.747
1351.140	1.370	-15.894
1351.150	1.370	-15.308
1351.160	1.370	-15.381
1351.170	1.320	-15.308
1351.180	1.320	-14.722
1351.190	1.320	-14.722
1351.200	1.260	-14.722
1351.210	1.260	-14.282
1351.220	1.260	-14.209
1351.230	1.200	-13.916
1351.240	1.200	-13.770
1351.250	1.200	-13.477
1351.260	1.120	-13.403
1351.270	1.120	-12.891
1351.280	1.120	-13.110
1351.290	1.040	-12.451
1351.300	1.040	-12.085
1351.310	1.040	-11.719
1351.320	0.940	-11.499
1351.330	0.940	-11.279
1351.340	0.940	-10.400
1351.350	0.830	-10.400
1351.360	0.830	-9.814
1351.370	0.830	-9.448
1351.380	0.710	-9.009
1351.390	0.710	-8.789
1351.400	0.710	-8.203
1351.410	0.540	-7.690
1351.420	0.540	-7.324
1351.430	0.540	-6.812
1351.440	0.490	-6.592
1351.450	0.490	-6.006
1351.460	0.490	-5.640
1351.470	0.390	-5.347
1351.480	0.390	-4.834
1351.490	0.390	-4.468
1351.500	0.280	-4.175
1351.510	0.280	-3.882
1351.520	0.280	-3.369
1351.530	0.170	-3.003
1351.540	0.170	-2.637
1351.550	0.170	-1.831
1351.560	0.060	-1.831
1351.570	0.060	-1.392
1351.580	0.060	-0.952
1351.590	-0.050	-0.659
1351.600	-0.050	-0.293
1351.610	-0.050	0.366
1351.620	-0.160	0.366
1351.630	-0.160	0.659
1351.640	-0.160	1.538
1351.650	-0.250	1.538
1351.660	-0.250	1.978
1351.670	-0.250	2.710
1351.680	-0.340	2.710
1351.690	-0.340	3.003
1351.700	-0.340	3.369
1351.710	-0.430	3.882
1351.720	-0.430	4.102
1351.730	-0.430	4.395
1351.740	-0.530	4.541
1351.750	-0.530	5.127
1351.760	-0.530	5.127
1351.770	-0.600	5.420
1351.780	-0.600	5.859
1351.790	-0.600	6.226
1351.800	-0.670	6.372
1351.810	-0.670	6.519
1351.820	-0.670	7.031
1351.830	-0.750	7.324
1351.840	-0.750	7.764
1351.850	-0.750	7.617
1351.860	-0.800	7.764
1351.870	-0.800	8.203
1351.880	-0.800	8.350
1351.890	-0.850	8.716
1351.900	-0.850	8.862
1351.910	-0.850	8.862
1351.920	-0.890	9.155
1351.930	-0.890	9.302
1351.940	-0.890	9.521
1351.950	-0.910	9.595
1351.960	-0.910	9.888
1351.970	-0.910	9.888
1351.980	-0.950	9.961
1351.990	-0.950	9.961
1352.000	-0.950	9.888
1352.010	-0.930	10.327
1352.020	-0.930	9.961
1352.030	-0.930	10.107
1352.040	-0.940	9.888
1352.050	-0.940	9.814
1352.060	-0.940	9.961
1352.070	-0.900	9.814
1352.080	-0.900	9.814
1352.090	-0.900	9.595
1352.100	-0.910	9.668
1352.110	-0.910	9.521
1352.120	-0.910	9.448
1352.130	-0.860	9.375
1352.140	-0.860	9.302
1352.150	-0.860	9.229
1352.160	-0.820	9.009
1352.170	-0.820	8.936
1352.180	-0.820	8.569
1352.190	-0.750	8.643
1352.200	-0.750	8.496
1352.210	-0.750	7.910
1352.220	-0.680	7.764
1352.230	-0.680	7.617
1352.240	-0.680	7.251
1352.250	-0.610	7.104
1352.260	-0.610	6.738
1352.270	-0.610	6.445
1352.280	-0.520	6.152
1352.290	-0.520	5.566
1352.300	-0.520	5.200
1352.310	-0.420	4.980
1352.320	-0.420	4.687
1352.330	-0.420	4.248
1352.340	-0.320	4.028
1352.350	-0.320	3.735
1352.360	-0.320	3.296
1352.370	-0.200	2.783
1352.380	-0.200	2.417
1352.390	-0.200	2.051
1352.400	-0.080	1.758
1352.410	-0.080	1.392
1352.420	-0.080	0.879
1352.430	0.050	0.293
1352.440	0.050	-0.366
1352.450	0.050	-0.952
1352.460	0.180	-1.465
1352.470	0.180	-1.831
1352.480	0.180	-2.197
1352.490	0.320	-2.563
1352.500	0.320	-3.076
1352.510	0.320	-3.662
1352.520	0.440	-4.102
1352.530	0.440	-4.468
1352.540	0.440	-4.980
1352.550	0.570	-5.347
1352.560	0.570	-5.566
1352.570	0.570	-6.299
1352.580	0.690	-6.812
1352.590	0.690	-7.397
1352.600	0.690	-7.983
1352.610	0.790	-8.130
1352.620	0.790	-8.643
1352.630	0.790	-9.009
1352.640	0.890	-9.521
1352.650	0.890	-9.668
1352.660	0.890	-10.327
1352.670	1.000	-10.474
1352.680	1.000	-11.060
1352.690	1.000	-11.060
1352.700	1.080	-11.353
1352.710	1.080	-11.719
1352.720	1.080	-12.305
1352.730	1.170	-12.305
1352.740	1.170	-12.451
1352.750	1.170	-13.184
1352.760	1.260	-13.184
1352.770	1.260	-13.623
1352.780	1.260	-14.209
1352.790	1.330	-14.209
1352.800	1.330	-14.575
1352.810	1.330	-14.941
1352.820	1.400	-14.941
1352.830	1.400	-15.527
1352.840	1.400	-15.527
1352.850	1.450	-15.527
1352.860	1.450	-16.113
1352.870	1.450	-16.333
1352.880	1.500	-16.260
1352.890	1.500	-16.479
1352.900	1.500	-16.553
1352.910	1.540	-16.479
1352.920	1.540	-17.139
1352.930	1.540	-17.065
1352.940	1.570	-17.139
1352.950	1.570	-17.651
1352.960	1.570	-17.651
1352.970	1.610	-17.725
1352.980	1.610	-17.798
1352.990	1.610	-18.091
1353.000	1.620	-18.237
1353.010	1.620	-18.018
1353.020	1.620	-17.871
1353.030	1.610	-18.237
1353.040	1.610	-18.018
1353.050	1.610	-17.871
1353.060	1.610	-17.798
1353.070	1.610	-17.725
1353.080	1.610	-18.018
1353.090	1.590	-17.871
1353.100	1.590	-17.432
1353.110	1.590	-17.725
1353.120	1.550	-17.798
1353.130	1.550	-17.505
1353.140	1.550	-17.358
1353.150	1.510	-17.358
1353.160	1.510	-17.358
1353.170	1.510	-16.919
1353.180	1.450	-16.772
1353.190	1.450	-16.772
1353.200	1.450	-16.406
1353.210	1.390	-16.187
1353.220	1.390	-15.894
1353.230	1.390	-15.454
1353.240	1.310	-15.454
1353.250	1.310	-15.015
1353.260	1.310	-14.502
1353.270	1.230	-14.502
1353.280	1.230	-14.062
1353.290	1.230	-13.623
1353.300	1.150	-13.623
1353.310	1.150	-13.110
1353.320	1.150	-12.744
1353.330	1.040	-12.744
1353.340	1.040	-12.231
1353.350	1.040	-11.206
1353.360	0.920	-11.206
1353.370	0.920	-10.986
1353.380	0.920	-10.620
1353.390	0.810	-10.181
1353.400	0.810	-9.668
1353.410	0.810	-8.862
1353.420	0.680	-8.862
1353.430	0.680	-8.203
1353.440	0.680	-7.690
1353.450	0.550	-7.690
1353.460	0.550	-7.178
1353.470	0.550	-6.006
1353.480	0.420	-6.006
1353.490	0.420	-5.420
1353.500	0.420	-4.761
1353.510	0.310	-4.761
1353.520	0.310	-4.321
1353.530	0.310	-3.516
1353.540	0.200	-3.516
1353.550	0.200	-2.856
1353.560	0.200	-2.051
1353.570	0.090	-2.051
1353.580	0.090	-1.758
1353.590	0.090	-1.099
1353.600	-0.030	-1.099
1353.610	-0.030	-0.659
1353.620	-0.030	0.366
1353.630	-0.140	0.366
1353.640	-0.140	0.806
1353.650	-0.140	1.538
1353.660	-0.250	1.538
1353.670	-0.250	1.758
1353.680	-0.250	2.417
1353.690	-0.340	2.417
1353.700	-0.340	3.442
1353.710	-0.340	3.809
1353.720	-0.450	3.809
1353.730	-0.450	4.028
1353.740	-0.450	4.834
1353.750	-0.550	4.834
1353.760	-0.550	5.054
1353.770	-0.550	6.006
1353.780	-0.610	6.006
1353.790	-0.610	6.372
1353.800	-0.610	6.812
1353.810	-0.690	6.812
1353.820	-0.690	6.958
1353.830	-0.690	7.471
1353.840	-0.770	7.471
1353.850	-0.770	7.617
1353.860	-0.770	8.423
1353.870	-0.810	8.423
1353.880	-0.810	8.276
1353.890	-0.810	8.716
1353.900	-0.880	8.936
1353.910	-0.880	9.009
1353.920	-0.880	9.302
1353.930	-0.920	9.375
1353.940	-0.920	9.521
1353.950	-0.920	9.668
1353.960	-0.950	9.961
1353.970	-0.950	9.814
1353.980	-0.950	10.107
1353.990	-0.970	10.107
1354.000	-0.970	10.107
1354.010	-0.970	10.181
1354.020	-0.970	10.034
1354.030	-0.970	10.547
1354.040	-0.970	10.254
1354.050	-0.980	10.547
1354.060	-0.980	10.181
1354.070	-0.980	10.254
1354.080	-0.950	10.474
1354.090	-0.950	10.181
1354.100	-0.950	10.327
1354.110	-0.940	9.961
1354.120	-0.940	10.254
1354.130	-0.940	9.961
1354.140	-0.890	9.888
1354.150	-0.890	9.741
1354.160	-0.890	9.595
1354.170	-0.860	9.741
1354.180	-0.860	9.375
1354.190	-0.860	9.155
1354.200	-0.810	9.009
1354.210	-0.810	8.936
1354.220	-0.810	8.423
1354.230	-0.730	8.423
1354.240	-0.730	8.350
1354.250	-0.730	7.837
1354.260	-0.680	7.837
1354.270	-0.680	7.471
1354.280	-0.680	7.031
1354.290	-0.580	6.812
1354.300	-0.580	6.372
1354.310	-0.580	6.372
1354.320	-0.490	6.226
1354.330	-0.490	5.640
1354.340	-0.490	5.127
1354.350	-0.400	4.907
1354.360	-0.400	4.395
1354.370	-0.400	4.028
1354.380	-0.290	3.882
1354.390	-0.290	3.589
1354.400	-0.290	3.149
1354.410	-0.170	2.563
1354.420	-0.170	2.124
1354.430	-0.170	1.758
1354.440	-0.050	1.465
1354.450	-0.050	1.025
1354.460	-0.050	0.586
1354.470	0.070	0.073
1354.480	0.070	-0.513
1354.490	0.070	-0.952
1354.500	0.180	-1.318
1354.510	0.180	-1.685
1354.520	0.180	-2.124
1354.530	0.300	-2.637
1354.540	0.300	-3.296
1354.550	0.300	-3.735
1354.560	0.420	-3.955
1354.570	0.420	-4.248
1354.580	0.420	-4.834
1354.590	0.540	-5.200
1354.600	0.540	-5.640
1354.610	0.540	-6.372
1354.620	0.650	-6.665
1354.630	0.650	-6.812
1354.640	0.650	-7.178
1354.650	0.740	-7.471
1354.660	0.740	-8.130
1354.670	0.740	-8.496
1354.680	0.830	-8.569
1354.690	0.830	-9.082
1354.700	0.830	-9.302
1354.710	0.900	-9.595
1354.720	0.900	-9.741
1354.730	0.900	-10.327
1354.740	0.970	-10.400
1354.750	0.970	-10.913
1354.760	0.970	-10.840
1354.770	1.040	-11.353
1354.780	1.040	-11.572
1354.790	1.040	-11.792
1354.800	1.110	-11.938
1354.810	1.110	-12.012
1354.820	1.110	-12.671
1354.830	1.180	-12.598
1354.840	1.180	-12.964
1354.850	1.180	-13.037
1354.860	1.230	-13.550
1354.870	1.230	-13.403
1354.880	1.230	-13.623
1354.890	1.270	-13.916
1354.900	1.270	-13.989
1354.910	1.270	-14.209
1354.920	1.300	-14.429
1354.930	1.300	-14.429
1354.940	1.300	-14.868
1354.950	1.330	-14.868
1354.960	1.330	-14.502
1354.970	1.330	-15.161
1354.980	1.340	-15.161
1354.990	1.340	-14.795
1355.000	1.340	-15.088
1355.010	1.330	-15.088
1355.020	1.330	-14.795
1355.030	1.330	-15.161
1355.040	1.340	-15.088
1355.050	1.340	-14.868
1355.060	1.340	-15.161
1355.070	1.320	-14.868
1355.080	1.320	-14.795
1355.090	1.320	-14.722
1355.100	1.280	-14.648
1355.110	1.280	-14.795
1355.120	1.280	-14.429
1355.130	1.240	-14.355
1355.140	1.240	-14.136
1355.150	1.240	-13.989
1355.160	1.200	-13.916
1355.170	1.200	-13.770
1355.180	1.200	-13.696
1355.190	1.130	-13.403
1355.200	1.130	-13.110
1355.210	1.130	-12.524
1355.220	1.060	-12.817
1355.230	1.060	-12.231
1355.240	1.060	-12.085
1355.250	0.990	-11.792
1355.260	0.990	-11.499
1355.270	0.990	-11.353
1355.280	0.900	-10.547
1355.290	0.900	-10.620
1355.300	0.900	-10.181
1355.310	0.800	-10.107
1355.320	0.800	-9.668
1355.330	0.800	-9.375
1355.340	0.710	-8.862
1355.350	0.710	-8.643
1355.360	0.710	-8.203
1355.370	0.600	-7.690
1355.380	0.600	-7.690
1355.390	0.600	-7.324
1355.400	0.490	-6.885
1355.410	0.490	-6.226
1355.420	0.490	-5.566
1355.430	0.380	-5.273
1355.440	0.380	-4.907
1355.450	0.380	-4.468
1355.460	0.250	-4.028
1355.470	0.250	-3.662
1355.480	0.250	-3.076
1355.490	0.130	-2.417
1355.500	0.130	-2.124
1355.510	0.130	-1.831
1355.520	0.010	-1.538
1355.530	0.010	-1.172
1355.540	0.010	-0.732
1355.550	-0.110	-0.146
1355.560	-0.110	0.293
1355.570	-0.110	0.806
1355.580	-0.220	1.245
1355.590	-0.220	1.538
1355.600	-0.220	1.904
1355.610	-0.340	2.197
1355.620	-0.340	2.563
1355.630	-0.340	3.149
1355.640	-0.450	3.662
1355.650	-0.450	3.955
1355.660	-0.450	4.761
1355.670	-0.530	4.761
1355.680	-0.530	5.054
1355.690	-0.530	5.786
1355.700	-0.620	5.786
1355.710	-0.620	6.445
1355.720	-0.620	7.031
1355.730	-0.700	7.031
1355.740	-0.700	7.178
1355.750	-0.700	7.910
1355.760	-0.800	7.910
1355.770	-0.800	7.983
1355.780	-0.800	8.862
1355.790	-0.890	8.936
1355.800	-0.890	8.936
1355.810	-0.890	9.302
1355.820	-0.950	9.595
1355.830	-0.950	9.888
1355.840	-0.950	9.888
1355.850	-1.030	10.693
1355.860	-1.030	10.547
1355.870	-1.030	11.060
1355.880	-1.090	10.986
1355.890	-1.090	11.426
1355.900	-1.090	11.646
1355.910	-1.120	11.719
1355.920	-1.120	11.719
1355.930	-1.120	12.012
1355.940	-1.180	12.524
1355.950	-1.180	12.305
1355.960	-1.180	12.598
1355.970	-1.190	12.524
1355.980	-1.190	12.964
1355.990	-1.190	12.598
1356.000	-1.230	13.110
1356.010	-1.230	12.964
1356.020	-1.230	13.330
1356.030	-1.230	13.110
1356.040	-1.230	13.110
1356.050	-1.230	13.330
1356.060	-1.230	13.037
1356.070	-1.230	13.184
1356.080	-1.230	13.037
1356.090	-1.210	13.330
1356.100	-1.210	12.817
1356.110	-1.210	13.110
1356.120	-1.190	12.964
1356.130	-1.190	12.817
1356.140	-1.190	12.598
1356.150	-1.170	12.451
1356.160	-1.170	12.744
1356.170	-1.170	12.305
1356.180	-1.100	12.231
1356.190	-1.100	12.012
1356.200	-1.100	12.085
1356.210	-1.060	11.646
1356.220	-1.060	11.279
1356.230	-1.060	11.353
1356.240	-0.990	11.206
1356.250	-0.990	10.986
1356.260	-0.990	10.400
1356.270	-0.910	10.181
1356.280	-0.910	10.107
1356.290	-0.910	9.668
1356.300	-0.820	9.375
1356.310	-0.820	9.082
1356.320	-0.820	8.862
1356.330	-0.710	8.130
1356.340	-0.710	7.983
1356.350	-0.710	7.471
1356.360	-0.600	7.251
1356.370	-0.600	6.958
1356.380	-0.600	6.519
1356.390	-0.510	6.226
1356.400	-0.510	5.786
1356.410	-0.510	5.200
1356.420	-0.390	4.834
1356.430	-0.390	4.541
1356.440	-0.390	3.882
1356.450	-0.250	3.442
1356.460	-0.250	2.563
1356.470	-0.250	2.563
1356.480	-0.120	1.904
1356.490	-0.120	1.465
1356.500	-0.120	0.952
1356.510	0.010	0.586
1356.520	0.010	0.220
1356.530	0.010	-0.586
1356.540	0.150	-0.586
1356.550	0.150	-0.952
1356.560	0.150	-1.978
1356.570	0.280	-1.978
1356.580	0.280	-2.563
1356.590	0.280	-3.369
1356.600	0.380	-3.369
1356.610	0.380	-3.809
1356.620	0.380	-4.761
1356.630	0.480	-4.761
1356.640	0.480	-4.980
1356.650	0.480	-5.933
1356.660	0.570	-5.933
1356.670	0.570	-6.079
1356.680	0.570	-6.812
1356.690	0.660	-6.812
1356.700	0.660	-6.958
1356.710	0.660	-7.324
1356.720	0.740	-7.617
1356.730	0.740	-7.910
1356.740	0.740	-8.643
1356.750	0.830	-8.716
1356.760	0.830	-8.862
1356.770	0.830	-9.229
1356.780	0.900	-9.595
1356.790	0.900	-9.668
1356.800	0.900	-9.961
1356.810	0.950	-10.327
1356.820	0.950	-10.400
1356.830	0.950	-10.767
1356.840	1.000	-10.547
1356.850	1.000	-11.133
1356.860	1.000	-11.206
1356.870	1.060	-11.572
1356.880	1.060	-11.353
1356.890	1.060	-11.792
1356.900	1.090	-12.305
1356.910	1.090	-12.085
1356.920	1.090	-12.231
1356.930	1.110	-12.158
1356.940	1.110	-12.744
1356.950	1.110	-12.451
1356.960	1.140	-12.817
1356.970	1.140	-13.037
1356.980	1.140	-12.744
1356.990	1.160	-12.598
1357.000	1.160	-12.964
1357.010	1.160	-12.817
1357.020	1.140	-12.817
1357.030	1.140	-13.037
1357.040	1.140	-13.184
1357.050	1.130	-13.184
1357.060	1.130	-12.671
1357.070	1.130	-12.524
1357.080	1.120	-12.524
1357.090	1.120	-12.891
1357.100	1.120	-12.451
1357.110	1.090	-12.451
1357.120	1.090	-12.524
1357.130	1.090	-12.012
1357.140	1.040	-12.012
1357.150	1.040	-11.792
1357.160	1.040	-11.719
1357.170	0.990	-11.719
1357.180	0.990	-11.499
1357.190	0.990	-11.133
1357.200	0.940	-11.133
1357.210	0.940	-10.913
1357.220	0.940	-10.034
1357.230	0.850	-10.034
1357.240	0.850	-10.181
1357.250	0.850	-9.741
1357.260	0.760	-9.521
1357.270	0.760	-8.936
1357.280	0.760	-8.936
1357.290	0.670	-8.350
1357.300	0.670	-8.276
1357.310	0.670	-7.764
1357.320	0.590	-7.397
1357.330	0.590	-7.324
1357.340	0.590	-7.031
1357.350	0.490	-6.665
1357.360	0.490	-6.152
1357.370	0.490	-5.493
1357.380	0.370	-5.200
1357.390	0.370	-4.907
1357.400	0.370	-4.321
1357.410	0.240	-3.955
1357.420	0.240	-3.589
1357.430	0.240	-3.149
1357.440	0.110	-2.417
1357.450	0.110	-2.051
1357.460	0.110	-1.758
1357.470	-0.020	-1.392
1357.480	-0.020	-0.952
1357.490	-0.020	-0.439
1357.500	-0.140	0.073
1357.510	-0.140	0.586
1357.520	-0.140	1.025
1357.530	-0.250	1.392
1357.540	-0.250	1.685
1357.550	-0.250	2.051
1357.560	-0.350	2.563
1357.570	-0.350	3.149
1357.580	-0.350	3.589
1357.590	-0.460	3.809
1357.600	-0.460	4.102
1357.610	-0.460	4.687
1357.620	-0.570	4.980
1357.630	-0.570	5.347
1357.640	-0.570	5.933
1357.650	-0.650	6.445
1357.660	-0.650	6.665
1357.670	-0.650	6.958
1357.680	-0.740	7.104
1357.690	-0.740	7.397
1357.700	-0.740	7.983
1357.710	-0.840	8.130
1357.720	-0.840	8.716
1357.730	-0.840	9.155
1357.740	-0.940	9.155
1357.750	-0.940	9.521
1357.760	-0.940	10.107
1357.770	-1.030	10.107
1357.780	-1.030	10.400
1357.790	-1.030	11.206
1357.800	-1.090	11.206
1357.810	-1.090	11.426
1357.820	-1.090	11.938
1357.830	-1.170	11.938
1357.840	-1.170	12.378
1357.850	-1.170	12.744
1357.860	-1.220	12.744
1357.870	-1.220	12.964
1357.880	-1.220	13.403
1357.890	-1.280	13.403
1357.900	-1.280	13.403
1357.910	-1.280	13.696
1357.920	-1.320	13.696
1357.930	-1.320	14.062
1357.940	-1.320	14.429
1357.950	-1.360	14.429
1357.960	-1.360	14.502
1357.970	-1.360	14.575
1357.980	-1.400	14.575
1357.990	-1.400	14.795
1358.000	-1.400	15.161
1358.010	-1.400	14.868
1358.020	-1.400	15.234
1358.030	-1.400	15.234
1358.040	-1.420	14.868
1358.050	-1.420	15.381
1358.060	-1.420	15.234
1358.070	-1.400	14.941
1358.080	-1.400	15.454
1358.090	-1.400	15.088
1358.100	-1.390	14.795
1358.110	-1.390	15.088
1358.120	-1.390	14.795
1358.130	-1.360	14.795
1358.140	-1.360	14.795
1358.150	-1.360	14.502
1358.160	-1.320	14.502
1358.170	-1.320	14.209
1358.180	-1.320	13.989
1358.190	-1.270	13.916
1358.200	-1.270	13.843
1358.210	-1.270	13.477
1358.220	-1.190	13.477
1358.230	-1.190	13.184
1358.240	-1.190	12.964
1358.250	-1.120	12.671
1358.260	-1.120	12.305
1358.270	-1.120	12.378
1358.280	-1.050	12.012
1358.290	-1.050	11.572
1358.300	-1.050	11.426
1358.310	-0.960	11.133
1358.320	-0.960	10.767
1358.330	-0.960	10.254
1358.340	-0.870	9.961
1358.350	-0.870	9.814
1358.360	-0.870	9.375
1358.370	-0.750	8.936
1358.380	-0.750	8.716
1358.390	-0.750	8.350
1358.400	-0.640	7.617
1358.410	-0.640	7.251
1358.420	-0.640	6.885
1358.430	-0.520	6.665
1358.440	-0.520	6.299
1358.450	-0.520	5.640
1358.460	-0.400	5.200
1358.470	-0.400	4.761
1358.480	-0.400	4.175
1358.490	-0.280	3.955
1358.500	-0.280	3.662
1358.510	-0.280	3.223
1358.520	-0.170	2.637
1358.530	-0.170	2.124
1358.540	-0.170	1.758
1358.550	-0.040	1.245
1358.560	-0.040	0.806
1358.570	-0.040	0.366
1358.580	0.090	-0.220
1358.590	0.090	-0.806
1358.600	0.090	-1.245
1358.610	0.220	-1.611
1358.620	0.220	-1.978
1358.630	0.220	-2.417
1358.640	0.310	-3.076
1358.650	0.310	-3.369
1358.660	0.310	-3.589
1358.670	0.400	-3.809
1358.680	0.400	-4.102
1358.690	0.400	-4.541
1358.700	0.490	-4.834
1358.710	0.490	-5.127
1358.720	0.490	-5.786
1358.730	0.550	-6.079
1358.740	0.550	-5.933
1358.750	0.550	-6.299
1358.760	0.630	-6.738
1358.770	0.630	-7.031
1358.780	0.630	-7.471
1358.790	0.710	-7.544
1358.800	0.710	-7.690
1358.810	0.710	-8.203
1358.820	0.770	-8.057
1358.830	0.770	-8.496
1358.840	0.770	-8.862
1358.850	0.820	-8.862
1358.860	0.820	-9.155
1358.870	0.820	-9.302
1358.880	0.860	-9.521
1358.890	0.860	-9.595
1358.900	0.860	-9.814
1358.910	0.890	-9.888
1358.920	0.890	-10.107
1358.930	0.890	-10.107
1358.940	0.930	-10.034
1358.950	0.930	-10.474
1358.960	0.930	-10.327
1358.970	0.950	-10.767
1358.980	0.950	-10.327
1358.990	0.950	-10.620
1359.000	0.950	-10.767
1359.010	0.950	-10.840
1359.020	0.950	-10.767
1359.030	0.960	-10.547
1359.040	0.960	-10.913
1359.050	0.960	-10.693
1359.060	0.960	-10.986
1359.070	0.960	-10.474
1359.080	0.960	-10.840
1359.090	0.920	-10.620
1359.100	0.920	-10.767
1359.110	0.920	-10.327
1359.120	0.870	-10.181
1359.130	0.870	-10.327
1359.140	0.870	-9.961
1359.150	0.840	-10.034
1359.160	0.840	-9.595
1359.170	0.840	-9.448
1359.180	0.780	-9.302
1359.190	0.780	-9.082
1359.200	0.780	-8.643
1359.210	0.710	-8.789
1359.220	0.710	-8.569
1359.230	0.710	-7.983
1359.240	0.620	-7.837
1359.250	0.620	-7.471
1359.260	0.620	-7.178
1359.270	0.540	-7.031
1359.280	0.540	-6.665
1359.290	0.540	-6.519
1359.300	0.450	-6.079
1359.310	0.450	-5.420
1359.320	0.450	-5.127
1359.330	0.350	-4.907
1359.340	0.350	-4.614
1359.350	0.350	-4.175
1359.360	0.240	-3.882
1359.370	0.240	-3.589
1359.380	0.240	-3.003
1359.390	0.120	-2.490
1359.400	0.120	-2.124
1359.410	0.120	-1.831
1359.420	-0.010	-1.538
1359.430	-0.010	-1.172
1359.440	-0.010	-0.586
1359.450	-0.120	-0.073
1359.460	-0.120	0.513
1359.470	-0.120	1.025
1359.480	-0.240	1.392
1359.490	-0.240	1.758
1359.500	-0.240	2.051
1359.510	-0.350	2.417
1359.520	-0.350	3.003
1359.530	-0.350	3.589
1359.540	-0.450	3.882
1359.550	-0.450	4.175
1359.560	-0.450	4.541
1359.570	-0.560	4.907
1359.580	-0.560	5.127
1359.590	-0.560	5.493
1359.600	-0.660	6.226
1359.610	-0.660	6.592
1359.620	-0.660	6.885
1359.630	-0.770	7.251
1359.640	-0.770	7.397
1359.650	-0.770	7.983
1359.660	-0.870	8.276
1359.670	-0.870	8.643
1359.680	-0.870	9.155
1359.690	-0.950	9.375
1359.700	-0.950	9.668
1359.710	-0.950	10.034
1359.720	-1.030	10.474
1359.730	-1.030	10.474
1359.740	-1.030	11.279
1359.750	-1.130	11.426
1359.760	-1.130	11.572
1359.770	-1.130	11.865
1359.780	-1.210	12.231
1359.790	-1.210	12.891
1359.800	-1.210	12.671
1359.810	-1.280	13.257
1359.820	-1.280	13.403
1359.830	-1.280	13.550
1359.840	-1.350	13.770
1359.850	-1.350	13.989
1359.860	-1.350	14.282
1359.870	-1.400	14.722
1359.880	-1.400	14.795
1359.890	-1.400	14.722
1359.900	-1.450	15.454
1359.910	-1.450	15.381
1359.920	-1.450	15.381
1359.930	-1.480	16.040
1359.940	-1.480	15.967
1359.950	-1.480	15.894
1359.960	-1.510	16.333
1359.970	-1.510	16.333
1359.980	-1.510	16.406
1359.990	-1.540	16.699
1360.000	-1.540	16.479
1360.010	-1.540	16.406
1360.020	-1.540	16.699
1360.030	-1.540	16.479
1360.040	-1.540	16.626
1360.050	-1.550	16.846
1360.060	-1.550	16.406
1360.070	-1.550	16.406
1360.080	-1.510	16.553
1360.090	-1.510	16.260
1360.100	-1.510	16.406
1360.110	-1.500	16.553
1360.120	-1.500	16.113
1360.130	-1.500	16.260
1360.140	-1.440	16.113
1360.150	-1.440	15.747
1360.160	-1.440	15.967
1360.170	-1.400	15.601
1360.180	-1.400	15.234
1360.190	-1.400	15.234
1360.200	-1.350	14.795
1360.210	-1.350	14.575
1360.220	-1.350	14.355
1360.230	-1.260	14.136
1360.240	-1.260	13.696
1360.250	-1.260	13.623
1360.260	-1.210	13.037
1360.270	-1.210	13.037
1360.280	-1.210	12.964
1360.290	-1.110	12.524
1360.300	-1.110	12.158
1360.310	-1.110	11.938
1360.320	-1.010	11.792
1360.330	-1.010	11.353
1360.340	-1.010	10.840
1360.350	-0.910	10.620
1360.360	-0.910	10.474
1360.370	-0.910	9.814
1360.380	-0.800	9.448
1360.390	-0.800	9.082
1360.400	-0.800	8.569
1360.410	-0.670	7.910
1360.420	-0.670	7.617
1360.430	-0.670	7.104
1360.440	-0.540	6.812
1360.450	-0.540	6.226
1360.460	-0.540	5.566
1360.470	-0.400	5.200
1360.480	-0.400	4.614
1360.490	-0.400	4.248
1360.500	-0.260	3.955
1360.510	-0.260	3.442
1360.520	-0.260	2.856
1360.530	-0.130	2.271
1360.540	-0.130	1.904
1360.550	-0.130	1.465
1360.560	0.010	1.025
1360.570	0.010	0.439
1360.580	0.010	-0.146
1360.590	0.150	-0.806
1360.600	0.150	-1.245
1360.610	0.150	-1.611
1360.620	0.250	-1.978
1360.630	0.250	-2.344
1360.640	0.250	-3.003
1360.650	0.350	-3.516
1360.660	0.350	-3.809
1360.670	0.350	-4.028
1360.680	0.450	-4.321
1360.690	0.450	-4.761
1360.700	0.450	-5.054
1360.710	0.550	-5.493
1360.720	0.550	-6.152
1360.730	0.550	-6.445
1360.740	0.640	-6.372
1360.750	0.640	-6.738
1360.760	0.640	-7.104
1360.770	0.720	-7.617
1360.780	0.720	-8.057
1360.790	0.720	-7.983
1360.800	0.790	-8.423
1360.810	0.790	-8.643
1360.820	0.790	-8.862
1360.830	0.860	-9.302
1360.840	0.860	-9.448
1360.850	0.860	-9.668
1360.860	0.900	-9.814
1360.870	0.900	-10.107
1360.880	0.900	-9.961
1360.890	0.940	-10.400
1360.900	0.940	-10.400
1360.910	0.940	-10.693
1360.920	0.970	-10.547
1360.930	0.970	-10.400
1360.940	0.970	-10.913
1360.950	1.000	-10.840
1360.960	1.000	-11.133
1360.970	1.000	-10.840
1360.980	1.020	-11.206
1360.990	1.020	-11.206
1361.000	1.020	-11.499
1361.010	1.030	-11.279
1361.020	1.030	-11.572
1361.030	1.030	-11.792
1361.040	1.040	-11.792
1361.050	1.040	-11.646
1361.060	1.040	-11.719
1361.070	1.030	-12.012
1361.080	1.030	-11.938
1361.090	1.030	-11.646
1361.100	1.010	-11.499
1361.110	1.010	-11.499
1361.120	1.010	-11.499
1361.130	0.980	-11.206
1361.140	0.980	-11.133
1361.150	0.980	-11.133
1361.160	0.940	-11.060
1361.170	0.940	-10.620
1361.180	0.940	-10.254
1361.190	0.880	-10.474
1361.200	0.880	-10.034
1361.210	0.880	-10.107
1361.220	0.810	-9.668
1361.230	0.810	-9.375
1361.240	0.810	-9.155
1361.250	0.740	-8.936
1361.260	0.740	-8.423
1361.270	0.740	-8.569
1361.280	0.650	-8.423
1361.290	0.650	-7.764
1361.300	0.650	-7.544
1361.310	0.550	-7.178
1361.320	0.550	-6.738
1361.330	0.550	-6.592
1361.340	0.460	-6.079
1361.350	0.460	-5.713
1361.360	0.460	-5.493
1361.370	0.340	-4.907
1361.380	0.340	-4.468
1361.390	0.340	-4.248
1361.400	0.230	-3.882
1361.410	0.230	-3.223
1361.420	0.230	-2.856
1361.430	0.100	-2.490
1361.440	0.100	-2.051
1361.450	0.100	-1.611
1361.460	-0.040	-1.025
1361.470	-0.040	-0.586
1361.480	-0.040	-0.146
1361.490	-0.170	0.220
1361.500	-0.170	0.659
1361.510	-0.170	1.172
1361.520	-0.270	1.758
1361.530	-0.270	2.124
1361.540	-0.270	2.563
1361.550	-0.380	2.856
1361.560	-0.380	3.296
1361.570	-0.380	3.882
1361.580	-0.480	4.175
1361.590	-0.480	4.468
1361.600	-0.480	4.834
1361.610	-0.580	5.347
1361.620	-0.580	5.493
1361.630	-0.580	6.006
1361.640	-0.680	6.445
1361.650	-0.680	6.738
1361.660	-0.680	7.031
1361.670	-0.780	7.471
1361.680	-0.780	7.764
1361.690	-0.780	8.423
1361.700	-0.870	8.569
1361.710	-0.870	8.496
1361.720	-0.870	9.082
1361.730	-0.960	9.375
1361.740	-0.960	9.668
1361.750	-0.960	9.961
1361.760	-1.040	10.547
1361.770	-1.040	10.474
1361.780	-1.040	10.913
1361.790	-1.120	10.913
1361.800	-1.120	11.499
1361.810	-1.120	12.012
1361.820	-1.170	11.938
1361.830	-1.170	12.305
1361.840	-1.170	12.964
1361.850	-1.240	12.964
1361.860	-1.240	12.744
1361.870	-1.240	13.623
1361.880	-1.280	13.623
1361.890	-1.280	13.696
1361.900	-1.280	13.916
1361.910	-1.330	13.916
1361.920	-1.330	14.062
1361.930	-1.330	14.209
1361.940	-1.360	14.209
1361.950	-1.360	14.282
1361.960	-1.360	14.429
1361.970	-1.370	14.429
1361.980	-1.370	14.429
1361.990	-1.370	14.575
1362.000	-1.410	14.575
1362.010	-1.410	14.868
1362.020	-1.410	15.015
1362.030	-1.390	15.015
1362.040	-1.390	15.234
1362.050	-1.390	15.088
1362.060	-1.400	15.088
1362.070	-1.400	15.234
1362.080	-1.400	15.234
1362.090	-1.370	15.234
1362.100	-1.370	14.941
1362.110	-1.370	14.868
1362.120	-1.350	14.868
1362.130	-1.350	14.502
1362.140	-1.350	14.355
1362.150	-1.300	14.355
1362.160	-1.300	14.062
1362.170	-1.300	13.843
1362.180	-1.250	13.843
1362.190	-1.250	13.623
1362.200	-1.250	13.477
1362.210	-1.190	13.477
1362.220	-1.190	12.891
1362.230	-1.190	12.524
1362.240	-1.100	12.524
1362.250	-1.100	12.598
1362.260	-1.100	11.865
1362.270	-1.040	11.646
1362.280	-1.040	11.572
1362.290	-1.040	11.060
1362.300	-0.930	10.840
1362.310	-0.930	10.181
1362.320	-0.930	10.107
1362.330	-0.830	9.595
1362.340	-0.830	9.302
1362.350	-0.830	8.789
1362.360	-0.730	8.716
1362.370	-0.730	7.983
1362.380	-0.730	7.471
1362.390	-0.610	7.251
1362.400	-0.610	6.885
1362.410	-0.610	6.592
1362.420	-0.480	6.079
1362.430	-0.480	5.493
1362.440	-0.480	5.200
1362.450	-0.360	4.761
1362.460	-0.360	4.395
1362.470	-0.360	4.028
1362.480	-0.220	3.735
1362.490	-0.220	3.003
1362.500	-0.220	2.490
1362.510	-0.110	2.051
1362.520	-0.110	1.611
1362.530	-0.110	1.245
1362.540	0.030	0.659
1362.550	0.030	0.000
1362.560	0.030	-0.659
1362.570	0.170	-1.172
1362.580	0.170	-1.611
1362.590	0.170	-1.978
1362.600	0.300	-2.490
1362.610	0.300	-3.076
1362.620	0.300	-3.662
1362.630	0.400	-4.028
1362.640	0.400	-4.248
1362.650	0.400	-4.468
1362.660	0.500	-4.907
1362.670	0.500	-5.127
1362.680	0.500	-5.493
1362.690	0.590	-6.152
1362.700	0.590	-6.372
1362.710	0.590	-6.372
1362.720	0.670	-6.738
1362.730	0.670	-7.104
1362.740	0.670	-7.544
1362.750	0.740	-8.130
1362.760	0.740	-8.057
1362.770	0.740	-8.423
1362.780	0.820	-8.789
1362.790	0.820	-8.789
1362.800	0.820	-9.229
1362.810	0.900	-9.595
1362.820	0.900	-9.814
1362.830	0.900	-10.107
1362.840	0.970	-10.547
1362.850	0.970	-10.327
1362.860	0.970	-10.986
1362.870	1.020	-11.133
1362.880	1.020	-11.426
1362.890	1.020	-11.426
1362.900	1.070	-11.719
1362.910	1.070	-12.012
1362.920	1.070	-12.012
1362.930	1.110	-12.085
1362.940	1.110	-12.012
1362.950	1.110	-12.598
1362.960	1.140	-12.378
1362.970	1.140	-12.598
1362.980	1.140	-12.524
1362.990	1.150	-13.037
1363.000	1.150	-12.671
1363.010	1.150	-12.817
1363.020	1.160	-13.037
1363.030	1.160	-13.110
1363.040	1.160	-13.184
1363.050	1.170	-13.037
1363.060	1.170	-13.037
1363.070	1.170	-13.037
1363.080	1.150	-13.184
1363.090	1.150	-12.817
1363.100	1.150	-13.184
1363.110	1.120	-12.817
1363.120	1.120	-12.671
1363.130	1.120	-12.671
1363.140	1.080	-12.598
1363.150	1.080	-12.158
1363.160	1.080	-11.865
1363.170	1.040	-12.012
1363.180	1.040	-11.792
1363.190	1.040	-11.499
1363.200	0.980	-11.353
1363.210	0.980	-11.206
1363.220	0.980	-11.206
1363.230	0.910	-10.840
1363.240	0.910	-10.400
1363.250	0.910	-10.547
1363.260	0.840	-10.181
1363.270	0.840	-10.181
1363.280	0.840	-9.668
1363.290	0.770	-9.521
1363.300	0.770	-9.229
1363.310	0.770	-9.009
1363.320	0.670	-8.350
1363.330	0.670	-8.350
1363.340	0.670	-8.130
1363.350	0.570	-7.544
1363.360	0.570	-7.031
1363.370	0.570	-6.445
1363.380	0.460	-6.372
1363.390	0.460	-6.006
1363.400	0.460	-5.347
1363.410	0.340	-4.980
1363.420	0.340	-4.614
1363.430	0.340	-3.955
1363.440	0.220	-3.589
1363.450	0.220	-3.442
1363.460	0.220	-3.149
1363.470	0.120	-2.783
1363.480	0.120	-2.197
1363.490	0.120	-1.831
1363.500	0.000	-1.538
1363.510	0.000	-1.099
1363.520	0.000	-0.586
1363.530	-0.100	-0.146
1363.540	-0.100	0.293
1363.550	-0.100	0.806
1363.560	-0.210	1.172
1363.570	-0.210	1.538
1363.580	-0.210	1.904
1363.590	-0.310	2.271
1363.600	-0.310	2.856
1363.610	-0.310	3.149
1363.620	-0.420	3.296
1363.630	-0.420	3.516
1363.640	-0.420	3.809
1363.650	-0.530	4.468
1363.660	-0.530	4.761
1363.670	-0.530	5.200
1363.680	-0.610	5.713
1363.690	-0.610	6.006
1363.700	-0.610	6.006
1363.710	-0.690	6.592
1363.720	-0.690	7.031
1363.730	-0.690	7.397
1363.740	-0.770	7.910
1363.750	-0.770	7.764
1363.760	-0.770	8.130
1363.770	-0.850	8.643
1363.780	-0.850	8.643
1363.790	-0.850	9.082
1363.800	-0.910	9.375
1363.810	-0.910	9.521
1363.820	-0.910	9.741
1363.830	-0.990	10.107
1363.840	-0.990	9.961
1363.850	-0.990	10.254
1363.860	-1.040	10.620
1363.870	-1.040	10.547
1363.880	-1.040	10.840
1363.890	-1.070	10.840
1363.900	-1.070	11.279
1363.910	-1.070	11.279
1363.920	-1.130	11.426
1363.930	-1.130	11.353
1363.940	-1.130	11.938
1363.950	-1.140	12.305
1363.960	-1.140	12.012
1363.970	-1.140	12.378
1363.980	-1.180	12.378
1363.990	-1.180	12.671
1364.000	-1.180	12.671
1364.010	-1.180	12.671
1364.020	-1.180	12.744
1364.030	-1.180	12.598
1364.040	-1.180	12.598
1364.050	-1.180	12.524
1364.060	-1.180	12.378
1364.070	-1.160	12.378
1364.080	-1.160	12.451
1364.090	-1.160	12.305
1364.100	-1.130	12.671
1364.110	-1.130	12.085
1364.120	-1.130	12.012
1364.130	-1.110	12.012
1364.140	-1.110	12.012
1364.150	-1.110	11.426
1364.160	-1.050	11.426
1364.170	-1.050	11.572
1364.180	-1.050	11.206
1364.190	-1.000	11.206
1364.200	-1.000	10.693
1364.210	-1.000	10.913
1364.220	-0.920	10.474
1364.230	-0.920	10.181
1364.240	-0.920	9.961
1364.250	-0.840	9.668
1364.260	-0.840	9.375
1364.270	-0.840	9.082
1364.280	-0.750	8.643
1364.290	-0.750	8.276
1364.300	-0.750	7.617
1364.310	-0.640	7.617
1364.320	-0.640	7.178
1364.330	-0.640	6.519
1364.340	-0.540	6.519
1364.350	-0.540	6.372
1364.360	-0.540	5.347
1364.370	-0.430	5.347
1364.380	-0.430	4.980
1364.390	-0.430	4.541
1364.400	-0.330	4.102
1364.410	-0.330	3.735
1364.420	-0.330	3.589
1364.430	-0.200	3.149
1364.440	-0.200	2.563
1364.450	-0.200	2.051
1364.460	-0.080	1.685
1364.470	-0.080	1.318
1364.480	-0.080	0.879
1364.490	0.040	0.439
1364.500	0.040	-0.073
1364.510	0.040	-0.586
1364.520	0.160	-1.099
1364.530	0.160	-1.465
1364.540	0.160	-1.904
1364.550	0.290	-2.344
1364.560	0.290	-3.003
1364.570	0.290	-3.442
1364.580	0.410	-3.809
1364.590	0.410	-4.028
1364.600	0.410	-4.541
1364.610	0.530	-4.980
1364.620	0.530	-5.347
1364.630	0.530	-5.933
1364.640	0.610	-6.445
1364.650	0.610	-6.592
1364.660	0.610	-6.812
1364.670	0.720	-7.251
1364.680	0.720	-7.544
1364.690	0.720	-8.276
1364.700	0.810	-8.350
1364.710	0.810	-8.716
1364.720	0.810	-9.082
1364.730	0.890	-9.521
1364.740	0.890	-9.668
1364.750	0.890	-10.034
1364.760	0.980	-10.474
1364.770	0.980	-10.767
1364.780	0.980	-11.133
1364.790	1.070	-11.206
1364.800	1.070	-11.646
1364.810	1.070	-12.012
1364.820	1.130	-12.085
1364.830	1.130	-12.158
1364.840	1.130	-12.964
1364.850	1.190	-12.964
1364.860	1.190	-12.891
1364.870	1.190	-13.037
1364.880	1.230	-13.550
1364.890	1.230	-13.477
1364.900	1.230	-14.062
1364.910	1.290	-14.062
1364.920	1.290	-14.136
1364.930	1.290	-14.941
1364.940	1.330	-14.941
1364.950	1.330	-14.575
1364.960	1.330	-15.088
1364.970	1.340	-15.088
1364.980	1.340	-14.795
1364.990	1.340	-15.161
1365.000	1.350	-15.161
1365.010	1.350	-14.868
1365.020	1.350	-15.234
1365.030	1.360	-14.941
1365.040	1.360	-14.795
1365.050	1.360	-15.088
1365.060	1.340	-14.941
1365.070	1.340	-15.088
1365.080	1.340	-15.088
1365.090	1.320	-14.941
1365.100	1.320	-15.088
1365.110	1.320	-14.941
1365.120	1.310	-14.941
1365.130	1.310	-15.234
1365.140	1.310	-14.648
1365.150	1.280	-14.648
1365.160	1.280	-14.575
1365.170	1.280	-14.136
1365.180	1.210	-14.136
1365.190	1.210	-13.916
1365.200	1.210	-13.843
1365.210	1.160	-13.550
1365.220	1.160	-13.257
1365.230	1.160	-12.671
1365.240	1.090	-13.037
1365.250	1.090	-12.451
1365.260	1.090	-11.938
1365.270	1.000	-11.938
1365.280	1.000	-11.938
1365.290	1.000	-10.767
1365.300	0.910	-10.840
1365.310	0.910	-10.327
1365.320	0.910	-10.327
1365.330	0.800	-10.254
1365.340	0.800	-9.668
1365.350	0.800	-9.375
1365.360	0.710	-8.936
1365.370	0.710	-8.716
1365.380	0.710	-7.910
1365.390	0.590	-7.690
1365.400	0.590	-7.617
1365.410	0.590	-6.958
1365.420	0.460	-6.592
1365.430	0.460	-5.859
1365.440	0.460	-5.347
1365.450	0.330	-4.980
1365.460	0.330	-4.468
1365.470	0.330	-4.028
1365.480	0.200	-3.662
1365.490	0.200	-3.223
1365.500	0.200	-2.563
1365.510	0.080	-2.197
1365.520	0.080	-1.831
1365.530	0.080	-1.172
1365.540	-0.030	-1.172
1365.550	-0.030	-0.806
1365.560	-0.030	0.220
1365.570	-0.140	0.220
1365.580	-0.140	0.659
1365.590	-0.140	1.392
1365.600	-0.230	1.392
1365.610	-0.230	1.685
1365.620	-0.230	2.417
1365.630	-0.340	2.417
1365.640	-0.340	3.003
1365.650	-0.340	3.369
1365.660	-0.450	3.662
1365.670	-0.450	4.028
1365.680	-0.450	4.468
1365.690	-0.550	4.907
1365.700	-0.550	5.127
1365.710	-0.550	5.640
1365.720	-0.650	6.299
1365.730	-0.650	6.519
1365.740	-0.650	6.738
1365.750	-0.730	7.031
1365.760	-0.730	7.178
1365.770	-0.730	7.690
1365.780	-0.820	7.983
1365.790	-0.820	8.276
1365.800	-0.820	8.789
1365.810	-0.960	8.862
