% Time (s)	Gyro Output (rads/s)	Input Rate (RPM)	%9/1/20201:28 PM
0.000	0.000	0.000
922.660	-0.030	0.000
922.670	-0.030	0.000
922.680	-0.030	0.000
922.690	-0.030	0.000
922.700	-0.030	0.000
922.710	-0.030	0.000
922.720	-0.030	0.000
922.730	-0.030	0.000
922.740	-0.030	0.000
922.750	-0.030	0.000
922.760	-0.030	0.000
922.770	-0.020	0.000
922.780	-0.020	0.000
922.790	-0.020	0.000
922.800	-0.020	0.000
922.810	-0.020	0.000
922.820	-0.020	0.000
922.830	-0.020	0.000
922.840	-0.020	0.000
922.850	-0.020	0.000
922.860	-0.030	0.000
922.870	-0.030	0.000
922.880	-0.030	0.000
922.890	-0.020	0.000
922.900	-0.020	0.000
922.910	-0.020	0.000
922.920	-0.030	0.000
922.930	-0.030	0.000
922.940	-0.030	0.000
922.950	-0.030	0.000
922.960	-0.030	0.000
922.970	-0.030	0.000
922.980	-0.020	0.000
922.990	-0.020	0.000
923.000	-0.020	0.000
923.010	-0.030	0.000
923.020	-0.030	0.000
923.030	-0.030	0.000
923.040	-0.030	0.000
923.050	-0.030	0.000
923.060	-0.030	0.000
923.070	-0.030	0.000
923.080	-0.030	0.000
923.090	-0.030	0.000
923.100	-0.030	0.000
923.110	-0.030	0.000
923.120	-0.030	0.000
923.130	-0.020	0.000
923.140	-0.020	0.000
923.150	-0.020	0.000
923.160	-0.020	0.000
923.170	-0.020	0.000
923.180	-0.020	0.000
923.190	-0.030	0.000
923.200	-0.030	0.000
923.210	-0.030	0.000
923.220	-0.030	0.000
923.230	-0.030	0.000
923.240	-0.030	0.000
923.250	-0.030	0.000
923.260	-0.030	0.000
923.270	-0.030	0.000
923.280	-0.030	0.000
923.290	-0.030	0.000
923.300	-0.030	0.000
923.310	-0.030	0.000
923.320	-0.030	0.000
923.330	-0.030	0.000
923.340	-0.030	0.000
923.350	-0.030	0.000
923.360	-0.030	0.000
923.370	-0.020	-0.073
923.380	-0.020	-0.146
923.390	-0.020	-0.220
923.400	0.030	-0.366
923.410	0.030	-0.513
923.420	0.030	-0.732
923.430	0.110	-0.952
923.440	0.110	-1.245
923.450	0.110	-1.685
923.460	0.250	-2.344
923.470	0.250	-2.856
923.480	0.250	-3.369
923.490	0.510	-4.175
923.500	0.510	-5.054
923.510	0.510	-6.079
923.520	0.810	-7.178
923.530	0.810	-8.130
923.540	0.810	-9.229
923.550	1.160	-10.620
923.560	1.160	-11.426
923.570	1.160	-12.598
923.580	1.460	-13.916
923.590	1.460	-14.941
923.600	1.460	-16.040
923.610	1.720	-16.919
923.620	1.720	-17.944
923.630	1.720	-18.896
923.640	1.960	-20.068
923.650	1.960	-20.435
923.660	1.960	-21.533
923.670	2.100	-21.973
923.680	2.100	-22.485
923.690	2.100	-23.218
923.700	2.130	-23.218
923.710	2.130	-23.071
923.720	2.130	-22.925
923.730	2.060	-22.485
923.740	2.060	-22.485
923.750	2.060	-21.533
923.760	1.870	-20.874
923.770	1.870	-20.874
923.780	1.870	-18.604
923.790	1.450	-16.919
923.800	1.450	-16.919
923.810	1.450	-13.330
923.820	0.780	-13.330
923.830	0.780	-11.279
923.840	0.780	-6.152
923.850	-0.030	-6.152
923.860	-0.030	-3.076
923.870	-0.030	-0.366
923.880	-0.930	2.710
923.890	-0.930	5.640
923.900	-0.930	8.789
923.910	-1.720	11.646
923.920	-1.720	14.355
923.930	-1.720	16.772
923.940	-2.320	19.482
923.950	-2.320	21.899
923.960	-2.320	23.657
923.970	-2.790	25.928
923.980	-2.790	27.466
923.990	-2.790	28.857
924.000	-3.060	30.542
924.010	-3.060	31.421
924.020	-3.060	32.520
924.030	-3.250	33.618
924.040	-3.250	34.131
924.050	-3.250	34.863
924.060	-3.340	35.596
924.070	-3.340	35.815
924.080	-3.340	35.889
924.090	-3.360	36.548
924.100	-3.360	35.889
924.110	-3.360	36.255
924.120	-3.280	35.962
924.130	-3.280	36.108
924.140	-3.280	35.742
924.150	-3.140	35.303
924.160	-3.140	34.717
924.170	-3.140	34.058
924.180	-2.960	33.545
924.190	-2.960	32.593
924.200	-2.960	31.787
924.210	-2.540	30.322
924.220	-2.540	28.638
924.230	-2.540	26.514
924.240	-1.860	24.536
924.250	-1.860	21.753
924.260	-1.860	18.750
924.270	-0.770	15.674
924.280	-0.770	12.231
924.290	-0.770	8.203
924.300	0.390	4.468
924.310	0.390	0.659
924.320	0.390	-2.783
924.330	1.300	-6.592
924.340	1.300	-10.034
924.350	1.300	-13.257
924.360	2.020	-16.113
924.370	2.020	-21.753
924.380	2.020	-21.753
924.390	2.650	-23.950
924.400	2.650	-28.345
924.410	2.650	-28.345
924.420	3.210	-30.762
924.430	3.210	-32.520
924.440	3.210	-34.204
924.450	3.640	-35.962
924.460	3.640	-37.646
924.470	3.640	-39.478
924.480	3.930	-40.796
924.490	3.930	-42.114
924.500	3.930	-43.359
924.510	4.260	-44.458
924.520	4.260	-45.044
924.530	4.260	-45.996
924.540	4.370	-46.875
924.550	4.370	-47.021
924.560	4.370	-47.021
924.570	4.210	-46.948
924.580	4.210	-46.362
924.590	4.210	-45.483
924.600	3.780	-44.678
924.610	3.780	-43.140
924.620	3.780	-41.382
924.630	3.090	-39.258
924.640	3.090	-36.694
924.650	3.090	-34.204
924.660	2.120	-31.128
924.670	2.120	-27.905
924.680	2.120	-24.463
924.690	1.210	-21.387
924.700	1.210	-17.725
924.710	1.210	-14.062
924.720	0.230	-10.327
924.730	0.230	-6.738
924.740	0.230	-3.076
924.750	-0.740	0.293
924.760	-0.740	3.589
924.770	-0.740	7.031
924.780	-1.680	10.474
924.790	-1.680	13.916
924.800	-1.680	17.432
924.810	-2.560	20.654
924.820	-2.560	23.730
924.830	-2.560	26.880
924.840	-3.360	29.663
924.850	-3.360	32.446
924.860	-3.360	35.010
924.870	-3.980	37.646
924.880	-3.980	39.771
924.890	-3.980	41.968
924.900	-4.410	44.165
924.910	-4.410	45.483
924.920	-4.410	46.875
924.930	-4.660	48.267
924.940	-4.660	49.292
924.950	-4.660	50.537
924.960	-4.820	51.123
924.970	-4.820	51.270
924.980	-4.820	51.416
924.990	-4.710	51.489
925.000	-4.710	50.610
925.010	-4.710	50.317
925.020	-4.380	49.731
925.030	-4.380	48.633
925.040	-4.380	47.534
925.050	-3.910	45.923
925.060	-3.910	44.385
925.070	-3.910	42.554
925.080	-3.310	41.016
925.090	-3.310	38.599
925.100	-3.310	36.401
925.110	-2.580	34.058
925.120	-2.580	31.348
925.130	-2.580	28.345
925.140	-1.690	25.342
925.150	-1.690	22.266
925.160	-1.690	18.896
925.170	-0.780	15.674
925.180	-0.780	11.572
925.190	-0.780	7.837
925.200	0.370	4.321
925.210	0.370	0.366
925.220	0.370	-3.516
925.230	1.390	-7.031
925.240	1.390	-10.693
925.250	1.390	-14.062
925.260	2.180	-17.285
925.270	2.180	-20.508
925.280	2.180	-23.218
925.290	2.850	-26.001
925.300	2.850	-29.004
925.310	2.850	-31.421
925.320	3.580	-33.984
925.330	3.580	-36.401
925.340	3.580	-38.892
925.350	4.270	-41.528
925.360	4.270	-43.652
925.370	4.270	-45.557
925.380	4.750	-48.120
925.390	4.750	-49.512
925.400	4.750	-51.270
925.410	5.040	-52.954
925.420	5.040	-54.053
925.430	5.040	-55.225
925.440	5.260	-56.396
925.450	5.260	-56.616
925.460	5.260	-57.422
925.470	5.280	-57.715
925.480	5.280	-57.056
925.490	5.280	-57.056
925.500	4.990	-56.396
925.510	4.990	-55.005
925.520	4.990	-53.247
925.530	4.180	-51.270
925.540	4.180	-48.193
925.550	4.180	-45.264
925.560	2.970	-41.821
925.570	2.970	-38.013
925.580	2.970	-34.351
925.590	1.740	-30.176
925.600	1.740	-25.928
925.610	1.740	-21.826
925.620	0.670	-17.944
925.630	0.670	-13.916
925.640	0.670	-10.254
925.650	-0.120	-6.519
925.660	-0.120	-2.856
925.670	-0.120	0.439
925.680	-1.010	4.028
925.690	-1.010	7.324
925.700	-1.010	10.767
925.710	-1.940	13.916
925.720	-1.940	17.285
925.730	-1.940	20.581
925.740	-2.890	24.243
925.750	-2.890	27.026
925.760	-2.890	30.396
925.770	-3.780	33.472
925.780	-3.780	36.548
925.790	-3.780	39.478
925.800	-4.450	42.480
925.810	-4.450	44.824
925.820	-4.450	47.388
925.830	-4.940	49.512
925.840	-4.940	50.903
925.850	-4.940	53.027
925.860	-5.310	54.858
925.870	-5.310	55.957
925.880	-5.310	57.202
925.890	-5.530	58.154
925.900	-5.530	58.594
925.910	-5.530	59.766
925.920	-5.600	59.839
925.930	-5.600	60.205
925.940	-5.600	60.132
925.950	-5.410	60.132
925.960	-5.410	59.033
925.970	-5.410	58.301
925.980	-4.960	56.836
925.990	-4.960	55.151
926.000	-4.960	53.394
926.010	-4.140	50.684
926.020	-4.140	48.267
926.030	-4.140	45.264
926.040	-3.120	42.114
926.050	-3.120	38.452
926.060	-3.120	35.083
926.070	-2.070	31.567
926.080	-2.070	27.759
926.090	-2.070	23.950
926.100	-1.000	19.995
926.110	-1.000	16.333
926.120	-1.000	12.231
926.130	-0.020	8.276
926.140	-0.020	4.468
926.150	-0.020	0.293
926.160	1.100	-3.809
926.170	1.100	-11.279
926.180	1.100	-14.722
926.190	2.070	-14.722
926.200	2.070	-18.164
926.210	2.070	-21.680
926.220	2.850	-25.342
926.230	2.850	-27.979
926.240	2.850	-30.981
926.250	3.620	-33.765
926.260	3.620	-36.548
926.270	3.620	-39.624
926.280	4.420	-42.554
926.290	4.420	-45.044
926.300	4.420	-47.681
926.310	5.060	-50.024
926.320	5.060	-51.855
926.330	5.060	-54.126
926.340	5.390	-56.104
926.350	5.390	-57.788
926.360	5.390	-58.960
926.370	5.620	-59.839
926.380	5.620	-60.425
926.390	5.620	-61.011
926.400	5.630	-61.597
926.410	5.630	-60.791
926.420	5.630	-59.985
926.430	5.300	-58.594
926.440	5.300	-56.836
926.450	5.300	-55.151
926.460	4.560	-55.151
926.470	4.560	-52.881
926.480	4.560	-47.168
926.490	3.550	-43.652
926.500	3.550	-40.430
926.510	3.550	-37.061
926.520	2.530	-37.061
926.530	2.530	-33.398
926.540	2.530	-29.883
926.550	1.590	-26.367
926.560	1.590	-22.778
926.570	1.590	-19.189
926.580	0.630	-15.820
926.590	0.630	-12.451
926.600	0.630	-8.643
926.610	-0.230	-5.273
926.620	-0.230	-1.538
926.630	-0.230	1.245
926.640	-1.170	4.834
926.650	-1.170	8.057
926.660	-1.170	11.499
926.670	-2.000	14.575
926.680	-2.000	17.944
926.690	-2.000	20.874
926.700	-2.780	23.877
926.710	-2.780	26.660
926.720	-2.780	29.297
926.730	-3.590	32.812
926.740	-3.590	35.229
926.750	-3.590	38.086
926.760	-4.340	40.869
926.770	-4.340	43.652
926.780	-4.340	45.923
926.790	-4.950	48.706
926.800	-4.950	50.464
926.810	-4.950	52.808
926.820	-5.390	55.151
926.830	-5.390	56.396
926.840	-5.390	58.301
926.850	-5.760	59.985
926.860	-5.760	61.011
926.870	-5.760	61.743
926.880	-5.870	62.329
926.890	-5.870	62.402
926.900	-5.870	62.622
926.910	-5.590	62.256
926.920	-5.590	60.937
926.930	-5.590	57.349
926.940	-4.800	57.349
926.950	-4.800	54.272
926.960	-4.800	47.974
926.970	-3.540	47.974
926.980	-3.540	44.092
926.990	-3.540	35.449
927.000	-2.230	35.449
927.010	-2.230	31.128
927.020	-2.230	22.852
927.030	-1.180	22.852
927.040	-1.180	18.970
927.050	-1.180	11.353
927.060	-0.390	11.353
927.070	-0.390	7.471
927.080	-0.390	0.366
927.090	0.630	0.366
927.100	0.630	-2.930
927.110	0.630	-10.327
927.120	1.640	-10.327
927.130	1.640	-14.062
927.140	1.640	-21.460
927.150	2.620	-21.460
927.160	2.620	-24.390
927.170	2.620	-30.835
927.180	3.420	-30.835
927.190	3.420	-34.131
927.200	3.420	-39.844
927.210	4.150	-39.844
927.220	4.150	-42.407
927.230	4.150	-47.168
927.240	4.810	-47.168
927.250	4.810	-49.585
927.260	4.810	-53.833
927.270	5.290	-53.833
927.280	5.290	-55.371
927.290	5.290	-58.667
927.300	5.560	-58.667
927.310	5.560	-59.546
927.320	5.560	-61.084
927.330	5.680	-61.084
927.340	5.680	-61.450
927.350	5.680	-61.084
927.360	5.420	-60.571
927.370	5.420	-59.253
927.380	5.420	-57.715
927.390	4.570	-55.444
927.400	4.570	-52.368
927.410	4.570	-49.585
927.420	3.230	-45.923
927.430	3.230	-37.207
927.440	3.230	-37.207
927.450	1.900	-32.812
927.460	1.900	-28.271
927.470	1.900	-24.023
927.480	0.850	-19.995
927.490	0.850	-15.967
927.500	0.850	-12.231
927.510	0.000	-8.350
927.520	0.000	-5.054
927.530	0.000	-1.611
927.540	-0.720	1.025
927.550	-0.720	4.395
927.560	-0.720	7.397
927.570	-1.590	10.547
927.580	-1.590	13.550
927.590	-1.590	16.992
927.600	-2.450	19.995
927.610	-2.450	23.071
927.620	-2.450	26.074
927.630	-3.310	29.150
927.640	-3.310	32.446
927.650	-3.310	35.303
927.660	-4.200	38.818
927.670	-4.200	41.821
927.680	-4.200	44.897
927.690	-5.020	47.681
927.700	-5.020	50.317
927.710	-5.020	53.174
927.720	-5.690	56.030
927.730	-5.690	58.301
927.740	-5.690	60.498
927.750	-6.130	62.769
927.760	-6.130	63.721
927.770	-6.130	64.673
927.780	-6.190	65.771
927.790	-6.190	65.698
927.800	-6.190	65.479
927.810	-5.780	64.600
927.820	-5.780	62.842
927.830	-5.780	60.791
927.840	-4.730	58.228
927.850	-4.730	54.419
927.860	-4.730	51.050
927.870	-4.730	47.314
927.880	-4.730	42.993
927.890	-4.730	38.818
927.900	-2.220	34.717
927.910	-2.220	30.396
927.920	-2.220	26.367
927.930	-1.330	22.705
927.940	-1.330	18.896
927.950	-1.330	15.674
927.960	-0.400	12.012
927.970	-0.400	8.276
927.980	-0.400	5.054
927.990	0.640	1.685
928.000	0.640	-1.685
928.010	0.640	-4.907
928.020	1.410	-8.350
928.030	1.410	-11.865
928.040	1.410	-15.308
928.050	2.250	-18.530
928.060	2.250	-21.680
928.070	2.250	-24.316
928.080	3.060	-27.905
928.090	3.060	-30.835
928.100	3.060	-33.911
928.110	3.910	-37.061
928.120	3.910	-39.551
928.130	3.910	-42.480
928.140	4.670	-45.044
928.150	4.670	-47.534
928.160	4.670	-50.024
928.170	5.190	-52.588
928.180	5.190	-54.053
928.190	5.190	-55.884
928.200	5.450	-56.982
928.210	5.450	-58.228
928.220	5.450	-59.619
928.230	5.500	-59.619
928.240	5.500	-59.473
928.250	5.500	-59.033
928.260	5.290	-59.033
928.270	5.290	-57.788
928.280	5.290	-54.565
928.290	4.640	-54.565
928.300	4.640	-52.588
928.310	4.640	-46.655
928.320	3.560	-46.655
928.330	3.560	-43.140
928.340	3.560	-35.669
928.350	2.320	-35.669
928.360	2.320	-31.641
928.370	2.320	-23.584
928.380	1.220	-23.584
928.390	1.220	-19.849
928.400	1.220	-12.451
928.410	0.340	-12.451
928.420	0.340	-9.082
928.430	0.340	-2.490
928.440	-0.480	-2.490
928.450	-0.480	0.439
928.460	-0.480	6.812
928.470	-1.210	6.812
928.480	-1.210	9.961
928.490	-1.210	16.626
928.500	-2.150	16.626
928.510	-2.150	19.775
928.520	-2.150	26.147
928.530	-3.100	26.147
928.540	-3.100	29.297
928.550	-3.100	32.886
928.560	-3.940	35.889
928.570	-3.940	39.111
928.580	-3.940	41.895
928.590	-4.690	45.044
928.600	-4.690	47.461
928.610	-4.690	49.658
928.620	-5.300	52.441
928.630	-5.300	54.639
928.640	-5.300	56.177
928.650	-5.660	58.228
928.660	-5.660	59.399
928.670	-5.660	59.912
928.680	-5.700	60.937
928.690	-5.700	60.718
928.700	-5.700	60.425
928.710	-5.360	60.132
928.720	-5.360	58.301
928.730	-5.360	56.616
928.740	-4.480	54.419
928.750	-4.480	51.123
928.760	-4.480	44.604
928.770	-3.300	44.604
928.780	-3.300	40.283
928.790	-3.300	32.080
928.800	-2.030	32.080
928.810	-2.030	27.686
928.820	-2.030	18.896
928.830	-0.800	18.896
928.840	-0.800	14.575
928.850	-0.800	5.859
928.860	0.390	5.859
928.870	0.390	1.685
928.880	0.390	-6.445
928.890	1.430	-6.445
928.900	1.430	-10.107
928.910	1.430	-17.651
928.920	2.310	-17.651
928.930	2.310	-20.947
928.940	2.310	-27.026
928.950	3.010	-27.026
928.960	3.010	-30.029
928.970	3.010	-32.959
928.980	3.760	-36.035
928.990	3.760	-38.379
929.000	3.760	-41.089
929.010	4.380	-43.652
929.020	4.380	-45.337
929.030	4.380	-47.754
929.040	4.850	-49.731
929.050	4.850	-51.123
929.060	4.850	-52.515
929.070	5.050	-53.613
929.080	5.050	-54.199
929.090	5.050	-55.005
929.100	5.010	-55.151
929.110	5.010	-54.858
929.120	5.010	-55.151
929.130	4.830	-54.639
929.140	4.830	-53.687
929.150	4.830	-53.174
929.160	4.490	-52.148
929.170	4.490	-50.757
929.180	4.490	-48.926
929.190	3.970	-47.241
929.200	3.970	-44.897
929.210	3.970	-42.700
929.220	3.020	-39.990
929.230	3.020	-36.694
929.240	3.020	-33.618
929.250	1.980	-30.396
929.260	1.980	-26.514
929.270	1.980	-23.145
929.280	1.010	-19.775
929.290	1.010	-16.040
929.300	1.010	-12.817
929.310	0.090	-9.229
929.320	0.090	-5.640
929.330	0.090	-2.783
929.340	-0.800	0.732
929.350	-0.800	4.175
929.360	-0.800	7.178
929.370	-1.670	10.400
929.380	-1.670	13.550
929.390	-1.670	16.699
929.400	-2.560	20.215
929.410	-2.560	23.145
929.420	-2.560	26.221
929.430	-3.280	29.517
929.440	-3.280	32.153
929.450	-3.280	34.790
929.460	-3.990	37.793
929.470	-3.990	40.356
929.480	-3.990	42.847
929.490	-4.600	45.337
929.500	-4.600	47.021
929.510	-4.600	49.219
929.520	-5.120	51.562
929.530	-5.120	53.247
929.540	-5.120	54.712
929.550	-5.500	56.763
929.560	-5.500	57.642
929.570	-5.500	58.521
929.580	-5.610	59.473
929.590	-5.610	59.692
929.600	-5.610	60.132
929.610	-5.370	59.692
929.620	-5.370	58.447
929.630	-5.370	57.129
929.640	-4.630	55.737
929.650	-4.630	53.174
929.660	-4.630	50.464
929.670	-3.740	47.827
929.680	-3.740	44.458
929.690	-3.740	40.869
929.700	-2.600	37.061
929.710	-2.600	33.105
929.720	-2.600	29.443
929.730	-1.550	25.635
929.740	-1.550	21.606
929.750	-1.550	17.651
929.760	-0.520	14.062
929.770	-0.520	10.327
929.780	-0.520	6.299
929.790	0.500	2.856
929.800	0.500	-0.952
929.810	0.500	-4.761
929.820	1.570	-8.496
929.830	1.570	-12.085
929.840	1.570	-16.113
929.850	2.590	-19.702
929.860	2.590	-23.437
929.870	2.590	-27.100
929.880	3.530	-30.469
929.890	3.530	-33.984
929.900	3.530	-37.280
929.910	4.240	-40.430
929.920	4.240	-43.726
929.930	4.240	-46.509
929.940	4.960	-48.706
929.950	4.960	-51.196
929.960	4.960	-55.225
929.970	5.390	-55.225
929.980	5.390	-56.763
929.990	5.390	-59.106
930.000	5.530	-59.106
930.010	5.530	-59.619
930.020	5.530	-59.546
930.030	5.410	-59.912
930.040	5.410	-59.619
930.050	5.410	-57.422
930.060	4.980	-57.422
930.070	4.980	-56.323
930.080	4.980	-52.661
930.090	4.310	-52.661
930.100	4.310	-50.610
930.110	4.310	-45.483
930.120	3.580	-45.483
930.130	3.580	-42.554
930.140	3.580	-36.328
930.150	2.610	-36.328
930.160	2.610	-32.739
930.170	2.610	-29.370
930.180	1.570	-25.708
930.190	1.570	-21.680
930.200	1.570	-17.871
930.210	0.450	-14.136
930.220	0.450	-10.327
930.230	0.450	-6.079
930.240	-0.650	-2.563
930.250	-0.650	1.465
930.260	-0.650	4.980
930.270	-1.590	8.789
930.280	-1.590	12.012
930.290	-1.590	15.381
930.300	-2.420	19.043
930.310	-2.420	21.899
930.320	-2.420	25.342
930.330	-3.260	28.418
930.340	-3.260	31.567
930.350	-3.260	34.351
930.360	-3.970	37.207
930.370	-3.970	39.917
930.380	-3.970	42.773
930.390	-4.700	45.703
930.400	-4.700	47.754
930.410	-4.700	50.537
930.420	-5.260	52.222
930.430	-5.260	54.126
930.440	-5.260	55.884
930.450	-5.530	57.129
930.460	-5.530	58.008
930.470	-5.530	58.594
930.480	-5.420	59.106
930.490	-5.420	58.447
930.500	-5.420	57.861
930.510	-4.920	56.689
930.520	-4.920	55.371
930.530	-4.920	53.467
930.540	-4.160	51.416
930.550	-4.160	49.072
930.560	-4.160	46.362
930.570	-3.380	44.092
930.580	-3.380	41.089
930.590	-3.380	38.452
930.600	-2.800	35.962
930.610	-2.800	33.105
930.620	-2.800	27.832
930.630	-2.070	27.832
930.640	-2.070	24.756
930.650	-2.070	18.677
930.660	-1.100	18.677
930.670	-1.100	15.015
930.680	-1.100	7.764
930.690	0.110	7.764
930.700	0.110	3.735
930.710	0.110	-4.541
930.720	1.320	-4.541
930.730	1.320	-8.716
930.740	1.320	-16.626
930.750	2.350	-16.626
930.760	2.350	-20.508
930.770	2.350	-28.052
930.780	3.270	-28.052
930.790	3.270	-31.567
930.800	3.270	-37.939
930.810	4.140	-37.939
930.820	4.140	-41.235
930.830	4.140	-46.655
930.840	4.770	-46.655
930.850	4.770	-49.292
930.860	4.770	-53.687
930.870	5.260	-53.687
930.880	5.260	-55.591
930.890	5.260	-58.374
930.900	5.500	-58.374
930.910	5.500	-59.766
930.920	5.500	-60.059
930.930	5.600	-61.084
930.940	5.600	-61.523
930.950	5.600	-61.670
930.960	5.640	-62.036
930.970	5.640	-61.743
930.980	5.640	-61.304
930.990	5.380	-60.718
931.000	5.380	-59.326
931.010	5.380	-57.422
931.020	4.580	-55.957
931.030	4.580	-53.174
931.040	4.580	-49.878
931.050	3.300	-46.582
931.060	3.300	-42.480
931.070	3.300	-38.745
931.080	2.200	-34.204
931.090	2.200	-30.029
931.100	2.200	-21.313
931.110	1.030	-21.313
931.120	1.030	-12.451
931.130	1.030	-8.569
931.140	-0.090	-4.541
931.150	-0.090	-4.541
931.160	-0.090	3.442
931.170	-1.160	3.442
931.180	-1.160	6.958
931.190	-1.160	14.502
931.200	-2.140	14.502
931.210	-2.140	17.944
931.220	-2.140	25.342
931.230	-3.070	25.342
931.240	-3.070	28.857
931.250	-3.070	35.376
931.260	-3.980	35.376
931.270	-3.980	38.452
931.280	-3.980	44.531
931.290	-4.780	44.531
931.300	-4.780	47.534
931.310	-4.780	52.881
931.320	-5.340	52.881
931.330	-5.340	55.005
931.340	-5.340	59.106
931.350	-5.800	59.106
931.360	-5.800	60.645
931.370	-5.800	62.988
931.380	-5.960	62.988
931.390	-5.960	63.501
931.400	-5.960	63.354
931.410	-5.720	63.281
931.420	-5.720	62.549
931.430	-5.720	61.670
931.440	-5.120	60.205
931.450	-5.120	58.154
931.460	-5.120	55.957
931.470	-4.320	53.833
931.480	-4.320	51.123
931.490	-4.320	47.974
931.500	-3.480	45.703
931.510	-3.480	42.334
931.520	-3.480	39.404
931.530	-2.720	36.401
931.540	-2.720	33.325
931.550	-2.720	30.176
931.560	-1.900	26.953
931.570	-1.900	23.437
931.580	-1.900	19.775
931.590	-0.750	16.260
931.600	-0.750	12.012
931.610	-0.750	7.544
931.620	0.630	3.516
931.630	0.630	-1.392
931.640	0.630	-6.006
931.650	1.960	-10.767
931.660	1.960	-15.381
931.670	1.960	-19.556
931.680	3.070	-23.950
931.690	3.070	-28.052
931.700	3.070	-32.153
931.710	3.950	-35.449
931.720	3.950	-38.892
931.730	3.950	-41.821
931.740	4.660	-45.117
931.750	4.660	-47.241
931.760	4.660	-49.731
931.770	5.110	-52.148
931.780	5.110	-54.053
931.790	5.110	-55.737
931.800	5.480	-57.349
931.810	5.480	-58.667
931.820	5.480	-59.766
931.830	5.630	-60.498
931.840	5.630	-60.645
931.850	5.630	-61.157
931.860	5.510	-61.157
931.870	5.510	-60.645
931.880	5.510	-60.278
931.890	5.160	-59.473
931.900	5.160	-57.935
931.910	5.160	-56.470
931.920	4.580	-55.005
931.930	4.580	-53.174
931.940	4.580	-51.196
931.950	3.880	-48.926
931.960	3.880	-46.436
931.970	3.880	-41.016
931.980	3.140	-38.159
931.990	3.140	-35.522
932.000	3.140	-32.666
932.010	2.380	-32.666
932.020	2.380	-29.297
932.030	2.380	-22.485
932.040	1.370	-22.485
932.050	1.370	-19.116
932.060	1.370	-11.572
932.070	0.260	-11.572
932.080	0.260	-7.617
932.090	0.260	-3.882
932.100	-0.980	0.659
932.110	-0.980	4.834
932.120	-0.980	9.155
932.130	-2.200	13.550
932.140	-2.200	17.432
932.150	-2.200	21.606
932.160	-3.240	25.854
932.170	-3.240	29.663
932.180	-3.240	33.252
932.190	-4.100	36.914
932.200	-4.100	39.771
932.210	-4.100	45.850
932.220	-4.820	45.850
932.230	-4.820	48.413
932.240	-4.820	53.906
932.250	-5.370	53.906
932.260	-5.370	55.957
932.270	-5.370	59.912
932.280	-5.910	59.912
932.290	-5.910	61.816
932.300	-5.910	63.574
932.310	-6.220	65.039
932.320	-6.220	65.918
932.330	-6.220	66.577
932.340	-6.170	67.017
932.350	-6.170	66.357
932.360	-6.170	65.918
932.370	-5.680	65.039
932.380	-5.680	63.135
932.390	-5.680	60.864
932.400	-4.740	58.521
932.410	-4.740	55.591
932.420	-4.740	52.368
932.430	-3.620	49.146
932.440	-3.620	45.264
932.450	-3.620	42.041
932.460	-2.690	38.306
932.470	-2.690	35.010
932.480	-2.690	31.567
932.490	-1.980	27.979
932.500	-1.980	24.390
932.510	-1.980	20.874
932.520	-0.910	17.212
932.530	-0.910	12.964
932.540	-0.910	9.302
932.550	0.400	4.980
932.560	0.400	0.513
932.570	0.400	-3.882
932.580	1.750	-8.643
932.590	1.750	-12.744
932.600	1.750	-17.432
932.610	2.890	-21.973
932.620	2.890	-26.001
932.630	2.890	-33.691
932.640	3.840	-33.691
932.650	3.840	-37.500
932.660	3.840	-44.092
932.670	4.660	-44.092
932.680	4.660	-47.021
932.690	4.660	-52.295
932.700	5.320	-52.295
932.710	5.320	-54.785
932.720	5.320	-58.887
932.730	5.690	-58.887
932.740	5.690	-60.425
932.750	5.690	-62.915
932.760	5.890	-62.915
932.770	5.890	-63.574
932.780	5.890	-64.233
932.790	5.860	-64.233
932.800	5.860	-64.233
932.810	5.860	-62.329
932.820	5.510	-62.329
932.830	5.510	-61.377
932.840	5.510	-57.275
932.850	4.680	-57.275
932.860	4.680	-54.492
932.870	4.680	-48.560
932.880	3.550	-48.560
932.890	3.550	-44.604
932.900	3.550	-36.841
932.910	2.370	-36.841
932.920	2.370	-32.959
932.930	2.370	-24.683
932.940	1.300	-24.683
932.950	1.300	-20.654
932.960	1.300	-16.846
932.970	0.450	-12.964
932.980	0.450	-9.375
932.990	0.450	-5.713
933.000	-0.600	-1.904
933.010	-0.600	1.758
933.020	-0.600	5.420
933.030	-1.620	9.082
933.040	-1.620	12.378
933.050	-1.620	16.040
933.060	-2.530	19.409
933.070	-2.530	23.071
933.080	-2.530	26.440
933.090	-3.400	29.810
933.100	-3.400	32.739
933.110	-3.400	35.522
933.120	-4.120	38.306
933.130	-4.120	40.942
933.140	-4.120	43.506
933.150	-4.650	45.776
933.160	-4.650	47.607
933.170	-4.650	49.585
933.180	-5.090	51.489
933.190	-5.090	53.027
933.200	-5.090	54.639
933.210	-5.460	56.470
933.220	-5.460	57.642
933.230	-5.460	59.546
933.240	-5.710	59.546
933.250	-5.710	60.205
933.260	-5.710	60.864
933.270	-5.590	60.864
933.280	-5.590	60.498
933.290	-5.590	59.692
933.300	-5.100	58.813
933.310	-5.100	56.763
933.320	-5.100	54.712
933.330	-4.210	52.295
933.340	-4.210	49.512
933.350	-4.210	46.582
933.360	-3.160	43.652
933.370	-3.160	39.990
933.380	-3.160	36.621
933.390	-2.210	33.105
933.400	-2.210	29.150
933.410	-2.210	25.854
933.420	-1.470	22.632
933.430	-1.470	18.970
933.440	-1.470	15.601
933.450	-0.400	11.499
933.460	-0.400	7.544
933.470	-0.400	3.516
933.480	0.910	-0.879
933.490	0.910	-5.054
933.500	0.910	-9.375
933.510	2.220	-13.916
933.520	2.220	-18.457
933.530	2.220	-22.852
933.540	3.310	-27.246
933.550	3.310	-31.055
933.560	3.310	-34.863
933.570	4.200	-38.452
933.580	4.200	-41.748
933.590	4.200	-45.190
933.600	4.990	-48.413
933.610	4.990	-50.977
933.620	4.990	-53.760
933.630	5.640	-56.250
933.640	5.640	-58.447
933.650	5.640	-60.205
933.660	5.990	-62.549
933.670	5.990	-63.867
933.680	5.990	-64.966
933.690	6.140	-65.698
933.700	6.140	-66.064
933.710	6.140	-66.650
933.720	5.960	-66.357
933.730	5.960	-65.625
933.740	5.960	-64.526
933.750	5.470	-63.794
933.760	5.470	-61.597
933.770	5.470	-59.839
933.780	4.660	-57.715
933.790	4.660	-54.639
933.800	4.660	-51.562
933.810	3.600	-47.974
933.820	3.600	-44.312
933.830	3.600	-40.503
933.840	2.370	-36.694
933.850	2.370	-32.227
933.860	2.370	-28.052
933.870	1.070	-23.584
933.880	1.070	-18.896
933.890	1.070	-14.722
933.900	-0.010	-9.888
933.910	-0.010	-5.347
933.920	-0.010	-1.245
933.930	-1.220	3.296
933.940	-1.220	7.617
933.950	-1.220	12.085
933.960	-2.370	16.553
933.970	-2.370	20.654
933.980	-2.370	24.976
933.990	-3.480	29.150
934.000	-3.480	32.812
934.010	-3.480	36.548
934.020	-4.550	41.016
934.030	-4.550	44.165
934.040	-4.550	48.047
934.050	-5.420	51.343
934.060	-5.420	54.346
934.070	-5.420	57.129
934.080	-6.040	59.619
934.090	-6.040	61.816
934.100	-6.040	63.721
934.110	-6.290	65.259
934.120	-6.290	65.845
934.130	-6.290	66.870
934.140	-6.130	67.090
934.150	-6.130	66.357
934.160	-6.130	65.991
934.170	-5.690	65.186
934.180	-5.690	64.014
934.190	-5.690	62.476
934.200	-5.230	60.937
934.210	-5.230	59.180
934.220	-5.230	57.275
934.230	-4.700	55.371
934.240	-4.700	52.954
934.250	-4.700	48.413
934.260	-3.930	48.413
934.270	-3.930	45.630
934.280	-3.930	38.672
934.290	-2.800	38.672
934.300	-2.800	34.644
934.310	-2.800	24.829
934.320	-1.060	24.829
934.330	-1.060	18.750
934.340	-1.060	5.786
934.350	1.070	5.786
934.360	1.070	-0.586
934.370	1.070	-14.062
934.380	2.710	-14.062
934.390	2.710	-20.215
934.400	2.710	-32.080
934.410	4.000	-37.207
934.420	4.000	-41.748
934.430	4.000	-41.748
934.440	4.900	-46.216
934.450	4.900	-49.512
934.460	4.900	-53.174
934.470	5.620	-56.104
934.480	5.620	-58.667
934.490	5.620	-61.157
934.500	6.170	-63.794
934.510	6.170	-65.332
934.520	6.170	-67.603
934.530	6.590	-69.214
934.540	6.590	-70.386
934.550	6.590	-71.631
934.560	6.860	-73.022
934.570	6.860	-73.608
934.580	6.860	-73.975
934.590	6.720	-74.194
934.600	6.720	-73.022
934.610	6.720	-72.144
934.620	6.080	-70.459
934.630	6.080	-67.749
934.640	6.080	-64.966
934.650	4.730	-61.304
934.660	4.730	-56.543
934.670	4.730	-52.075
934.680	3.150	-47.534
934.690	3.150	-42.261
934.700	3.150	-37.573
934.710	1.890	-32.886
934.720	1.890	-28.052
934.730	1.890	-23.657
934.740	0.910	-19.263
934.750	0.910	-15.234
934.760	0.910	-11.206
934.770	-0.260	-6.885
934.780	-0.260	-2.490
934.790	-0.260	1.685
934.800	-1.650	6.226
934.810	-1.650	10.693
934.820	-1.650	15.674
934.830	-2.940	20.361
934.840	-2.940	29.663
934.850	-2.940	29.663
934.860	-4.060	34.570
934.870	-4.060	38.672
934.880	-4.060	42.700
934.890	-5.130	47.241
934.900	-5.130	50.757
934.910	-5.130	53.833
934.920	-5.880	57.349
934.930	-5.880	59.766
934.940	-5.880	62.183
934.950	-6.250	64.087
934.960	-6.250	65.405
934.970	-6.250	66.431
934.980	-6.180	66.943
934.990	-6.180	66.284
935.000	-6.180	66.211
935.010	-5.710	65.625
935.020	-5.710	64.014
935.030	-5.710	62.695
935.040	-5.140	61.230
935.050	-5.140	59.399
935.060	-5.140	57.349
935.070	-4.700	55.664
935.080	-4.700	53.467
935.090	-4.700	51.636
935.100	-4.170	49.585
935.110	-4.170	47.314
935.120	-4.170	45.190
935.130	-3.460	42.847
935.140	-3.460	39.844
935.150	-3.460	37.207
935.160	-2.480	34.058
935.170	-2.480	30.029
935.180	-2.480	26.587
935.190	-1.160	22.412
935.200	-1.160	17.578
935.210	-1.160	13.257
935.220	0.370	8.130
935.230	0.370	3.223
935.240	0.370	-1.318
935.250	1.710	-6.738
935.260	1.710	-11.426
935.270	1.710	-15.527
935.280	2.720	-20.288
935.290	2.720	-24.243
935.300	2.720	-27.393
935.310	3.400	-31.055
935.320	3.400	-33.984
935.330	3.400	-39.624
935.340	4.050	-39.624
935.350	4.050	-41.895
935.360	4.050	-44.312
935.370	4.610	-46.655
935.380	4.610	-48.120
935.390	4.610	-52.002
935.400	5.030	-52.002
935.410	5.030	-53.247
935.420	5.030	-54.492
935.430	5.280	-56.250
935.440	5.280	-57.202
935.450	5.280	-58.301
935.460	5.430	-58.301
935.470	5.430	-58.813
935.480	5.430	-59.619
935.490	5.450	-59.839
935.500	5.450	-59.619
935.510	5.450	-59.326
935.520	5.230	-59.180
935.530	5.230	-57.935
935.540	5.230	-56.763
935.550	4.730	-55.811
935.560	4.730	-53.833
935.570	4.730	-51.636
935.580	3.910	-48.999
935.590	3.910	-46.143
935.600	3.910	-43.652
935.610	3.030	-40.649
935.620	3.030	-37.061
935.630	3.030	-33.472
935.640	1.950	-29.883
935.650	1.950	-25.781
935.660	1.950	-21.899
935.670	0.680	-17.944
935.680	0.680	-13.696
935.690	0.680	-9.302
935.700	-0.610	-4.687
935.710	-0.610	-0.220
935.720	-0.610	4.028
935.730	-1.840	9.009
935.740	-1.840	13.330
935.750	-1.840	17.651
935.760	-3.030	21.826
935.770	-3.030	26.074
935.780	-3.030	30.322
935.790	-3.980	34.644
935.800	-3.980	38.525
935.810	-3.980	42.334
935.820	-4.900	45.996
935.830	-4.900	48.560
935.840	-4.900	51.782
935.850	-5.550	54.858
935.860	-5.550	57.495
935.870	-5.550	59.546
935.880	-5.930	60.864
935.890	-5.930	62.036
935.900	-5.930	63.135
935.910	-5.990	64.014
935.920	-5.990	64.014
935.930	-5.990	64.233
935.940	-5.660	63.354
935.950	-5.660	62.329
935.960	-5.660	60.937
935.970	-5.050	59.766
935.980	-5.050	58.154
935.990	-5.050	56.030
936.000	-4.380	53.906
936.010	-4.380	51.489
936.020	-4.380	49.146
936.030	-3.850	47.021
936.040	-3.850	44.751
936.050	-3.850	42.114
936.060	-3.160	39.844
936.070	-3.160	36.841
936.080	-3.160	34.204
936.090	-2.240	30.762
936.100	-2.240	27.539
936.110	-2.240	23.804
936.120	-1.010	20.215
936.130	-1.010	15.454
936.140	-1.010	11.133
936.150	0.460	6.372
936.160	0.460	1.318
936.170	0.460	-3.516
936.180	1.870	-8.643
936.190	1.870	-13.257
936.200	1.870	-18.164
936.210	3.110	-22.925
936.220	3.110	-27.466
936.230	3.110	-31.567
936.240	4.100	-35.449
936.250	4.100	-39.185
936.260	4.100	-42.700
936.270	4.720	-45.630
936.280	4.720	-48.267
936.290	4.720	-50.610
936.300	5.190	-53.247
936.310	5.190	-54.565
936.320	5.190	-57.202
936.330	5.390	-57.202
936.340	5.390	-58.374
936.350	5.390	-59.033
936.360	5.460	-59.546
936.370	5.460	-60.352
936.380	5.460	-60.791
936.390	5.600	-61.377
936.400	5.600	-61.377
936.410	5.600	-61.963
936.420	5.750	-62.402
936.430	5.750	-62.622
936.440	5.750	-62.695
936.450	5.660	-62.622
936.460	5.660	-62.329
936.470	5.660	-61.230
936.480	5.200	-60.352
936.490	5.200	-58.594
936.500	5.200	-56.616
936.510	4.460	-54.492
936.520	4.460	-51.050
936.530	4.460	-47.461
936.540	3.080	-43.433
936.550	3.080	-39.111
936.560	3.080	-34.277
936.570	1.570	-29.883
936.580	1.570	-24.756
936.590	1.570	-19.995
936.600	0.250	-14.868
936.610	0.250	-9.741
936.620	0.250	-5.200
936.630	-0.920	-0.659
936.640	-0.920	3.809
936.650	-0.920	8.789
936.660	-2.220	13.184
936.670	-2.220	17.944
936.680	-2.220	22.632
936.690	-3.610	27.393
936.700	-3.610	31.787
936.710	-3.610	36.255
936.720	-4.780	40.796
936.730	-4.780	44.971
936.740	-4.780	52.515
936.750	-5.580	52.515
936.760	-5.580	56.323
936.770	-5.580	62.109
936.780	-6.270	62.109
936.790	-6.270	64.600
936.800	-6.270	67.090
936.810	-6.680	70.020
936.820	-6.680	70.020
936.830	-6.680	71.411
936.840	-6.640	71.484
936.850	-6.640	71.484
936.860	-6.640	70.605
936.870	-6.060	69.727
936.880	-6.060	67.676
936.890	-6.060	62.915
936.900	-5.100	62.915
936.910	-5.100	60.132
936.920	-5.100	57.275
936.930	-4.190	54.346
936.940	-4.190	51.562
936.950	-4.190	48.486
936.960	-3.620	45.703
936.970	-3.620	42.773
936.980	-3.620	40.576
936.990	-3.040	38.086
937.000	-3.040	35.229
937.010	-3.040	32.300
937.020	-2.140	29.443
937.030	-2.140	25.708
937.040	-2.140	21.826
937.050	-0.750	17.798
937.060	-0.750	12.964
937.070	-0.750	8.423
937.080	0.910	3.003
937.090	0.910	-2.271
937.100	0.910	-7.910
937.110	2.400	-13.037
937.120	2.400	-18.311
937.130	2.400	-23.145
937.140	3.490	-27.759
937.150	3.490	-32.080
937.160	3.490	-35.742
937.170	4.290	-39.697
937.180	4.290	-42.847
937.190	4.290	-45.923
937.200	4.880	-48.340
937.210	4.880	-50.903
937.220	4.880	-53.467
937.230	5.450	-55.444
937.240	5.450	-57.275
937.250	5.450	-59.253
937.260	5.780	-60.718
937.270	5.780	-61.670
937.280	5.780	-62.769
937.290	5.940	-64.160
937.300	5.940	-64.746
937.310	5.940	-65.112
937.320	5.990	-65.552
937.330	5.990	-65.332
937.340	5.990	-64.966
937.350	5.820	-64.966
937.360	5.820	-64.014
937.370	5.820	-61.670
937.380	5.220	-61.670
937.390	5.220	-59.399
937.400	5.220	-54.712
937.410	4.270	-54.712
937.420	4.270	-51.709
937.430	4.270	-44.897
937.440	3.340	-44.897
937.450	3.340	-40.869
937.460	3.340	-33.179
937.470	2.150	-33.179
937.480	2.150	-28.784
937.490	2.150	-19.775
937.500	0.810	-19.775
937.510	0.810	-15.234
937.520	0.810	-5.493
937.530	-0.570	-5.493
937.540	-0.570	-0.659
937.550	-0.570	9.155
937.560	-1.930	9.155
937.570	-1.930	13.989
937.580	-1.930	23.364
937.590	-3.180	23.364
937.600	-3.180	27.905
937.610	-3.180	36.328
937.620	-4.300	36.328
937.630	-4.300	40.503
937.640	-4.300	48.120
937.650	-5.240	48.120
937.660	-5.240	51.709
937.670	-5.240	58.447
937.680	-5.960	58.447
937.690	-5.960	61.450
937.700	-5.960	67.310
937.710	-6.700	67.310
937.720	-6.700	69.653
937.730	-6.700	73.755
937.740	-7.130	73.755
937.750	-7.130	74.707
937.760	-7.130	75.220
937.770	-6.960	75.220
937.780	-6.960	74.780
937.790	-6.960	73.096
937.800	-5.960	71.191
937.810	-5.960	68.115
937.820	-5.960	65.039
937.830	-4.570	57.349
937.840	-4.570	53.760
937.850	-4.570	53.760
937.860	-3.660	50.537
937.870	-3.660	46.655
937.880	-3.660	43.066
937.890	-3.140	40.796
937.900	-3.140	37.720
937.910	-3.140	35.083
937.920	-2.590	32.520
937.930	-2.590	29.590
937.940	-2.590	26.953
937.950	-1.520	23.437
937.960	-1.520	19.336
937.970	-1.520	15.088
937.980	0.050	10.547
937.990	0.050	4.907
938.000	0.050	-0.659
938.010	1.900	-6.519
938.020	1.900	-12.305
938.030	1.900	-17.871
938.040	3.410	-23.657
938.050	3.410	-29.004
938.060	3.410	-34.277
938.070	4.470	-38.892
938.080	4.470	-43.140
938.090	4.470	-46.729
938.100	5.160	-50.098
938.110	5.160	-52.441
938.120	5.160	-55.151
938.130	5.600	-57.642
938.140	5.600	-59.326
938.150	5.600	-60.645
938.160	5.860	-62.183
938.170	5.860	-62.915
938.180	5.860	-63.574
938.190	5.940	-64.673
