% Time (s)	Gyro Output (rads/s)	Input Rate (RPM)	%9/1/20201:27 PM
0.000	0.000	0.000
822.400	-0.030	0.000
822.410	-0.030	0.000
822.420	-0.030	0.000
822.430	-0.030	0.000
822.440	-0.030	0.000
822.450	-0.030	0.000
822.460	-0.030	0.000
822.470	-0.030	0.000
822.480	-0.030	0.000
822.490	-0.030	0.000
822.500	-0.030	0.000
822.510	-0.030	0.000
822.520	-0.030	0.000
822.530	-0.030	0.000
822.540	-0.030	0.000
822.550	-0.030	0.000
822.560	-0.030	0.000
822.570	-0.030	0.000
822.580	-0.030	0.000
822.590	-0.030	0.000
822.600	-0.030	0.000
822.610	-0.030	0.000
822.620	-0.030	0.000
822.630	-0.030	0.000
822.640	-0.030	0.000
822.650	-0.030	0.000
822.660	-0.030	0.000
822.670	-0.030	0.000
822.680	-0.030	0.000
822.690	-0.030	0.000
822.700	-0.030	0.000
822.710	-0.030	0.000
822.720	-0.030	0.000
822.730	-0.030	0.000
822.740	-0.030	0.000
822.750	-0.030	0.000
822.760	-0.030	0.000
822.770	-0.030	0.000
822.780	-0.030	0.000
822.790	-0.030	0.000
822.800	-0.030	0.000
822.810	-0.020	0.000
822.820	-0.020	0.000
822.830	-0.020	0.000
822.840	-0.030	0.000
822.850	-0.030	0.000
822.860	-0.030	0.000
822.870	-0.030	0.000
822.880	-0.030	0.000
822.890	-0.030	0.000
822.900	-0.020	0.000
822.910	-0.020	0.000
822.920	-0.020	0.000
822.930	-0.030	0.000
822.940	-0.030	0.000
822.950	-0.030	0.000
822.960	-0.020	0.000
822.970	-0.020	0.000
822.980	-0.020	0.000
822.990	-0.030	0.000
823.000	-0.030	0.000
823.010	-0.030	0.000
823.020	-0.030	0.000
823.030	-0.030	0.000
823.040	-0.030	0.000
823.050	-0.030	0.000
823.060	-0.030	0.000
823.070	-0.030	0.000
823.080	-0.030	0.000
823.090	-0.030	0.000
823.100	-0.030	0.000
823.110	-0.030	0.000
823.120	-0.030	0.000
823.130	-0.030	0.000
823.140	-0.020	0.000
823.150	-0.020	0.000
823.160	-0.020	0.000
823.170	-0.030	0.000
823.180	-0.030	0.000
823.190	-0.030	0.000
823.200	-0.020	0.000
823.210	-0.020	0.000
823.220	-0.020	0.000
823.230	-0.030	0.000
823.240	-0.030	0.000
823.250	-0.030	0.000
823.260	-0.030	0.000
823.270	-0.030	0.000
823.280	-0.030	0.000
823.290	-0.030	0.000
823.300	-0.030	0.000
823.310	-0.030	0.000
823.320	-0.030	0.000
823.330	-0.030	0.000
823.340	-0.030	0.000
823.350	-0.030	0.000
823.360	-0.030	0.073
823.370	-0.030	0.146
823.380	-0.050	0.146
823.390	-0.050	0.220
823.400	-0.050	0.366
823.410	-0.080	0.366
823.420	-0.080	0.439
823.430	-0.080	0.586
823.440	-0.080	0.586
823.450	-0.080	0.659
823.460	-0.080	0.659
823.470	-0.070	0.659
823.480	-0.070	0.586
823.490	-0.070	0.513
823.500	-0.050	0.513
823.510	-0.050	0.439
823.520	-0.050	0.366
823.530	-0.050	0.366
823.540	-0.050	0.366
823.550	-0.050	0.513
823.560	-0.080	0.513
823.570	-0.080	0.513
823.580	-0.080	0.732
823.590	-0.160	0.732
823.600	-0.160	0.952
823.610	-0.160	1.611
823.620	-0.270	1.611
823.630	-0.270	2.197
823.640	-0.270	2.637
823.650	-0.390	3.003
823.660	-0.390	3.442
823.670	-0.390	4.102
823.680	-0.520	4.541
823.690	-0.520	4.907
823.700	-0.520	5.420
823.710	-0.640	6.152
823.720	-0.640	6.372
823.730	-0.640	6.958
823.740	-0.740	6.958
823.750	-0.740	7.104
823.760	-0.740	7.544
823.770	-0.820	7.837
823.780	-0.820	8.130
823.790	-0.820	8.716
823.800	-0.880	8.716
823.810	-0.880	8.862
823.820	-0.880	9.229
823.830	-0.940	9.595
823.840	-0.940	9.814
823.850	-0.940	9.814
823.860	-1.010	10.327
823.870	-1.010	10.327
823.880	-1.010	10.767
823.890	-1.060	10.693
823.900	-1.060	11.279
823.910	-1.060	11.279
823.920	-1.110	11.499
823.930	-1.110	11.646
823.940	-1.110	12.085
823.950	-1.160	12.598
823.960	-1.160	12.158
823.970	-1.160	12.451
823.980	-1.190	12.451
823.990	-1.190	12.817
824.000	-1.190	12.817
824.010	-1.210	12.817
824.020	-1.210	12.891
824.030	-1.210	12.891
824.040	-1.230	12.891
824.050	-1.230	12.744
824.060	-1.230	12.744
824.070	-1.230	12.744
824.080	-1.230	13.110
824.090	-1.230	13.403
824.100	-1.230	13.403
824.110	-1.230	13.037
824.120	-1.230	13.330
824.130	-1.210	13.330
824.140	-1.210	12.891
824.150	-1.210	12.817
824.160	-1.190	12.817
824.170	-1.190	13.184
824.180	-1.190	12.744
824.190	-1.140	12.744
824.200	-1.140	12.305
824.210	-1.140	11.792
824.220	-1.080	11.792
824.230	-1.080	11.719
824.240	-1.080	11.572
824.250	-1.040	11.572
824.260	-1.040	11.353
824.270	-1.040	11.206
824.280	-1.020	11.206
824.290	-1.020	10.840
824.300	-1.020	10.474
824.310	-0.980	10.474
824.320	-0.980	10.767
824.330	-0.980	10.181
824.340	-0.900	10.181
824.350	-0.900	9.814
824.360	-0.900	8.936
824.370	-0.760	8.936
824.380	-0.760	8.350
824.390	-0.760	7.031
824.400	-0.510	7.031
824.410	-0.510	6.445
824.420	-0.510	5.273
824.430	-0.210	4.395
824.440	-0.210	3.369
824.450	-0.210	1.172
824.460	0.110	1.172
824.470	0.110	0.000
824.480	0.110	-2.124
824.490	0.410	-2.124
824.500	0.410	-3.223
824.510	0.410	-5.200
824.520	0.660	-5.200
824.530	0.660	-6.445
824.540	0.660	-7.983
824.550	0.860	-7.983
824.560	0.860	-8.569
824.570	0.860	-9.814
824.580	1.010	-9.814
824.590	1.010	-10.986
824.600	1.010	-10.986
824.610	1.100	-11.719
824.620	1.100	-11.865
824.630	1.100	-12.085
824.640	1.200	-12.891
824.650	1.200	-12.891
824.660	1.200	-13.477
824.670	1.290	-13.843
824.680	1.290	-14.062
824.690	1.290	-14.282
824.700	1.290	-14.941
824.710	1.290	-14.648
824.720	1.290	-15.381
824.730	1.370	-15.820
824.740	1.370	-15.454
824.750	1.370	-15.967
824.760	1.460	-16.260
824.770	1.460	-15.820
824.780	1.460	-16.333
824.790	1.490	-16.553
824.800	1.490	-16.187
824.810	1.490	-16.406
824.820	1.500	-16.553
824.830	1.500	-16.260
824.840	1.500	-16.626
824.850	1.500	-16.699
824.860	1.500	-16.553
824.870	1.500	-16.992
824.880	1.490	-16.772
824.890	1.490	-16.699
824.900	1.490	-17.139
824.910	1.500	-16.919
824.920	1.500	-16.626
824.930	1.500	-16.626
824.940	1.470	-16.626
824.950	1.470	-16.553
824.960	1.470	-16.113
824.970	1.430	-16.113
824.980	1.430	-16.113
824.990	1.430	-15.527
825.000	1.410	-15.527
825.010	1.410	-15.820
825.020	1.410	-15.381
825.030	1.370	-15.381
825.040	1.370	-15.527
825.050	1.370	-14.941
825.060	1.320	-14.941
825.070	1.320	-15.234
825.080	1.320	-14.722
825.090	1.290	-14.722
825.100	1.290	-14.868
825.110	1.290	-14.209
825.120	1.240	-14.209
825.130	1.240	-14.282
825.140	1.240	-13.916
825.150	1.180	-13.916
825.160	1.180	-13.770
825.170	1.180	-13.477
825.180	1.140	-13.037
825.190	1.140	-13.257
825.200	1.140	-12.817
825.210	1.100	-12.817
825.220	1.100	-12.598
825.230	1.100	-12.231
825.240	1.060	-12.231
825.250	1.060	-11.938
825.260	1.060	-11.938
825.270	1.020	-11.938
825.280	1.020	-11.646
825.290	1.020	-11.499
825.300	0.980	-11.646
825.310	0.980	-11.572
825.320	0.980	-11.206
825.330	0.960	-11.060
825.340	0.960	-11.060
825.350	0.960	-11.060
825.360	0.950	-11.060
825.370	0.950	-10.620
825.380	0.950	-10.913
825.390	0.940	-10.767
825.400	0.940	-10.840
825.410	0.940	-10.327
825.420	0.910	-10.620
825.430	0.910	-10.327
825.440	0.910	-10.400
825.450	0.870	-10.181
825.460	0.870	-9.814
825.470	0.870	-9.888
825.480	0.790	-9.521
825.490	0.790	-9.082
825.500	0.790	-8.862
825.510	0.650	-8.643
825.520	0.650	-7.983
825.530	0.650	-7.397
825.540	0.480	-6.665
825.550	0.480	-5.859
825.560	0.480	-5.347
825.570	0.220	-4.468
825.580	0.220	-3.589
825.590	0.220	-2.710
825.600	-0.080	-1.465
825.610	-0.080	-0.586
825.620	-0.080	0.220
825.630	-0.370	1.099
825.640	-0.370	2.271
825.650	-0.370	3.149
825.660	-0.620	4.102
825.670	-0.620	5.200
825.680	-0.620	5.859
825.690	-0.820	6.812
825.700	-0.820	7.617
825.710	-0.820	8.569
825.720	-1.030	9.302
825.730	-1.030	10.034
825.740	-1.030	10.547
825.750	-1.210	11.426
825.760	-1.210	11.938
825.770	-1.210	12.524
825.780	-1.350	13.477
825.790	-1.350	13.696
825.800	-1.350	14.429
825.810	-1.500	15.015
825.820	-1.500	15.820
825.830	-1.500	16.333
825.840	-1.670	16.626
825.850	-1.670	17.212
825.860	-1.670	17.944
825.870	-1.840	18.604
825.880	-1.840	18.970
825.890	-1.840	19.775
825.900	-1.990	20.361
825.910	-1.990	20.801
825.920	-1.990	21.167
825.930	-2.110	21.826
825.940	-2.110	22.559
825.950	-2.110	22.852
825.960	-2.200	23.145
825.970	-2.200	23.364
825.980	-2.200	23.730
825.990	-2.240	24.097
826.000	-2.240	23.877
826.010	-2.240	24.170
826.020	-2.260	24.316
826.030	-2.260	24.316
826.040	-2.260	24.170
826.050	-2.270	24.536
826.060	-2.270	24.536
826.070	-2.270	24.683
826.080	-2.270	24.756
826.090	-2.270	24.756
826.100	-2.270	24.902
826.110	-2.240	24.756
826.120	-2.240	24.536
826.130	-2.240	24.463
826.140	-2.190	24.463
826.150	-2.190	23.950
826.160	-2.190	23.730
826.170	-2.130	23.584
826.180	-2.130	23.071
826.190	-2.130	22.852
826.200	-2.050	22.485
826.210	-2.050	22.266
826.220	-2.050	22.119
826.230	-1.950	21.899
826.240	-1.950	21.460
826.250	-1.950	21.094
826.260	-1.840	20.874
826.270	-1.840	19.995
826.280	-1.840	19.995
826.290	-1.700	19.482
826.300	-1.700	18.896
826.310	-1.700	18.604
826.320	-1.590	18.311
826.330	-1.590	17.725
826.340	-1.590	17.505
826.350	-1.530	17.212
826.360	-1.530	16.919
826.370	-1.530	16.846
826.380	-1.490	16.479
826.390	-1.490	16.260
826.400	-1.490	16.333
826.410	-1.460	15.967
826.420	-1.460	15.820
826.430	-1.460	15.674
826.440	-1.430	15.674
826.450	-1.430	15.601
826.460	-1.430	15.381
826.470	-1.400	15.454
826.480	-1.400	15.161
826.490	-1.400	15.088
826.500	-1.380	15.308
826.510	-1.380	14.941
826.520	-1.380	14.941
826.530	-1.360	14.941
826.540	-1.360	14.429
826.550	-1.360	14.502
826.560	-1.300	14.429
826.570	-1.300	14.136
826.580	-1.300	13.989
826.590	-1.230	13.843
826.600	-1.230	13.403
826.610	-1.230	13.257
826.620	-1.140	12.744
826.630	-1.140	12.378
826.640	-1.140	12.231
826.650	-0.980	11.719
826.660	-0.980	11.060
826.670	-0.980	10.474
826.680	-0.810	10.254
826.690	-0.810	9.375
826.700	-0.810	8.569
826.710	-0.600	8.057
826.720	-0.600	7.397
826.730	-0.600	6.445
826.740	-0.350	5.566
826.750	-0.350	4.468
826.760	-0.350	3.735
826.770	-0.030	2.637
826.780	-0.030	1.245
826.790	-0.030	0.293
826.800	0.290	-0.732
826.810	0.290	-1.904
826.820	0.290	-3.296
826.830	0.560	-4.102
826.840	0.560	-4.980
826.850	0.560	-6.079
826.860	0.780	-7.104
826.870	0.780	-7.983
826.880	0.780	-8.496
826.890	0.980	-9.448
826.900	0.980	-10.181
826.910	0.980	-10.913
826.920	1.190	-11.572
826.930	1.190	-12.378
826.940	1.190	-13.257
826.950	1.360	-13.916
826.960	1.360	-14.648
826.970	1.360	-15.015
826.980	1.570	-16.040
826.990	1.570	-16.626
827.000	1.570	-17.212
827.010	1.690	-17.944
827.020	1.690	-18.018
827.030	1.690	-18.677
827.040	1.760	-18.970
827.050	1.760	-19.189
827.060	1.760	-19.482
827.070	1.810	-19.995
827.080	1.810	-20.142
827.090	1.810	-20.068
827.100	1.850	-20.361
827.110	1.850	-20.142
827.120	1.850	-20.654
827.130	1.880	-20.728
827.140	1.880	-20.801
827.150	1.880	-21.021
827.160	1.880	-20.947
827.170	1.880	-21.021
827.180	1.880	-20.801
827.190	1.860	-20.947
827.200	1.860	-20.581
827.210	1.860	-20.728
827.220	1.820	-20.654
827.230	1.820	-20.361
827.240	1.820	-20.508
827.250	1.770	-20.068
827.260	1.770	-19.922
827.270	1.770	-19.556
827.280	1.700	-19.556
827.290	1.700	-19.409
827.300	1.700	-19.116
827.310	1.640	-18.896
827.320	1.640	-18.604
827.330	1.640	-18.384
827.340	1.570	-17.798
827.350	1.570	-17.725
827.360	1.570	-17.578
827.370	1.530	-17.651
827.380	1.530	-17.139
827.390	1.530	-16.992
827.400	1.500	-17.358
827.410	1.500	-16.992
827.420	1.500	-16.846
827.430	1.490	-17.065
827.440	1.490	-16.919
827.450	1.490	-16.846
827.460	1.490	-16.846
827.470	1.490	-16.626
827.480	1.490	-16.919
827.490	1.490	-16.699
827.500	1.490	-16.479
827.510	1.490	-16.772
827.520	1.490	-16.553
827.530	1.490	-16.406
827.540	1.490	-16.772
827.550	1.480	-16.626
827.560	1.480	-16.479
827.570	1.480	-16.553
827.580	1.460	-16.479
827.590	1.460	-16.479
827.600	1.460	-16.553
827.610	1.430	-16.333
827.620	1.430	-16.333
827.630	1.430	-16.260
827.640	1.400	-15.967
827.650	1.400	-15.967
827.660	1.400	-16.040
827.670	1.370	-15.601
827.680	1.370	-15.381
827.690	1.370	-15.527
827.700	1.330	-15.088
827.710	1.330	-15.088
827.720	1.330	-15.308
827.730	1.310	-14.795
827.740	1.310	-14.722
827.750	1.310	-14.722
827.760	1.280	-14.429
827.770	1.280	-14.575
827.780	1.280	-14.502
827.790	1.250	-14.429
827.800	1.250	-14.209
827.810	1.250	-14.062
827.820	1.220	-13.989
827.830	1.220	-13.916
827.840	1.220	-13.916
827.850	1.200	-13.770
827.860	1.200	-13.770
827.870	1.200	-13.477
827.880	1.180	-13.550
827.890	1.180	-13.403
827.900	1.180	-13.330
827.910	1.150	-13.403
827.920	1.150	-12.891
827.930	1.150	-13.257
827.940	1.120	-12.744
827.950	1.120	-12.744
827.960	1.120	-12.305
827.970	1.040	-12.451
827.980	1.040	-11.792
827.990	1.040	-11.206
828.000	0.870	-11.133
828.010	0.870	-10.327
828.020	0.870	-9.888
828.030	0.640	-9.155
828.040	0.640	-8.496
828.050	0.640	-7.397
828.060	0.340	-6.519
828.070	0.340	-5.200
828.080	0.340	-4.468
828.090	-0.030	-3.296
828.100	-0.030	-1.978
828.110	-0.030	-0.513
828.120	-0.410	0.806
828.130	-0.410	2.344
828.140	-0.410	3.735
828.150	-0.720	4.834
828.160	-0.720	6.226
828.170	-0.720	7.397
828.180	-1.070	8.936
828.190	-1.070	9.961
828.200	-1.070	11.353
828.210	-1.390	12.378
828.220	-1.390	13.550
828.230	-1.390	14.648
828.240	-1.670	15.308
828.250	-1.670	16.699
828.260	-1.670	17.432
828.270	-1.930	18.677
828.280	-1.930	19.263
828.290	-1.930	20.508
828.300	-2.140	21.094
828.310	-2.140	21.899
828.320	-2.140	22.412
828.330	-2.310	23.364
828.340	-2.310	24.683
828.350	-2.310	25.342
828.360	-2.440	25.342
828.370	-2.440	25.562
828.380	-2.440	26.440
828.390	-2.520	26.440
828.400	-2.520	27.246
828.410	-2.520	27.393
828.420	-2.600	27.759
828.430	-2.600	28.125
828.440	-2.600	28.491
828.450	-2.660	28.564
828.460	-2.660	28.711
828.470	-2.660	28.931
828.480	-2.700	29.370
828.490	-2.700	29.297
828.500	-2.700	29.004
828.510	-2.710	29.370
828.520	-2.710	29.224
828.530	-2.710	29.224
828.540	-2.690	29.224
828.550	-2.690	29.004
828.560	-2.690	29.297
828.570	-2.640	29.224
828.580	-2.640	28.564
828.590	-2.640	28.638
828.600	-2.580	28.491
828.610	-2.580	28.271
828.620	-2.580	27.759
828.630	-2.460	27.686
828.640	-2.460	27.026
828.650	-2.460	26.807
828.660	-2.290	26.074
828.670	-2.290	25.562
828.680	-2.290	25.122
828.690	-2.120	24.609
828.700	-2.120	23.730
828.710	-2.120	22.412
828.720	-1.950	22.412
828.730	-1.950	21.753
828.740	-1.950	21.313
828.750	-1.800	20.947
828.760	-1.800	20.288
828.770	-1.800	19.702
828.780	-1.710	19.482
828.790	-1.710	18.823
828.800	-1.710	18.823
828.810	-1.660	18.530
828.820	-1.660	18.311
828.830	-1.660	18.091
828.840	-1.620	17.944
828.850	-1.620	17.432
828.860	-1.620	17.505
828.870	-1.570	17.578
828.880	-1.570	16.919
828.890	-1.570	16.846
828.900	-1.480	16.772
828.910	-1.480	15.967
828.920	-1.480	15.894
828.930	-1.330	15.381
828.940	-1.330	14.941
828.950	-1.330	14.502
828.960	-1.200	14.136
828.970	-1.200	13.403
828.980	-1.200	13.257
828.990	-1.080	12.305
829.000	-1.080	12.012
829.010	-1.080	11.719
829.020	-0.900	10.913
829.030	-0.900	10.327
829.040	-0.900	9.448
829.050	-0.630	8.789
829.060	-0.630	7.617
829.070	-0.630	6.812
829.080	-0.380	5.859
829.090	-0.380	5.127
829.100	-0.380	3.735
829.110	-0.070	2.710
829.120	-0.070	1.685
829.130	-0.070	0.586
829.140	0.230	-0.220
829.150	0.230	-1.172
829.160	0.230	-2.271
829.170	0.480	-3.149
829.180	0.480	-4.175
829.190	0.480	-5.273
829.200	0.700	-5.933
829.210	0.700	-6.812
829.220	0.700	-7.617
829.230	0.930	-8.716
829.240	0.930	-9.375
829.250	0.930	-10.254
829.260	1.120	-10.767
829.270	1.120	-11.646
829.280	1.120	-12.158
829.290	1.260	-12.524
829.300	1.260	-13.403
829.310	1.260	-13.770
829.320	1.340	-14.282
829.330	1.340	-14.575
829.340	1.340	-15.015
829.350	1.400	-15.088
829.360	1.400	-15.527
829.370	1.400	-15.674
829.380	1.460	-15.967
829.390	1.460	-16.187
829.400	1.460	-16.187
829.410	1.490	-16.553
829.420	1.490	-16.479
829.430	1.490	-16.479
829.440	1.520	-16.992
829.450	1.520	-16.919
829.460	1.520	-16.919
829.470	1.570	-17.139
829.480	1.570	-17.358
829.490	1.570	-17.725
829.500	1.620	-17.651
829.510	1.620	-17.725
829.520	1.620	-18.237
829.530	1.680	-18.457
829.540	1.680	-18.604
829.550	1.680	-18.823
829.560	1.740	-19.116
829.570	1.740	-19.116
829.580	1.740	-19.263
829.590	1.800	-19.482
829.600	1.800	-19.849
829.610	1.800	-20.215
829.620	1.830	-20.215
829.630	1.830	-20.435
829.640	1.830	-20.068
829.650	1.850	-20.508
829.660	1.850	-20.435
829.670	1.850	-20.581
829.680	1.830	-20.728
829.690	1.830	-20.361
829.700	1.830	-20.435
829.710	1.810	-19.995
829.720	1.810	-20.068
829.730	1.810	-19.995
829.740	1.800	-20.288
829.750	1.800	-20.288
829.760	1.800	-20.361
829.770	1.810	-20.508
829.780	1.810	-19.995
829.790	1.810	-20.068
829.800	1.800	-20.068
829.810	1.800	-20.288
829.820	1.800	-20.361
829.830	1.770	-20.068
829.840	1.770	-19.849
829.850	1.770	-19.556
829.860	1.750	-19.556
829.870	1.750	-19.409
829.880	1.750	-19.556
829.890	1.720	-19.629
829.900	1.720	-19.263
829.910	1.720	-19.116
829.920	1.670	-18.970
829.930	1.670	-18.823
829.940	1.670	-18.677
829.950	1.580	-18.530
829.960	1.580	-18.237
829.970	1.580	-17.944
829.980	1.480	-17.432
829.990	1.480	-17.065
830.000	1.480	-16.992
830.010	1.390	-16.479
830.020	1.390	-16.040
830.030	1.390	-15.820
830.040	1.310	-15.527
830.050	1.310	-15.161
830.060	1.310	-14.575
830.070	1.220	-14.429
830.080	1.220	-14.062
830.090	1.220	-13.843
830.100	1.120	-13.403
830.110	1.120	-13.330
830.120	1.120	-12.744
830.130	1.050	-12.598
830.140	1.050	-12.158
830.150	1.050	-12.231
830.160	1.020	-11.938
830.170	1.020	-11.499
830.180	1.020	-11.426
830.190	0.930	-11.279
830.200	0.930	-10.986
830.210	0.930	-10.400
830.220	0.830	-10.400
830.230	0.830	-9.888
830.240	0.830	-9.668
830.250	0.720	-9.229
830.260	0.720	-8.862
830.270	0.720	-8.130
830.280	0.580	-7.690
830.290	0.580	-6.885
830.300	0.580	-6.299
830.310	0.330	-5.713
830.320	0.330	-4.761
830.330	0.330	-3.955
830.340	0.010	-2.930
830.350	0.010	-1.611
830.360	0.010	-0.732
830.370	-0.270	0.146
830.380	-0.270	0.952
830.390	-0.270	1.904
830.400	-0.510	3.149
830.410	-0.510	4.028
830.420	-0.510	4.834
830.430	-0.730	5.859
830.440	-0.730	6.299
830.450	-0.730	7.178
830.460	-0.930	7.983
830.470	-0.930	8.862
830.480	-0.930	9.448
830.490	-1.150	10.474
830.500	-1.150	10.767
830.510	-1.150	11.426
830.520	-1.240	12.012
830.530	-1.240	12.598
830.540	-1.240	13.550
830.550	-1.410	13.989
830.560	-1.410	14.429
830.570	-1.410	14.795
830.580	-1.580	15.820
830.590	-1.580	16.187
830.600	-1.580	16.553
830.610	-1.710	17.212
830.620	-1.710	17.725
830.630	-1.710	18.091
830.640	-1.800	18.604
830.650	-1.800	18.896
830.660	-1.800	19.336
830.670	-1.880	19.629
830.680	-1.880	19.849
830.690	-1.880	20.068
830.700	-1.950	20.728
830.710	-1.950	20.728
830.720	-1.950	21.167
830.730	-2.000	21.460
830.740	-2.000	21.460
830.750	-2.000	21.680
830.760	-2.030	21.899
830.770	-2.030	22.119
830.780	-2.030	22.192
830.790	-2.060	22.412
830.800	-2.060	22.266
830.810	-2.060	22.632
830.820	-2.110	22.632
830.830	-2.110	22.705
830.840	-2.110	22.852
830.850	-2.150	23.145
830.860	-2.150	23.071
830.870	-2.150	23.071
830.880	-2.120	22.925
830.890	-2.120	22.778
830.900	-2.120	22.632
830.910	-2.040	22.485
830.920	-2.040	21.973
830.930	-2.040	21.899
830.940	-1.950	21.680
830.950	-1.950	21.313
830.960	-1.950	21.094
830.970	-1.870	20.801
830.980	-1.870	20.654
830.990	-1.870	20.288
831.000	-1.820	20.361
831.010	-1.820	19.995
831.020	-1.820	20.142
831.030	-1.800	19.849
831.040	-1.800	19.409
831.050	-1.800	19.263
831.060	-1.790	19.263
831.070	-1.790	19.409
831.080	-1.790	19.482
831.090	-1.760	19.336
831.100	-1.760	19.189
831.110	-1.760	19.043
831.120	-1.730	19.043
831.130	-1.730	18.970
831.140	-1.730	18.604
831.150	-1.680	18.604
831.160	-1.680	18.457
831.170	-1.680	17.871
831.180	-1.560	17.505
831.190	-1.560	17.432
831.200	-1.560	16.846
831.210	-1.430	16.699
831.220	-1.430	16.187
831.230	-1.430	15.454
831.240	-1.340	15.601
831.250	-1.340	15.161
831.260	-1.340	14.648
831.270	-1.310	14.722
831.280	-1.310	14.209
831.290	-1.310	13.989
831.300	-1.250	13.770
831.310	-1.250	13.623
831.320	-1.250	13.403
831.330	-1.180	13.403
831.340	-1.180	12.744
831.350	-1.180	12.598
831.360	-1.070	12.378
831.370	-1.070	11.938
831.380	-1.070	11.499
831.390	-0.970	11.279
831.400	-0.970	11.133
831.410	-0.970	10.547
831.420	-0.880	10.254
831.430	-0.880	9.741
831.440	-0.880	9.448
831.450	-0.790	9.155
831.460	-0.790	8.716
831.470	-0.790	8.130
831.480	-0.650	8.130
831.490	-0.650	7.471
831.500	-0.650	6.885
831.510	-0.510	6.299
831.520	-0.510	5.640
831.530	-0.510	5.273
831.540	-0.360	4.761
831.550	-0.360	3.955
831.560	-0.360	3.369
831.570	-0.120	2.710
831.580	-0.120	1.758
831.590	-0.120	0.952
831.600	0.150	-0.366
831.610	0.150	-0.366
831.620	0.150	-2.051
831.630	0.380	-2.051
831.640	0.380	-2.930
831.650	0.380	-4.761
831.660	0.580	-4.761
831.670	0.580	-5.493
831.680	0.580	-6.885
831.690	0.760	-6.885
831.700	0.760	-7.690
831.710	0.760	-9.302
831.720	0.960	-9.302
831.730	0.960	-10.034
831.740	0.960	-11.572
831.750	1.170	-11.572
831.760	1.170	-12.158
831.770	1.170	-13.843
831.780	1.370	-13.843
831.790	1.370	-14.429
831.800	1.370	-15.454
831.810	1.540	-15.454
831.820	1.540	-16.406
831.830	1.540	-16.919
831.840	1.660	-17.578
831.850	1.660	-18.164
831.860	1.660	-18.530
831.870	1.770	-19.043
831.880	1.770	-19.336
831.890	1.770	-19.775
831.900	1.930	-20.215
831.910	1.930	-20.947
831.920	1.930	-21.313
831.930	2.080	-21.826
831.940	2.080	-22.119
831.950	2.080	-22.852
831.960	2.180	-23.291
831.970	2.180	-23.730
831.980	2.180	-24.243
831.990	2.240	-24.683
832.000	2.240	-24.683
832.010	2.240	-24.902
832.020	2.300	-25.269
832.030	2.300	-25.342
832.040	2.300	-25.781
832.050	2.370	-25.708
832.060	2.370	-26.294
832.070	2.370	-26.147
832.080	2.430	-26.514
832.090	2.430	-26.440
832.100	2.430	-26.733
832.110	2.450	-27.026
832.120	2.450	-27.026
832.130	2.450	-27.393
832.140	2.440	-27.246
832.150	2.440	-27.173
832.160	2.440	-26.807
832.170	2.410	-26.880
832.180	2.410	-26.807
832.190	2.410	-26.807
832.200	2.340	-26.880
832.210	2.340	-26.294
832.220	2.340	-26.221
832.230	2.250	-25.635
832.240	2.250	-25.488
832.250	2.250	-24.829
832.260	2.150	-24.829
832.270	2.150	-24.536
832.280	2.150	-23.730
832.290	2.060	-23.730
832.300	2.060	-23.364
832.310	2.060	-22.852
832.320	1.960	-22.852
832.330	1.960	-22.339
832.340	1.960	-21.826
832.350	1.910	-21.826
832.360	1.910	-21.606
832.370	1.910	-20.947
832.380	1.850	-20.947
832.390	1.850	-21.021
832.400	1.850	-20.288
832.410	1.770	-20.288
832.420	1.770	-19.995
832.430	1.770	-20.142
832.440	1.720	-20.142
832.450	1.720	-19.629
832.460	1.720	-19.409
832.470	1.690	-19.189
832.480	1.690	-19.116
832.490	1.690	-18.970
832.500	1.650	-18.970
832.510	1.650	-18.823
832.520	1.650	-18.677
832.530	1.630	-18.530
832.540	1.630	-18.164
832.550	1.630	-18.018
832.560	1.550	-17.944
832.570	1.550	-17.139
832.580	1.550	-17.139
832.590	1.390	-16.772
832.600	1.390	-16.406
832.610	1.390	-15.894
832.620	1.240	-15.381
832.630	1.240	-14.722
832.640	1.240	-14.355
832.650	1.090	-13.770
832.660	1.090	-12.817
832.670	1.090	-12.012
832.680	0.890	-11.646
832.690	0.890	-10.913
832.700	0.890	-10.254
832.710	0.660	-9.375
832.720	0.660	-8.423
832.730	0.660	-7.690
832.740	0.430	-6.738
832.750	0.430	-6.079
832.760	0.430	-5.347
832.770	0.170	-4.395
832.780	0.170	-3.516
832.790	0.170	-2.344
832.800	-0.130	-1.245
832.810	-0.130	-0.439
832.820	-0.130	0.366
832.830	-0.410	1.318
832.840	-0.410	2.563
832.850	-0.410	3.662
832.860	-0.630	4.614
832.870	-0.630	5.713
832.880	-0.630	6.519
832.890	-0.920	7.617
832.900	-0.920	8.350
832.910	-0.920	9.448
832.920	-1.160	10.400
832.930	-1.160	11.426
832.940	-1.160	12.305
832.950	-1.410	13.037
832.960	-1.410	14.136
832.970	-1.410	14.868
832.980	-1.670	16.187
832.990	-1.670	16.846
833.000	-1.670	17.871
833.010	-1.940	18.823
833.020	-1.940	19.702
833.030	-1.940	20.508
833.040	-2.160	21.387
833.050	-2.160	22.192
833.060	-2.160	22.852
833.070	-2.300	23.437
833.080	-2.300	23.877
833.090	-2.300	24.316
833.100	-2.370	24.976
833.110	-2.370	24.976
833.120	-2.370	25.562
833.130	-2.420	25.781
833.140	-2.420	25.781
833.150	-2.420	26.001
833.160	-2.450	26.147
833.170	-2.450	26.514
833.180	-2.450	26.587
833.190	-2.480	27.026
833.200	-2.480	26.880
833.210	-2.480	27.026
833.220	-2.510	27.100
833.230	-2.510	27.246
833.240	-2.510	27.539
833.250	-2.520	27.612
833.260	-2.520	27.539
833.270	-2.520	27.466
833.280	-2.510	27.319
833.290	-2.510	27.173
833.300	-2.510	27.173
833.310	-2.470	27.466
833.320	-2.470	27.173
833.330	-2.470	27.026
833.340	-2.440	26.807
833.350	-2.440	26.514
833.360	-2.440	26.587
833.370	-2.430	26.514
833.380	-2.430	26.660
833.390	-2.430	26.440
833.400	-2.420	26.514
833.410	-2.420	26.221
833.420	-2.420	26.001
833.430	-2.390	26.147
833.440	-2.390	25.854
833.450	-2.390	26.001
833.460	-2.330	25.635
833.470	-2.330	25.562
833.480	-2.330	25.122
833.490	-2.260	25.195
833.500	-2.260	24.536
833.510	-2.260	24.536
833.520	-2.190	24.463
833.530	-2.190	24.097
833.540	-2.190	23.804
833.550	-2.140	23.804
833.560	-2.140	23.584
833.570	-2.140	23.291
833.580	-2.090	23.145
833.590	-2.090	22.852
833.600	-2.090	22.852
833.610	-2.040	22.632
833.620	-2.040	22.266
833.630	-2.040	22.046
833.640	-1.940	22.046
833.650	-1.940	21.167
833.660	-1.940	20.581
833.670	-1.810	20.581
833.680	-1.810	20.435
833.690	-1.810	19.336
833.700	-1.690	19.336
833.710	-1.690	18.823
833.720	-1.690	18.604
833.730	-1.600	18.091
833.740	-1.600	17.651
833.750	-1.600	17.651
833.760	-1.500	17.139
833.770	-1.500	16.699
833.780	-1.500	15.381
833.790	-1.330	15.381
833.800	-1.330	15.308
833.810	-1.330	14.502
833.820	-1.150	13.989
833.830	-1.150	13.110
833.840	-1.150	12.598
833.850	-0.950	11.792
833.860	-0.950	11.060
833.870	-0.950	10.547
833.880	-0.770	9.668
833.890	-0.770	9.009
833.900	-0.770	7.910
833.910	-0.540	7.251
833.920	-0.540	6.299
833.930	-0.540	5.713
833.940	-0.240	4.614
833.950	-0.240	3.589
833.960	-0.240	2.490
833.970	0.090	1.245
833.980	0.090	0.366
833.990	0.090	-0.439
834.000	0.390	-1.465
834.010	0.390	-2.637
834.020	0.390	-3.589
834.030	0.620	-4.687
834.040	0.620	-5.713
834.050	0.620	-6.372
834.060	0.800	-7.324
834.070	0.800	-7.983
834.080	0.800	-9.082
834.090	0.990	-9.668
834.100	0.990	-10.474
834.110	0.990	-11.206
834.120	1.190	-11.938
834.130	1.190	-12.671
834.140	1.190	-13.403
834.150	1.400	-14.062
834.160	1.400	-14.502
834.170	1.400	-15.527
834.180	1.570	-15.967
834.190	1.570	-16.846
834.200	1.570	-17.212
834.210	1.710	-17.725
834.220	1.710	-18.457
834.230	1.710	-18.896
834.240	1.840	-19.409
834.250	1.840	-19.849
834.260	1.840	-20.361
834.270	1.890	-20.361
834.280	1.890	-20.728
834.290	1.890	-20.728
834.300	1.900	-21.094
834.310	1.900	-21.094
834.320	1.900	-21.167
834.330	1.900	-21.387
834.340	1.900	-21.167
834.350	1.900	-21.460
834.360	1.940	-21.460
834.370	1.940	-21.753
834.380	1.940	-21.606
834.390	1.970	-22.119
834.400	1.970	-21.973
834.410	1.970	-22.266
834.420	2.000	-22.192
834.430	2.000	-22.119
834.440	2.000	-22.119
834.450	2.040	-22.559
834.460	2.040	-22.339
834.470	2.040	-22.485
834.480	2.090	-22.778
834.490	2.090	-22.925
834.500	2.090	-22.998
834.510	2.120	-23.291
834.520	2.120	-23.291
834.530	2.120	-23.584
834.540	2.140	-23.730
834.550	2.140	-23.437
834.560	2.140	-23.657
834.570	2.140	-23.877
834.580	2.140	-23.730
834.590	2.140	-23.657
834.600	2.120	-23.877
834.610	2.120	-23.730
834.620	2.120	-23.657
834.630	2.090	-23.584
834.640	2.090	-23.437
834.650	2.090	-23.584
834.660	2.070	-23.437
834.670	2.070	-22.998
834.680	2.070	-22.998
834.690	2.080	-23.145
834.700	2.080	-22.925
834.710	2.080	-22.705
834.720	2.080	-22.998
834.730	2.080	-22.925
834.740	2.080	-23.071
834.750	2.060	-22.925
834.760	2.060	-22.925
834.770	2.060	-22.998
834.780	2.010	-22.998
834.790	2.010	-22.485
834.800	2.010	-22.559
834.810	1.950	-22.485
834.820	1.950	-22.266
834.830	1.950	-21.753
834.840	1.860	-21.606
834.850	1.860	-21.021
834.860	1.860	-20.654
834.870	1.760	-20.654
834.880	1.760	-20.288
834.890	1.760	-20.142
834.900	1.690	-19.556
834.910	1.690	-19.263
834.920	1.690	-18.970
834.930	1.610	-18.823
834.940	1.610	-18.384
834.950	1.610	-18.237
834.960	1.510	-18.018
834.970	1.510	-17.578
834.980	1.510	-17.139
834.990	1.440	-16.772
835.000	1.440	-16.553
835.010	1.440	-16.113
835.020	1.320	-15.747
835.030	1.320	-15.161
835.040	1.320	-15.015
835.050	1.150	-14.282
835.060	1.150	-13.623
835.070	1.150	-12.891
835.080	0.970	-12.598
835.090	0.970	-11.865
835.100	0.970	-11.060
835.110	0.770	-10.327
835.120	0.770	-9.521
835.130	0.770	-8.789
835.140	0.500	-7.617
835.150	0.500	-6.958
835.160	0.500	-5.859
835.170	0.180	-5.054
835.180	0.180	-3.809
835.190	0.180	-2.637
835.200	-0.190	-1.611
835.210	-0.190	-0.220
835.220	-0.190	1.245
835.230	-0.520	2.344
835.240	-0.520	3.809
835.250	-0.520	5.127
835.260	-0.920	6.665
835.270	-0.920	7.837
835.280	-0.920	9.448
835.290	-1.290	10.913
835.300	-1.290	11.938
835.310	-1.290	13.257
835.320	-1.610	14.429
835.330	-1.610	15.820
835.340	-1.610	16.772
835.350	-1.840	17.725
835.360	-1.840	18.457
835.370	-1.840	19.336
835.380	-2.020	20.361
835.390	-2.020	20.801
835.400	-2.020	21.826
835.410	-2.200	22.339
835.420	-2.200	22.998
835.430	-2.200	23.511
835.440	-2.370	24.023
835.450	-2.370	24.609
835.460	-2.370	25.049
835.470	-2.480	26.001
835.480	-2.480	25.928
835.490	-2.480	26.587
835.500	-2.560	26.953
835.510	-2.560	27.100
835.520	-2.560	27.686
835.530	-2.610	28.052
835.540	-2.610	28.125
835.550	-2.610	28.491
835.560	-2.680	29.150
835.570	-2.680	29.004
835.580	-2.680	29.297
835.590	-2.750	29.370
835.600	-2.750	29.663
835.610	-2.750	29.883
835.620	-2.790	29.736
835.630	-2.790	30.029
835.640	-2.790	30.322
835.650	-2.750	30.103
835.660	-2.750	29.663
835.670	-2.750	29.517
835.680	-2.640	29.590
835.690	-2.640	29.224
835.700	-2.640	28.564
835.710	-2.490	28.271
835.720	-2.490	27.612
835.730	-2.490	26.880
835.740	-2.300	26.221
835.750	-2.300	25.854
835.760	-2.300	25.195
835.770	-2.170	24.976
835.780	-2.170	24.097
835.790	-2.170	23.877
835.800	-2.120	23.730
835.810	-2.120	23.511
835.820	-2.120	23.364
835.830	-2.150	23.364
835.840	-2.150	23.291
835.850	-2.150	23.291
835.860	-2.160	23.364
835.870	-2.160	23.291
835.880	-2.160	23.364
835.890	-2.120	23.291
835.900	-2.120	23.071
835.910	-2.120	22.852
835.920	-2.000	22.778
835.930	-2.000	22.119
835.940	-2.000	21.753
835.950	-1.860	21.167
835.960	-1.860	20.801
835.970	-1.860	20.361
835.980	-1.690	19.629
835.990	-1.690	18.970
836.000	-1.690	18.530
836.010	-1.540	17.871
836.020	-1.540	17.285
836.030	-1.540	17.065
836.040	-1.440	16.626
836.050	-1.440	16.333
836.060	-1.440	15.967
836.070	-1.390	15.234
836.080	-1.390	15.381
836.090	-1.390	14.795
836.100	-1.360	14.795
836.110	-1.360	14.941
836.120	-1.360	14.355
836.130	-1.310	14.355
836.140	-1.310	14.209
836.150	-1.310	14.062
836.160	-1.260	14.062
836.170	-1.260	13.989
836.180	-1.260	13.843
836.190	-1.260	13.770
836.200	-1.260	13.770
836.210	-1.260	13.696
836.220	-1.280	13.696
836.230	-1.280	13.770
836.240	-1.280	13.477
836.250	-1.230	13.477
836.260	-1.230	12.964
836.270	-1.230	12.158
836.280	-1.060	12.158
836.290	-1.060	11.499
836.300	-1.060	10.327
836.310	-0.790	10.327
836.320	-0.790	9.595
836.330	-0.790	7.983
836.340	-0.500	7.983
836.350	-0.500	6.738
836.360	-0.500	4.468
836.370	-0.160	4.468
836.380	-0.160	3.516
836.390	-0.160	0.732
836.400	0.170	0.732
836.410	0.170	-0.439
836.420	0.170	-3.296
836.430	0.520	-3.296
836.440	0.520	-4.395
836.450	0.520	-6.812
836.460	0.840	-6.812
836.470	0.840	-8.203
836.480	0.840	-9.961
836.490	1.080	-9.961
836.500	1.080	-10.986
836.510	1.080	-12.451
836.520	1.270	-12.451
836.530	1.270	-13.257
836.540	1.270	-14.795
836.550	1.460	-14.795
836.560	1.460	-15.747
836.570	1.460	-17.139
836.580	1.660	-17.139
836.590	1.660	-17.358
836.600	1.660	-18.823
836.610	1.830	-18.823
836.620	1.830	-19.336
836.630	1.830	-20.728
836.640	1.950	-20.728
836.650	1.950	-21.167
836.660	1.950	-21.973
836.670	2.040	-21.973
836.680	2.040	-22.192
836.690	2.040	-22.778
836.700	2.080	-22.852
836.710	2.080	-23.071
836.720	2.080	-23.145
836.730	2.070	-23.291
836.740	2.070	-23.145
836.750	2.070	-23.071
836.760	2.050	-23.071
836.770	2.050	-23.071
836.780	2.050	-22.925
836.790	2.010	-22.852
836.800	2.010	-22.559
836.810	2.010	-22.705
836.820	1.960	-22.485
836.830	1.960	-22.192
836.840	1.960	-21.973
836.850	1.940	-21.973
836.860	1.940	-21.753
836.870	1.940	-21.533
836.880	1.940	-21.680
836.890	1.940	-21.460
836.900	1.940	-21.313
836.910	1.930	-21.313
836.920	1.930	-21.533
836.930	1.930	-21.606
836.940	1.890	-21.606
836.950	1.890	-21.094
836.960	1.890	-21.094
836.970	1.840	-21.094
836.980	1.840	-20.874
836.990	1.840	-20.874
837.000	1.800	-20.435
837.010	1.800	-20.215
837.020	1.800	-19.775
837.030	1.770	-19.995
837.040	1.770	-19.775
837.050	1.770	-19.995
837.060	1.750	-20.068
837.070	1.750	-19.702
837.080	1.750	-19.702
837.090	1.750	-19.482
837.100	1.750	-19.556
837.110	1.750	-19.702
837.120	1.720	-19.702
837.130	1.720	-19.409
837.140	1.720	-19.116
837.150	1.660	-18.970
837.160	1.660	-18.750
837.170	1.660	-18.457
837.180	1.610	-18.311
837.190	1.610	-18.311
837.200	1.610	-18.164
837.210	1.580	-17.871
837.220	1.580	-17.725
837.230	1.580	-17.725
837.240	1.560	-17.944
837.250	1.560	-17.578
837.260	1.560	-17.358
837.270	1.540	-17.798
837.280	1.540	-17.651
837.290	1.540	-17.432
837.300	1.540	-17.285
837.310	1.540	-17.358
837.320	1.540	-17.432
837.330	1.510	-17.065
837.340	1.510	-16.846
837.350	1.510	-17.212
837.360	1.480	-16.846
837.370	1.480	-16.553
837.380	1.480	-16.479
837.390	1.410	-16.040
837.400	1.410	-15.967
837.410	1.410	-15.747
837.420	1.270	-15.161
837.430	1.270	-14.795
837.440	1.270	-14.136
837.450	1.070	-13.403
837.460	1.070	-13.037
837.470	1.070	-12.085
837.480	0.820	-11.133
837.490	0.820	-10.547
837.500	0.820	-9.448
837.510	0.500	-8.203
837.520	0.500	-7.178
837.530	0.500	-6.152
837.540	0.130	-4.980
837.550	0.130	-3.735
837.560	0.130	-2.490
837.570	-0.230	-1.318
837.580	-0.230	0.146
837.590	-0.230	1.465
837.600	-0.520	2.563
837.610	-0.520	3.955
837.620	-0.520	5.127
837.630	-0.880	6.592
837.640	-0.880	7.544
837.650	-0.880	9.082
837.660	-1.230	10.474
837.670	-1.230	11.426
837.680	-1.230	12.671
837.690	-1.570	13.989
837.700	-1.570	15.308
837.710	-1.570	16.406
837.720	-1.870	17.505
837.730	-1.870	18.384
837.740	-1.870	19.409
837.750	-2.090	20.435
837.760	-2.090	21.094
837.770	-2.090	22.266
837.780	-2.250	22.925
837.790	-2.250	23.511
837.800	-2.250	24.170
837.810	-2.400	24.536
837.820	-2.400	25.269
837.830	-2.400	25.708
837.840	-2.500	26.660
837.850	-2.500	26.587
837.860	-2.500	26.953
837.870	-2.560	27.246
837.880	-2.560	27.173
837.890	-2.560	27.759
837.900	-2.600	27.979
837.910	-2.600	27.979
837.920	-2.600	28.052
837.930	-2.570	28.125
837.940	-2.570	27.832
837.950	-2.570	27.686
837.960	-2.470	27.612
837.970	-2.470	27.100
837.980	-2.470	26.880
837.990	-2.310	26.294
838.000	-2.310	25.781
838.010	-2.310	25.562
838.020	-2.170	24.902
838.030	-2.170	24.316
838.040	-2.170	23.511
838.050	-2.060	23.511
838.060	-2.060	23.071
838.070	-2.060	22.412
838.080	-1.990	22.412
838.090	-1.990	21.826
838.100	-1.990	21.387
838.110	-1.960	21.387
838.120	-1.960	21.387
838.130	-1.960	21.094
838.140	-1.930	21.094
838.150	-1.930	21.021
838.160	-1.930	20.874
838.170	-1.880	20.874
838.180	-1.880	20.508
838.190	-1.880	20.435
838.200	-1.840	20.435
838.210	-1.840	20.361
838.220	-1.840	19.556
838.230	-1.800	19.556
838.240	-1.800	19.556
838.250	-1.800	19.336
838.260	-1.730	19.336
838.270	-1.730	19.116
838.280	-1.730	18.457
838.290	-1.640	18.457
838.300	-1.640	18.164
838.310	-1.640	17.285
838.320	-1.530	17.285
838.330	-1.530	17.358
838.340	-1.530	16.406
838.350	-1.420	16.406
838.360	-1.420	16.040
838.370	-1.420	15.381
838.380	-1.360	15.381
838.390	-1.360	14.795
838.400	-1.360	14.062
838.410	-1.210	14.062
838.420	-1.210	13.696
838.430	-1.210	13.037
838.440	-1.060	13.037
838.450	-1.060	12.085
838.460	-1.060	11.572
838.470	-0.980	11.572
838.480	-0.980	10.913
838.490	-0.980	10.693
838.500	-0.860	10.034
838.510	-0.860	9.814
838.520	-0.860	9.302
838.530	-0.720	8.862
838.540	-0.720	8.057
838.550	-0.720	7.617
838.560	-0.510	6.958
838.570	-0.510	6.226
838.580	-0.510	5.420
838.590	-0.240	4.395
838.600	-0.240	3.735
838.610	-0.240	2.710
838.620	0.050	1.318
838.630	0.050	0.366
838.640	0.050	-0.586
838.650	0.410	-1.758
838.660	0.410	-3.149
838.670	0.410	-4.175
838.680	0.720	-5.420
838.690	0.720	-6.372
838.700	0.720	-7.690
838.710	0.950	-8.496
838.720	0.950	-9.155
838.730	0.950	-9.888
838.740	1.090	-10.986
838.750	1.090	-11.279
838.760	1.090	-11.865
838.770	1.190	-12.744
838.780	1.190	-12.891
838.790	1.190	-13.550
838.800	1.340	-14.062
838.810	1.340	-14.429
838.820	1.340	-15.161
838.830	1.540	-16.113
838.840	1.540	-16.333
838.850	1.540	-17.651
838.860	1.740	-17.651
838.870	1.740	-18.237
838.880	1.740	-19.702
838.890	1.910	-19.702
838.900	1.910	-20.215
838.910	1.910	-21.680
838.920	2.070	-21.680
838.930	2.070	-21.973
838.940	2.070	-23.071
838.950	2.170	-23.071
838.960	2.170	-23.437
838.970	2.170	-24.023
838.980	2.200	-24.023
838.990	2.200	-24.609
839.000	2.200	-24.683
839.010	2.210	-24.683
839.020	2.210	-24.683
839.030	2.210	-24.829
839.040	2.220	-24.829
839.050	2.220	-24.609
839.060	2.220	-24.609
839.070	2.200	-24.609
839.080	2.200	-24.536
839.090	2.200	-24.170
839.100	2.130	-24.097
839.110	2.130	-23.804
839.120	2.130	-23.511
839.130	1.990	-23.291
839.140	1.990	-22.852
839.150	1.990	-22.485
839.160	1.840	-21.826
839.170	1.840	-21.167
839.180	1.840	-20.874
839.190	1.720	-20.361
839.200	1.720	-19.995
839.210	1.720	-19.409
839.220	1.650	-19.263
839.230	1.650	-18.750
839.240	1.650	-18.530
839.250	1.610	-18.530
839.260	1.610	-18.457
839.270	1.610	-18.311
839.280	1.590	-18.311
839.290	1.590	-17.871
839.300	1.590	-17.871
839.310	1.590	-18.091
839.320	1.590	-17.944
839.330	1.590	-17.798
839.340	1.620	-17.651
839.350	1.620	-17.651
839.360	1.620	-18.018
839.370	1.600	-18.018
839.380	1.600	-17.578
839.390	1.600	-17.944
839.400	1.550	-17.798
839.410	1.550	-17.505
839.420	1.550	-17.285
839.430	1.460	-17.212
839.440	1.460	-17.065
839.450	1.460	-16.626
839.460	1.370	-15.894
839.470	1.370	-15.894
839.480	1.370	-15.161
839.490	1.280	-15.161
839.500	1.280	-14.722
839.510	1.280	-14.136
839.520	1.180	-13.843
839.530	1.180	-13.843
839.540	1.180	-13.477
839.550	1.130	-13.550
839.560	1.130	-12.891
839.570	1.130	-12.817
839.580	1.080	-12.378
839.590	1.080	-12.524
839.600	1.080	-12.085
839.610	1.000	-11.792
839.620	1.000	-11.719
839.630	1.000	-11.646
839.640	0.920	-11.279
839.650	0.920	-10.620
839.660	0.920	-10.254
839.670	0.850	-10.254
839.680	0.850	-10.327
839.690	0.850	-9.375
839.700	0.760	-9.375
839.710	0.760	-8.936
839.720	0.760	-7.837
839.730	0.630	-7.837
839.740	0.630	-7.471
839.750	0.630	-6.445
839.760	0.400	-6.445
839.770	0.400	-5.713
839.780	0.400	-3.809
839.790	0.080	-3.809
839.800	0.080	-2.783
839.810	0.080	-0.366
839.820	-0.260	-0.366
839.830	-0.260	0.659
839.840	-0.260	3.223
839.850	-0.580	3.223
839.860	-0.580	4.321
839.870	-0.580	6.958
839.880	-0.930	6.958
839.890	-0.930	8.203
839.900	-0.930	10.327
839.910	-1.280	10.327
839.920	-1.280	11.646
839.930	-1.280	12.964
839.940	-1.610	14.062
839.950	-1.610	14.868
839.960	-1.610	16.260
839.970	-1.800	16.919
839.980	-1.800	18.091
839.990	-1.800	18.823
840.000	-1.980	19.629
840.010	-1.980	20.435
840.020	-1.980	21.533
840.030	-2.130	21.533
840.040	-2.130	22.046
840.050	-2.130	23.218
840.060	-2.220	23.218
840.070	-2.220	23.511
840.080	-2.220	24.097
840.090	-2.260	24.097
840.100	-2.260	24.390
840.110	-2.260	24.243
840.120	-2.250	24.463
840.130	-2.250	24.390
840.140	-2.250	24.463
840.150	-2.220	24.390
840.160	-2.220	24.463
840.170	-2.220	24.536
840.180	-2.230	24.463
840.190	-2.230	24.536
840.200	-2.230	24.463
840.210	-2.250	24.829
840.220	-2.250	24.463
840.230	-2.250	24.683
840.240	-2.290	24.609
840.250	-2.290	24.756
840.260	-2.290	24.536
840.270	-2.330	24.902
840.280	-2.330	24.756
840.290	-2.330	25.122
840.300	-2.360	25.122
840.310	-2.360	25.269
840.320	-2.360	25.488
840.330	-2.350	25.562
840.340	-2.350	25.488
840.350	-2.350	25.488
840.360	-2.310	25.635
840.370	-2.310	25.195
840.380	-2.310	25.269
840.390	-2.250	24.902
840.400	-2.250	24.756
840.410	-2.250	24.243
840.420	-2.160	24.023
840.430	-2.160	23.657
840.440	-2.160	23.364
840.450	-2.020	23.145
840.460	-2.020	22.485
840.470	-2.020	22.192
840.480	-1.900	21.533
840.490	-1.900	21.167
840.500	-1.900	20.728
840.510	-1.780	20.508
840.520	-1.780	19.995
840.530	-1.780	19.409
840.540	-1.690	19.263
840.550	-1.690	18.750
840.560	-1.690	18.530
840.570	-1.650	18.384
840.580	-1.650	18.237
840.590	-1.650	18.018
840.600	-1.580	17.578
840.610	-1.580	17.065
840.620	-1.580	16.919
840.630	-1.440	16.772
840.640	-1.440	16.260
840.650	-1.440	15.967
840.660	-1.360	15.747
840.670	-1.360	15.308
840.680	-1.360	14.648
840.690	-1.280	14.355
840.700	-1.280	13.989
840.710	-1.280	13.770
840.720	-1.130	13.110
840.730	-1.130	12.891
840.740	-1.130	12.305
840.750	-0.980	11.938
840.760	-0.980	11.353
840.770	-0.980	10.693
840.780	-0.900	10.767
840.790	-0.900	9.961
840.800	-0.900	9.741
840.810	-0.760	9.229
840.820	-0.760	8.716
840.830	-0.760	7.983
840.840	-0.600	7.764
840.850	-0.600	7.178
840.860	-0.600	6.665
840.870	-0.400	6.006
840.880	-0.400	4.980
840.890	-0.400	4.248
840.900	-0.130	3.296
840.910	-0.130	2.271
840.920	-0.130	1.392
840.930	0.210	0.220
840.940	0.210	-1.025
840.950	0.210	-2.051
840.960	0.510	-3.296
840.970	0.510	-4.395
840.980	0.510	-5.566
840.990	0.820	-6.812
841.000	0.820	-7.690
841.010	0.820	-8.789
841.020	1.090	-10.034
841.030	1.090	-10.620
841.040	1.090	-11.719
841.050	1.340	-13.184
841.060	1.340	-13.623
841.070	1.340	-14.648
841.080	1.600	-15.527
841.090	1.600	-16.406
841.100	1.600	-17.725
841.110	1.850	-18.530
841.120	1.850	-19.189
841.130	1.850	-20.215
841.140	2.040	-21.094
841.150	2.040	-21.387
841.160	2.040	-22.925
841.170	2.180	-22.925
841.180	2.180	-23.511
841.190	2.180	-24.097
841.200	2.230	-24.097
841.210	2.230	-24.536
841.220	2.230	-25.342
841.230	2.320	-25.342
841.240	2.320	-25.415
841.250	2.320	-25.928
841.260	2.400	-25.928
841.270	2.400	-26.147
841.280	2.400	-26.660
841.290	2.420	-26.660
841.300	2.420	-27.026
841.310	2.420	-27.100
841.320	2.410	-27.100
841.330	2.410	-26.807
841.340	2.410	-26.953
841.350	2.430	-26.953
841.360	2.430	-27.100
841.370	2.430	-27.393
841.380	2.450	-27.319
841.390	2.450	-27.246
841.400	2.450	-26.880
841.410	2.440	-26.953
841.420	2.440	-27.173
841.430	2.440	-27.026
841.440	2.400	-27.246
841.450	2.400	-26.807
841.460	2.400	-26.880
841.470	2.370	-26.440
841.480	2.370	-26.294
841.490	2.370	-26.367
841.500	2.320	-26.367
841.510	2.320	-26.294
841.520	2.320	-25.781
841.530	2.260	-26.074
841.540	2.260	-25.415
841.550	2.260	-25.562
841.560	2.220	-25.195
841.570	2.220	-25.269
841.580	2.220	-24.976
841.590	2.170	-24.683
841.600	2.170	-24.463
841.610	2.170	-24.390
841.620	2.140	-24.316
841.630	2.140	-24.023
841.640	2.140	-24.170
841.650	2.130	-24.097
841.660	2.130	-23.877
841.670	2.130	-23.730
841.680	2.120	-23.730
841.690	2.120	-23.804
841.700	2.120	-23.657
841.710	2.130	-23.730
841.720	2.130	-23.730
841.730	2.130	-23.657
841.740	2.140	-23.657
841.750	2.140	-23.584
841.760	2.140	-23.804
841.770	2.140	-23.804
841.780	2.140	-23.804
841.790	2.140	-23.584
841.800	2.110	-23.730
841.810	2.110	-23.511
841.820	2.110	-23.364
841.830	2.020	-23.291
841.840	2.020	-22.998
841.850	2.020	-22.778
841.860	1.890	-22.266
841.870	1.890	-21.606
841.880	1.890	-21.021
841.890	1.700	-20.654
841.900	1.700	-20.068
841.910	1.700	-18.970
841.920	1.460	-18.311
841.930	1.460	-17.358
841.940	1.460	-16.553
841.950	1.190	-15.308
841.960	1.190	-14.575
841.970	1.190	-13.696
841.980	0.900	-13.037
841.990	0.900	-11.792
842.000	0.900	-10.400
842.010	0.610	-9.595
842.020	0.610	-8.496
842.030	0.610	-7.544
842.040	0.310	-6.445
842.050	0.310	-5.566
842.060	0.310	-4.395
842.070	-0.030	-3.296
842.080	-0.030	-1.831
842.090	-0.030	-0.732
842.100	-0.290	0.146
842.110	-0.290	1.099
842.120	-0.290	2.710
842.130	-0.680	4.102
842.140	-0.680	5.640
842.150	-0.680	6.812
842.160	-1.130	8.643
842.170	-1.130	10.107
842.180	-1.130	11.353
842.190	-1.580	13.184
842.200	-1.580	14.722
842.210	-1.580	16.626
842.220	-2.040	17.944
842.230	-2.040	19.775
842.240	-2.040	21.167
842.250	-2.440	22.852
842.260	-2.440	23.950
842.270	-2.440	25.342
842.280	-2.760	27.026
842.290	-2.760	27.979
842.300	-2.760	29.370
842.310	-3.070	30.249
842.320	-3.070	31.494
842.330	-3.070	32.080
842.340	-3.220	33.032
842.350	-3.220	33.618
842.360	-3.220	34.497
842.370	-3.350	35.229
842.380	-3.350	35.522
842.390	-3.350	36.035
842.400	-3.390	36.328
842.410	-3.390	36.841
842.420	-3.390	36.914
842.430	-3.400	37.207
842.440	-3.400	37.061
842.450	-3.400	37.207
842.460	-3.390	37.280
842.470	-3.390	36.841
842.480	-3.390	36.987
842.490	-3.320	36.694
842.500	-3.320	36.621
842.510	-3.320	36.035
842.520	-3.180	35.742
842.530	-3.180	35.010
842.540	-3.180	34.644
842.550	-3.020	34.351
842.560	-3.020	33.325
842.570	-3.020	32.886
842.580	-2.780	32.007
842.590	-2.780	31.421
842.600	-2.780	30.249
842.610	-2.500	29.517
842.620	-2.500	28.418
842.630	-2.500	27.759
842.640	-2.260	26.953
842.650	-2.260	25.854
842.660	-2.260	25.269
842.670	-2.090	24.609
842.680	-2.090	23.804
842.690	-2.090	23.071
842.700	-1.980	22.485
842.710	-1.980	22.119
842.720	-1.980	21.680
842.730	-1.930	21.606
842.740	-1.930	21.167
842.750	-1.930	21.167
842.760	-1.910	21.094
842.770	-1.910	20.728
842.780	-1.910	20.654
842.790	-1.880	20.361
842.800	-1.880	20.508
842.810	-1.880	20.361
842.820	-1.820	20.435
842.830	-1.820	19.995
842.840	-1.820	19.556
842.850	-1.740	19.482
842.860	-1.740	19.043
842.870	-1.740	18.896
842.880	-1.650	18.677
842.890	-1.650	18.237
842.900	-1.650	18.018
842.910	-1.550	17.725
842.920	-1.550	16.992
842.930	-1.550	16.846
842.940	-1.440	16.846
842.950	-1.440	16.040
842.960	-1.440	15.747
842.970	-1.320	15.234
842.980	-1.320	14.868
842.990	-1.320	14.575
843.000	-1.220	14.282
843.010	-1.220	13.770
843.020	-1.220	13.696
843.030	-1.180	13.184
843.040	-1.180	12.964
843.050	-1.180	13.037
843.060	-1.150	12.671
843.070	-1.150	12.524
843.080	-1.150	12.305
843.090	-1.090	12.451
843.100	-1.090	11.865
843.110	-1.090	11.792
843.120	-1.060	11.865
843.130	-1.060	11.865
843.140	-1.060	11.572
843.150	-1.070	11.426
843.160	-1.070	11.499
843.170	-1.070	11.426
843.180	-1.050	11.353
843.190	-1.050	10.986
843.200	-1.050	11.279
843.210	-1.010	11.133
843.220	-1.010	10.986
843.230	-1.010	10.620
843.240	-0.940	10.620
843.250	-0.940	10.400
843.260	-0.940	9.961
843.270	-0.850	9.814
843.280	-0.850	9.375
843.290	-0.850	9.082
843.300	-0.730	8.569
843.310	-0.730	8.350
843.320	-0.730	7.617
843.330	-0.580	7.178
843.340	-0.580	6.445
843.350	-0.580	5.566
843.360	-0.280	4.907
843.370	-0.280	3.735
843.380	-0.280	2.783
843.390	0.140	1.758
843.400	0.140	0.293
843.410	0.140	-1.392
843.420	0.560	-2.490
843.430	0.560	-3.955
843.440	0.560	-5.273
843.450	0.900	-6.738
843.460	0.900	-7.983
843.470	0.900	-9.302
843.480	1.190	-10.620
843.490	1.190	-11.719
843.500	1.190	-12.744
843.510	1.440	-13.770
843.520	1.440	-14.795
843.530	1.440	-15.747
843.540	1.700	-16.846
843.550	1.700	-17.578
843.560	1.700	-18.677
843.570	1.920	-19.482
843.580	1.920	-20.288
843.590	1.920	-21.167
843.600	2.150	-22.046
843.610	2.150	-22.852
843.620	2.150	-23.877
843.630	2.370	-24.683
843.640	2.370	-25.195
843.650	2.370	-25.928
843.660	2.530	-26.660
843.670	2.530	-27.246
843.680	2.530	-27.759
843.690	2.600	-28.125
843.700	2.600	-28.345
843.710	2.600	-28.857
843.720	2.640	-29.004
843.730	2.640	-28.931
843.740	2.640	-29.517
843.750	2.650	-29.517
843.760	2.650	-29.370
843.770	2.650	-29.297
843.780	2.650	-29.443
843.790	2.650	-29.663
843.800	2.650	-29.590
843.810	2.610	-29.150
843.820	2.610	-29.150
843.830	2.610	-29.297
843.840	2.570	-29.077
843.850	2.570	-28.784
843.860	2.570	-28.638
843.870	2.550	-28.931
843.880	2.550	-28.564
843.890	2.550	-28.564
843.900	2.580	-28.784
843.910	2.580	-28.784
843.920	2.580	-29.004
843.930	2.650	-28.931
843.940	2.650	-28.784
843.950	2.650	-29.297
843.960	2.700	-29.663
843.970	2.700	-29.590
843.980	2.700	-30.103
843.990	2.750	-30.176
844.000	2.750	-30.176
844.010	2.750	-30.469
844.020	2.790	-30.615
844.030	2.790	-30.688
844.040	2.790	-30.908
844.050	2.790	-30.908
844.060	2.790	-30.908
844.070	2.790	-30.688
844.080	2.750	-30.688
844.090	2.750	-30.688
844.100	2.750	-30.322
844.110	2.690	-30.322
844.120	2.690	-30.322
844.130	2.690	-29.956
844.140	2.630	-29.956
844.150	2.630	-29.736
844.160	2.630	-29.443
844.170	2.580	-29.443
844.180	2.580	-29.004
844.190	2.580	-28.564
844.200	2.510	-28.564
844.210	2.510	-28.345
844.220	2.510	-27.832
844.230	2.430	-27.832
844.240	2.430	-27.759
844.250	2.430	-27.100
844.260	2.380	-27.100
844.270	2.380	-26.587
844.280	2.380	-26.221
844.290	2.270	-26.221
844.300	2.270	-25.342
844.310	2.270	-24.683
844.320	2.130	-24.683
844.330	2.130	-24.463
844.340	2.130	-23.364
844.350	1.960	-23.364
844.360	1.960	-22.778
844.370	1.960	-21.313
844.380	1.700	-21.313
844.390	1.700	-20.361
844.400	1.700	-18.530
844.410	1.410	-17.798
844.420	1.410	-17.798
844.430	1.410	-15.601
844.440	1.170	-15.601
844.450	1.170	-14.429
844.460	1.170	-13.403
844.470	0.840	-12.378
844.480	0.840	-10.913
844.490	0.840	-9.521
844.500	0.420	-8.130
844.510	0.420	-6.885
844.520	0.420	-5.273
844.530	-0.020	-4.175
844.540	-0.020	-2.637
844.550	-0.020	-1.392
844.560	-0.380	0.439
844.570	-0.380	1.831
844.580	-0.380	2.856
844.590	-0.630	4.175
844.600	-0.630	5.127
844.610	-0.630	6.299
844.620	-0.930	7.397
844.630	-0.930	8.643
844.640	-0.930	9.448
844.650	-1.220	10.840
844.660	-1.220	11.792
844.670	-1.220	12.598
844.680	-1.520	13.916
844.690	-1.520	14.722
844.700	-1.520	16.260
844.710	-1.870	17.432
844.720	-1.870	18.677
844.730	-1.870	19.702
844.740	-2.200	21.240
844.750	-2.200	22.046
844.760	-2.200	23.291
844.770	-2.490	24.683
844.780	-2.490	25.488
844.790	-2.490	26.587
844.800	-2.720	27.393
844.810	-2.720	28.198
844.820	-2.720	29.077
844.830	-2.910	30.176
844.840	-2.910	30.615
844.850	-2.910	31.641
844.860	-3.120	32.007
844.870	-3.120	32.739
844.880	-3.120	33.179
844.890	-3.260	34.204
844.900	-3.260	34.570
844.910	-3.260	35.156
844.920	-3.350	35.889
844.930	-3.350	35.742
844.940	-3.350	36.768
844.950	-3.440	37.061
844.960	-3.440	37.207
844.970	-3.440	37.500
844.980	-3.500	37.793
844.990	-3.500	37.720
845.000	-3.500	38.159
845.010	-3.500	38.159
845.020	-3.500	37.939
845.030	-3.500	37.866
845.040	-3.410	37.646
845.050	-3.410	37.061
845.060	-3.410	37.061
845.070	-3.270	36.401
845.080	-3.270	36.255
845.090	-3.270	35.376
845.100	-3.000	34.497
845.110	-3.000	33.838
845.120	-3.000	32.812
845.130	-2.730	32.300
845.140	-2.730	31.128
845.150	-2.730	30.249
845.160	-2.520	29.810
845.170	-2.520	28.931
845.180	-2.520	27.979
845.190	-2.350	27.393
845.200	-2.350	26.733
845.210	-2.350	26.074
845.220	-2.260	25.708
845.230	-2.260	25.269
845.240	-2.260	24.976
845.250	-2.200	24.902
845.260	-2.200	24.023
845.270	-2.200	23.950
845.280	-2.140	23.804
845.290	-2.140	23.584
845.300	-2.140	23.364
845.310	-2.080	23.145
845.320	-2.080	22.998
845.330	-2.080	22.705
845.340	-2.010	22.485
845.350	-2.010	21.826
845.360	-2.010	21.899
845.370	-1.930	21.533
845.380	-1.930	21.313
845.390	-1.930	20.947
845.400	-1.830	20.581
845.410	-1.830	20.215
845.420	-1.830	19.702
845.430	-1.700	19.629
845.440	-1.700	19.189
845.450	-1.700	18.896
845.460	-1.620	18.530
845.470	-1.620	18.311
845.480	-1.620	17.798
845.490	-1.580	17.505
845.500	-1.580	17.212
845.510	-1.580	16.772
845.520	-1.440	16.553
845.530	-1.440	16.187
845.540	-1.440	15.601
845.550	-1.340	15.747
845.560	-1.340	15.308
845.570	-1.340	14.648
845.580	-1.300	14.648
845.590	-1.300	14.209
845.600	-1.300	14.062
845.610	-1.260	13.916
845.620	-1.260	13.696
845.630	-1.260	13.403
845.640	-1.180	13.257
845.650	-1.180	12.671
845.660	-1.180	12.451
845.670	-1.060	12.305
845.680	-1.060	11.719
845.690	-1.060	11.206
845.700	-0.900	10.547
845.710	-0.900	10.181
845.720	-0.900	8.496
845.730	-0.640	8.496
845.740	-0.640	7.837
845.750	-0.640	6.079
845.760	-0.360	6.079
845.770	-0.360	5.127
845.780	-0.360	3.076
845.790	-0.030	3.076
845.800	-0.030	1.978
845.810	-0.030	-0.439
845.820	0.310	-0.439
845.830	0.310	-1.758
845.840	0.310	-4.028
845.850	0.650	-5.493
845.860	0.650	-5.493
845.870	0.650	-8.130
845.880	0.900	-9.155
845.890	0.900	-9.155
845.900	0.900	-11.719
845.910	1.290	-11.719
845.920	1.290	-12.891
845.930	1.290	-14.868
845.940	1.590	-14.868
845.950	1.590	-16.187
845.960	1.590	-18.237
845.970	1.840	-18.237
845.980	1.840	-19.043
845.990	1.840	-20.874
846.000	2.040	-20.874
846.010	2.040	-21.606
846.020	2.040	-23.071
846.030	2.220	-23.071
846.040	2.220	-24.170
846.050	2.220	-25.488
846.060	2.460	-25.488
846.070	2.460	-26.074
846.080	2.460	-27.466
846.090	2.650	-27.466
846.100	2.650	-28.052
846.110	2.650	-29.077
846.120	2.650	-29.077
846.130	2.650	-29.370
846.140	2.650	-29.736
846.150	2.720	-29.736
846.160	2.720	-30.322
846.170	2.720	-30.176
846.180	2.760	-30.176
846.190	2.760	-30.615
846.200	2.760	-30.322
846.210	2.720	-30.322
846.220	2.720	-30.322
846.230	2.720	-30.103
846.240	2.630	-30.103
846.250	2.630	-29.736
846.260	2.630	-29.297
846.270	2.570	-29.590
846.280	2.570	-29.224
846.290	2.570	-28.711
846.300	2.560	-28.784
846.310	2.560	-28.857
846.320	2.560	-28.784
846.330	2.580	-28.784
846.340	2.580	-28.638
846.350	2.580	-28.931
846.360	2.600	-29.004
846.370	2.600	-28.564
846.380	2.600	-28.784
846.390	2.610	-28.784
846.400	2.610	-29.150
846.410	2.610	-29.077
846.420	2.620	-28.931
846.430	2.620	-29.224
846.440	2.620	-29.004
846.450	2.620	-29.004
846.460	2.620	-28.857
846.470	2.620	-29.224
846.480	2.590	-29.224
846.490	2.590	-29.150
846.500	2.590	-28.638
846.510	2.570	-28.638
846.520	2.570	-28.638
846.530	2.570	-28.491
846.540	2.560	-28.345
846.550	2.560	-28.345
846.560	2.560	-28.491
846.570	2.520	-28.491
846.580	2.520	-28.271
846.590	2.520	-28.125
846.600	2.480	-27.905
846.610	2.480	-27.832
846.620	2.480	-27.100
846.630	2.400	-27.100
846.640	2.400	-26.880
846.650	2.400	-26.147
846.660	2.300	-26.147
846.670	2.300	-26.001
846.680	2.300	-24.756
846.690	2.130	-24.756
846.700	2.130	-24.170
846.710	2.130	-23.291
846.720	1.940	-23.291
846.730	1.940	-22.559
846.740	1.940	-22.266
846.750	1.800	-21.606
846.760	1.800	-21.094
846.770	1.800	-20.215
846.780	1.690	-19.995
846.790	1.690	-19.702
846.800	1.690	-19.189
846.810	1.620	-19.043
846.820	1.620	-18.750
846.830	1.620	-18.604
846.840	1.630	-18.457
846.850	1.630	-18.091
846.860	1.630	-18.164
846.870	1.650	-18.457
846.880	1.650	-18.384
846.890	1.650	-18.311
846.900	1.630	-18.237
846.910	1.630	-18.018
846.920	1.630	-17.871
846.930	1.490	-17.139
846.940	1.490	-16.406
846.950	1.490	-15.747
846.960	1.100	-14.795
846.970	1.100	-13.477
846.980	1.100	-12.085
846.990	0.590	-10.474
847.000	0.590	-9.009
847.010	0.590	-7.251
847.020	0.190	-5.566
847.030	0.190	-4.248
847.040	0.190	-2.637
847.050	-0.200	-1.099
847.060	-0.200	0.659
847.070	-0.200	2.124
847.080	-0.570	3.516
847.090	-0.570	4.614
847.100	-0.570	5.640
847.110	-0.900	7.104
847.120	-0.900	8.569
847.130	-0.900	9.668
847.140	-1.210	11.060
847.150	-1.210	12.231
847.160	-1.210	12.964
847.170	-1.570	14.575
847.180	-1.570	15.601
847.190	-1.570	17.139
847.200	-1.980	18.530
847.210	-1.980	19.922
847.220	-1.980	21.313
847.230	-2.380	22.852
847.240	-2.380	24.023
847.250	-2.380	25.415
847.260	-2.700	27.100
847.270	-2.700	27.905
847.280	-2.700	29.370
847.290	-2.970	30.249
847.300	-2.970	31.641
847.310	-2.970	32.153
847.320	-3.180	33.032
847.330	-3.180	33.618
847.340	-3.180	34.570
847.350	-3.360	35.449
847.360	-3.360	35.742
847.370	-3.360	36.475
847.380	-3.500	36.841
847.390	-3.500	37.354
847.400	-3.500	37.793
847.410	-3.580	38.599
847.420	-3.580	38.672
847.430	-3.580	39.331
847.440	-3.630	39.404
847.450	-3.630	39.038
847.460	-3.630	39.551
847.470	-3.660	39.917
847.480	-3.660	39.990
847.490	-3.660	40.063
847.500	-3.630	39.844
847.510	-3.630	39.111
847.520	-3.630	38.892
847.530	-3.540	38.892
847.540	-3.540	38.452
847.550	-3.540	37.573
847.560	-3.360	37.573
847.570	-3.360	36.914
847.580	-3.360	36.108
847.590	-3.100	35.156
847.600	-3.100	34.497
847.610	-3.100	33.911
847.620	-2.820	32.886
847.630	-2.820	31.934
847.640	-2.820	31.128
847.650	-2.620	30.542
847.660	-2.620	29.883
847.670	-2.620	28.931
847.680	-2.530	28.638
847.690	-2.530	28.125
847.700	-2.530	27.759
847.710	-2.490	27.759
847.720	-2.490	27.539
847.730	-2.490	27.319
847.740	-2.470	27.246
847.750	-2.470	26.880
847.760	-2.470	26.733
847.770	-2.460	27.100
847.780	-2.460	26.807
847.790	-2.460	27.026
847.800	-2.430	26.660
847.810	-2.430	26.367
847.820	-2.430	26.147
847.830	-2.340	25.928
847.840	-2.340	25.635
847.850	-2.340	25.269
847.860	-2.200	25.195
847.870	-2.200	24.316
847.880	-2.200	23.877
847.890	-2.030	23.437
847.900	-2.030	22.485
847.910	-2.030	21.826
847.920	-1.820	21.240
847.930	-1.820	20.654
847.940	-1.820	19.995
847.950	-1.580	19.263
847.960	-1.580	18.604
847.970	-1.580	18.091
847.980	-1.530	17.358
847.990	-1.530	16.846
848.000	-1.530	16.772
848.010	-1.450	16.187
848.020	-1.450	15.967
848.030	-1.450	15.308
848.040	-1.330	15.015
848.050	-1.330	14.429
848.060	-1.330	14.062
848.070	-1.170	13.477
848.080	-1.170	13.184
848.090	-1.170	12.158
848.100	-0.960	11.499
848.110	-0.960	10.913
848.120	-0.960	9.741
848.130	-0.640	8.789
848.140	-0.640	7.544
848.150	-0.640	6.665
848.160	-0.200	5.273
848.170	-0.200	4.102
848.180	-0.200	2.856
848.190	0.040	1.831
848.200	0.040	0.513
848.210	0.040	-0.952
848.220	0.300	-2.051
848.230	0.300	-2.856
848.240	0.300	-4.028
848.250	0.620	-5.054
848.260	0.620	-6.372
848.270	0.620	-7.324
848.280	0.930	-8.350
848.290	0.930	-9.229
848.300	0.930	-10.400
848.310	1.140	-10.913
848.320	1.140	-11.865
848.330	1.140	-13.037
848.340	1.320	-13.330
848.350	1.320	-14.136
848.360	1.320	-14.648
848.370	1.490	-15.381
848.380	1.490	-15.967
848.390	1.490	-16.553
848.400	1.630	-16.919
848.410	1.630	-17.725
848.420	1.630	-18.091
848.430	1.730	-18.604
848.440	1.730	-19.043
848.450	1.730	-19.409
848.460	1.820	-19.702
848.470	1.820	-20.142
848.480	1.820	-20.654
848.490	1.950	-21.167
848.500	1.950	-21.533
848.510	1.950	-21.899
848.520	2.100	-22.339
848.530	2.100	-22.412
848.540	2.100	-22.998
848.550	2.160	-23.511
848.560	2.160	-23.730
848.570	2.160	-23.877
848.580	2.160	-24.023
848.590	2.160	-24.243
848.600	2.160	-24.170
848.610	2.170	-24.536
848.620	2.170	-24.463
848.630	2.170	-24.756
848.640	2.210	-24.756
848.650	2.210	-24.609
848.660	2.210	-24.756
848.670	2.230	-24.829
848.680	2.230	-24.829
848.690	2.230	-24.756
848.700	2.260	-25.195
848.710	2.260	-24.902
848.720	2.260	-25.342
848.730	2.330	-25.488
848.740	2.330	-25.854
848.750	2.330	-25.928
848.760	2.400	-26.147
848.770	2.400	-26.367
848.780	2.400	-26.587
848.790	2.460	-27.246
848.800	2.460	-27.173
848.810	2.460	-27.466
848.820	2.470	-27.319
848.830	2.470	-27.100
848.840	2.470	-27.246
848.850	2.460	-27.393
848.860	2.460	-27.466
848.870	2.460	-27.246
848.880	2.440	-27.466
848.890	2.440	-26.953
848.900	2.440	-26.953
848.910	2.420	-27.246
848.920	2.420	-26.953
848.930	2.420	-27.100
848.940	2.370	-26.733
848.950	2.370	-26.587
848.960	2.370	-26.074
848.970	2.270	-26.074
848.980	2.270	-25.562
848.990	2.270	-25.415
849.000	2.180	-25.049
849.010	2.180	-24.390
849.020	2.180	-24.390
849.030	2.120	-24.097
849.040	2.120	-23.804
849.050	2.120	-23.584
849.060	2.070	-23.584
849.070	2.070	-23.364
849.080	2.070	-23.071
849.090	2.000	-22.925
849.100	2.000	-22.705
849.110	2.000	-22.559
849.120	1.920	-22.046
849.130	1.920	-21.753
849.140	1.920	-21.606
849.150	1.890	-21.533
849.160	1.890	-21.387
849.170	1.890	-21.167
849.180	1.900	-21.387
849.190	1.900	-21.021
849.200	1.900	-21.240
849.210	1.870	-20.801
849.220	1.870	-20.947
849.230	1.870	-20.728
849.240	1.790	-20.728
849.250	1.790	-20.508
849.260	1.790	-20.361
849.270	1.770	-20.435
849.280	1.770	-19.849
849.290	1.770	-19.922
849.300	1.750	-19.556
849.310	1.750	-19.556
849.320	1.750	-19.043
849.330	1.670	-19.043
849.340	1.670	-18.823
849.350	1.670	-18.677
849.360	1.530	-18.164
849.370	1.530	-17.505
849.380	1.530	-17.505
849.390	1.430	-16.772
849.400	1.430	-16.260
849.410	1.430	-15.894
849.420	1.250	-15.015
849.430	1.250	-14.575
849.440	1.250	-13.696
849.450	1.000	-12.671
849.460	1.000	-12.231
849.470	1.000	-11.353
849.480	0.740	-10.254
