%Time [ms]	Commanded Torque [mNm]	Angular Velocity [RPM]	Actual Current [Amp]	%9/1/20201:56 PM
0.000	0.000	0.000	0.000
10.000	10.000	-13.672	0.019
20.000	10.000	13.672	0.010
30.000	10.000	13.672	0.010
40.000	10.000	13.672	0.010
50.000	10.000	48.828	0.000
60.000	10.000	48.828	0.000
70.000	10.000	48.828	0.000
80.000	10.000	-17.578	0.021
90.000	10.000	-17.578	0.021
100.000	10.000	-17.578	0.021
110.000	10.000	25.391	-0.009
120.000	10.000	25.391	-0.009
130.000	10.000	25.391	-0.009
140.000	10.000	-1.953	0.000
150.000	10.000	-1.953	0.000
160.000	10.000	-1.953	0.000
170.000	10.000	52.734	0.010
180.000	10.000	52.734	0.010
190.000	10.000	52.734	0.010
200.000	10.000	9.766	-0.013
210.000	10.000	9.766	-0.013
220.000	10.000	9.766	-0.013
230.000	10.000	17.578	-0.019
240.000	10.000	17.578	-0.019
250.000	10.000	17.578	-0.019
260.000	10.000	15.625	0.003
270.000	10.000	15.625	0.003
280.000	10.000	15.625	0.003
290.000	10.000	3.906	-0.007
300.000	10.000	3.906	-0.007
310.000	10.000	3.906	-0.007
320.000	10.000	56.641	-0.004
330.000	10.000	56.641	-0.004
340.000	10.000	56.641	-0.004
350.000	10.000	31.250	0.014
360.000	10.000	31.250	0.014
370.000	10.000	31.250	0.014
380.000	10.000	31.250	-0.017
390.000	10.000	31.250	-0.017
400.000	10.000	31.250	-0.017
410.000	10.000	44.922	0.000
420.000	10.000	44.922	0.000
430.000	10.000	44.922	0.000
440.000	10.000	1.953	0.003
450.000	10.000	1.953	0.003
460.000	10.000	1.953	0.003
470.000	10.000	58.594	0.006
480.000	10.000	58.594	0.006
490.000	10.000	58.594	0.006
500.000	10.000	25.391	-0.016
510.000	10.000	25.391	-0.016
520.000	10.000	25.391	-0.016
530.000	10.000	29.297	0.001
540.000	10.000	29.297	0.001
550.000	10.000	29.297	0.001
560.000	10.000	50.781	0.003
570.000	10.000	50.781	0.003
580.000	10.000	50.781	0.003
590.000	10.000	-7.812	-0.008
600.000	10.000	-7.812	-0.008
610.000	10.000	-7.812	-0.008
620.000	10.000	50.781	0.007
630.000	10.000	50.781	0.007
640.000	10.000	50.781	0.007
650.000	10.000	44.922	0.021
660.000	10.000	44.922	0.021
670.000	10.000	44.922	0.021
680.000	10.000	25.391	0.015
690.000	10.000	25.391	0.015
700.000	10.000	25.391	0.015
710.000	10.000	23.437	-0.019
720.000	10.000	23.437	-0.019
730.000	10.000	23.437	-0.019
740.000	10.000	9.766	-0.011
750.000	10.000	9.766	-0.011
760.000	10.000	9.766	-0.011
770.000	10.000	41.016	0.016
780.000	10.000	41.016	0.016
790.000	10.000	41.016	0.016
800.000	10.000	46.875	0.004
810.000	10.000	46.875	0.004
820.000	10.000	46.875	0.004
830.000	10.000	41.016	0.016
840.000	10.000	41.016	0.016
850.000	10.000	41.016	0.016
860.000	10.000	7.812	-0.002
870.000	10.000	7.812	-0.002
880.000	10.000	7.812	-0.002
890.000	10.000	19.531	-0.014
900.000	10.000	19.531	-0.014
910.000	10.000	19.531	-0.014
920.000	10.000	11.719	0.012
930.000	10.000	11.719	0.012
940.000	10.000	11.719	0.012
950.000	10.000	-5.859	-0.007
960.000	10.000	-5.859	-0.007
970.000	10.000	-5.859	-0.007
980.000	10.000	50.781	0.013
990.000	10.000	50.781	0.013
1000.000	10.000	50.781	0.013
1010.000	10.000	-19.531	-0.005
1020.000	10.000	-19.531	-0.005
1030.000	10.000	-19.531	-0.005
1040.000	10.000	42.969	0.009
1050.000	10.000	42.969	0.009
1060.000	10.000	42.969	0.009
1070.000	10.000	0.000	-0.019
1080.000	10.000	0.000	-0.019
1090.000	10.000	0.000	-0.019
1100.000	10.000	17.578	0.164
1110.000	10.000	17.578	0.164
1120.000	10.000	17.578	0.164
1130.000	10.000	11.719	0.248
1140.000	10.000	11.719	0.248
1150.000	10.000	11.719	0.248
1160.000	10.000	3.906	0.265
1170.000	10.000	3.906	0.265
1180.000	10.000	3.906	0.265
1190.000	10.000	78.125	0.288
1200.000	10.000	78.125	0.288
1210.000	10.000	78.125	0.288
1220.000	10.000	60.547	0.287
1230.000	10.000	60.547	0.287
1240.000	10.000	60.547	0.287
1250.000	10.000	99.609	0.309
1260.000	10.000	99.609	0.309
1270.000	10.000	99.609	0.309
1280.000	10.000	169.922	0.297
1290.000	10.000	169.922	0.297
1300.000	10.000	169.922	0.297
1310.000	10.000	160.156	0.304
1320.000	10.000	160.156	0.304
1330.000	10.000	160.156	0.304
1340.000	10.000	187.500	0.307
1350.000	10.000	187.500	0.307
1360.000	10.000	187.500	0.307
1370.000	10.000	197.266	0.290
1380.000	10.000	197.266	0.290
1390.000	10.000	197.266	0.290
1400.000	10.000	214.844	0.311
1410.000	10.000	214.844	0.311
1420.000	10.000	214.844	0.311
1430.000	10.000	234.375	0.291
1440.000	10.000	234.375	0.291
1450.000	10.000	234.375	0.291
1460.000	10.000	283.203	0.310
1470.000	10.000	283.203	0.310
1480.000	10.000	283.203	0.310
1490.000	10.000	287.109	0.301
1500.000	10.000	287.109	0.301
1510.000	10.000	287.109	0.301
1520.000	10.000	300.781	0.309
1530.000	10.000	300.781	0.309
1540.000	10.000	300.781	0.309
1550.000	10.000	318.359	0.292
1560.000	10.000	318.359	0.292
1570.000	10.000	318.359	0.292
1580.000	10.000	322.266	0.286
1590.000	10.000	322.266	0.286
1600.000	10.000	322.266	0.286
1610.000	10.000	371.094	0.292
1620.000	10.000	371.094	0.292
1630.000	10.000	371.094	0.292
1640.000	10.000	380.859	0.310
1650.000	10.000	380.859	0.310
1660.000	10.000	380.859	0.310
1670.000	10.000	376.953	0.296
1680.000	10.000	376.953	0.296
1690.000	10.000	376.953	0.296
1700.000	10.000	394.531	0.313
1710.000	10.000	394.531	0.313
1720.000	10.000	394.531	0.313
1730.000	10.000	443.359	0.290
1740.000	10.000	443.359	0.290
1750.000	10.000	443.359	0.290
1760.000	10.000	464.844	0.301
1770.000	10.000	464.844	0.301
1780.000	10.000	464.844	0.301
1790.000	10.000	455.078	0.272
1800.000	10.000	455.078	0.272
1810.000	10.000	455.078	0.272
1820.000	10.000	521.484	0.307
1830.000	10.000	521.484	0.307
1840.000	10.000	521.484	0.307
1850.000	10.000	494.141	0.307
1860.000	10.000	494.141	0.307
1870.000	10.000	494.141	0.307
1880.000	10.000	535.156	0.304
1890.000	10.000	535.156	0.304
1900.000	10.000	535.156	0.304
1910.000	10.000	537.109	0.271
1920.000	10.000	537.109	0.271
1930.000	10.000	537.109	0.271
1940.000	10.000	535.156	0.289
1950.000	10.000	535.156	0.289
1960.000	10.000	535.156	0.289
1970.000	10.000	562.500	0.285
1980.000	10.000	562.500	0.285
1990.000	10.000	562.500	0.285
2000.000	10.000	601.562	0.306
2010.000	10.000	601.562	0.306
2020.000	10.000	601.562	0.306
2030.000	10.000	605.469	0.301
2040.000	10.000	605.469	0.301
2050.000	10.000	605.469	0.301
2060.000	10.000	605.469	0.299
2070.000	10.000	605.469	0.299
2080.000	10.000	605.469	0.299
2090.000	10.000	636.719	0.287
2100.000	10.000	636.719	0.287
2110.000	10.000	636.719	0.287
2120.000	10.000	646.484	0.295
2130.000	10.000	646.484	0.295
2140.000	10.000	646.484	0.295
2150.000	10.000	683.594	0.288
2160.000	10.000	683.594	0.288
2170.000	10.000	683.594	0.288
2180.000	10.000	720.703	0.308
2190.000	10.000	720.703	0.308
2200.000	10.000	720.703	0.308
2210.000	10.000	697.266	0.287
2220.000	10.000	697.266	0.287
2230.000	10.000	697.266	0.287
2240.000	10.000	740.234	0.291
2250.000	10.000	740.234	0.291
2260.000	10.000	740.234	0.291
2270.000	10.000	769.531	0.301
2280.000	10.000	769.531	0.301
2290.000	10.000	769.531	0.301
2300.000	10.000	765.625	0.270
2310.000	10.000	765.625	0.270
2320.000	10.000	765.625	0.270
2330.000	10.000	796.875	0.300
2340.000	10.000	796.875	0.300
2350.000	10.000	796.875	0.300
2360.000	10.000	802.734	0.309
2370.000	10.000	802.734	0.309
2380.000	10.000	802.734	0.309
2390.000	10.000	833.984	0.284
2400.000	10.000	833.984	0.284
2410.000	10.000	833.984	0.284
2420.000	10.000	841.797	0.286
2430.000	10.000	841.797	0.286
2440.000	10.000	841.797	0.286
2450.000	10.000	867.187	0.289
2460.000	10.000	867.187	0.289
2470.000	10.000	867.187	0.289
2480.000	10.000	869.141	0.282
2490.000	10.000	869.141	0.282
2500.000	10.000	869.141	0.282
2510.000	10.000	882.812	0.289
2520.000	10.000	882.812	0.289
2530.000	10.000	882.812	0.289
2540.000	10.000	945.312	0.310
2550.000	10.000	945.312	0.310
2560.000	10.000	945.312	0.310
2570.000	10.000	931.641	0.308
2580.000	10.000	931.641	0.308
2590.000	10.000	931.641	0.308
2600.000	10.000	933.594	0.290
2610.000	10.000	933.594	0.290
2620.000	10.000	933.594	0.290
2630.000	10.000	964.844	0.315
2640.000	10.000	964.844	0.315
2650.000	10.000	964.844	0.315
2660.000	10.000	957.031	0.291
2670.000	10.000	957.031	0.291
2680.000	10.000	957.031	0.291
2690.000	10.000	970.703	0.307
2700.000	10.000	970.703	0.307
2710.000	10.000	970.703	0.307
2720.000	10.000	1011.719	0.312
2730.000	10.000	1011.719	0.312
2740.000	10.000	1011.719	0.312
2750.000	10.000	1017.578	0.287
2760.000	10.000	1017.578	0.287
2770.000	10.000	1017.578	0.287
2780.000	10.000	1058.594	0.308
2790.000	10.000	1058.594	0.308
2800.000	10.000	1058.594	0.308
2810.000	10.000	1070.312	0.298
2820.000	10.000	1070.312	0.298
2830.000	10.000	1070.312	0.298
2840.000	10.000	1085.937	0.296
2850.000	10.000	1085.937	0.296
2860.000	10.000	1085.937	0.296
2870.000	10.000	1064.453	0.284
2880.000	10.000	1064.453	0.284
2890.000	10.000	1064.453	0.284
2900.000	10.000	1091.797	0.294
2910.000	10.000	1091.797	0.294
2920.000	10.000	1091.797	0.294
2930.000	10.000	1146.484	0.290
2940.000	10.000	1146.484	0.290
2950.000	10.000	1146.484	0.290
2960.000	10.000	1119.141	0.291
2970.000	10.000	1119.141	0.291
2980.000	10.000	1119.141	0.291
2990.000	10.000	1179.687	0.304
3000.000	10.000	1179.687	0.304
3010.000	10.000	1179.687	0.304
3020.000	10.000	1177.734	0.304
3030.000	10.000	1177.734	0.304
3040.000	10.000	1177.734	0.304
3050.000	10.000	1212.891	0.294
3060.000	10.000	1212.891	0.294
3070.000	10.000	1212.891	0.294
3080.000	10.000	1181.641	0.310
3090.000	10.000	1181.641	0.310
3100.000	10.000	1181.641	0.310
3110.000	10.000	1228.516	0.290
3120.000	10.000	1228.516	0.290
3130.000	10.000	1228.516	0.290
3140.000	10.000	1250.000	0.277
3150.000	10.000	1250.000	0.277
3160.000	10.000	1250.000	0.277
3170.000	10.000	1224.609	0.291
3180.000	10.000	1224.609	0.291
3190.000	10.000	1224.609	0.291
3200.000	10.000	1263.672	0.281
3210.000	10.000	1263.672	0.281
3220.000	10.000	1263.672	0.281
3230.000	10.000	1291.016	0.289
3240.000	10.000	1291.016	0.289
3250.000	10.000	1291.016	0.289
3260.000	10.000	1310.547	0.282
3270.000	10.000	1310.547	0.282
3280.000	10.000	1310.547	0.282
3290.000	10.000	1330.078	0.300
3300.000	10.000	1330.078	0.300
3310.000	10.000	1330.078	0.300
3320.000	10.000	1320.312	0.304
3330.000	10.000	1320.312	0.304
3340.000	10.000	1320.312	0.304
3350.000	10.000	1357.422	0.296
3360.000	10.000	1357.422	0.296
3370.000	10.000	1357.422	0.296
3380.000	10.000	1396.484	0.314
3390.000	10.000	1396.484	0.314
3400.000	10.000	1396.484	0.314
3410.000	10.000	1363.281	0.299
3420.000	10.000	1363.281	0.299
3430.000	10.000	1363.281	0.299
3440.000	10.000	1429.687	0.310
3450.000	10.000	1429.687	0.310
3460.000	10.000	1429.687	0.310
3470.000	10.000	1410.156	0.281
3480.000	10.000	1410.156	0.281
3490.000	10.000	1410.156	0.281
3500.000	10.000	1433.594	0.295
3510.000	10.000	1433.594	0.295
3520.000	10.000	1433.594	0.295
3530.000	10.000	1482.422	0.297
3540.000	10.000	1482.422	0.297
3550.000	10.000	1482.422	0.297
3560.000	10.000	1455.078	0.286
3570.000	10.000	1455.078	0.286
3580.000	10.000	1455.078	0.286
3590.000	10.000	1451.172	0.285
3600.000	10.000	1451.172	0.285
3610.000	10.000	1451.172	0.285
3620.000	10.000	1455.078	0.294
3630.000	10.000	1455.078	0.294
3640.000	10.000	1455.078	0.294
3650.000	10.000	1511.719	0.282
3660.000	10.000	1511.719	0.282
3670.000	10.000	1511.719	0.282
3680.000	10.000	1542.969	0.300
3690.000	10.000	1542.969	0.300
3700.000	10.000	1542.969	0.300
3710.000	10.000	1509.766	0.311
3720.000	10.000	1509.766	0.311
3730.000	10.000	1509.766	0.311
3740.000	10.000	1570.312	0.283
3750.000	10.000	1570.312	0.283
3760.000	10.000	1570.312	0.283
3770.000	10.000	1585.937	0.305
3780.000	10.000	1585.937	0.305
3790.000	10.000	1585.937	0.305
3800.000	10.000	1568.359	0.274
3810.000	10.000	1568.359	0.274
3820.000	10.000	1568.359	0.274
3830.000	10.000	1580.078	0.288
3840.000	10.000	1580.078	0.288
3850.000	10.000	1580.078	0.288
3860.000	10.000	1621.094	0.274
3870.000	10.000	1621.094	0.274
3880.000	10.000	1621.094	0.274
3890.000	10.000	1617.187	0.285
3900.000	10.000	1617.187	0.285
3910.000	10.000	1617.187	0.285
3920.000	10.000	1632.812	0.296
3930.000	10.000	1632.812	0.296
3940.000	10.000	1632.812	0.296
3950.000	10.000	1644.531	0.299
3960.000	10.000	1644.531	0.299
3970.000	10.000	1644.531	0.299
3980.000	10.000	1683.594	0.297
3990.000	10.000	1683.594	0.297
4000.000	10.000	1683.594	0.297
4010.000	10.000	1724.609	0.290
4020.000	10.000	1724.609	0.290
4030.000	10.000	1724.609	0.290
4040.000	10.000	1662.109	0.314
4050.000	10.000	1662.109	0.314
4060.000	10.000	1662.109	0.314
4070.000	10.000	1716.797	0.275
4080.000	10.000	1716.797	0.275
4090.000	10.000	1716.797	0.275
4100.000	10.000	1750.000	0.284
4110.000	10.000	1750.000	0.284
4120.000	10.000	1750.000	0.284
4130.000	10.000	1722.656	0.301
4140.000	10.000	1722.656	0.301
4150.000	10.000	1722.656	0.301
4160.000	10.000	1771.484	0.281
4170.000	10.000	1771.484	0.281
4180.000	10.000	1771.484	0.281
4190.000	10.000	1736.328	0.307
4200.000	10.000	1736.328	0.307
4210.000	10.000	1736.328	0.307
4220.000	10.000	1781.250	0.294
4230.000	10.000	1781.250	0.294
4240.000	10.000	1781.250	0.294
4250.000	10.000	1791.016	0.279
4260.000	10.000	1791.016	0.279
4270.000	10.000	1791.016	0.279
4280.000	10.000	1818.359	0.290
4290.000	10.000	1818.359	0.290
4300.000	10.000	1818.359	0.290
4310.000	10.000	1812.500	0.302
4320.000	10.000	1812.500	0.302
4330.000	10.000	1812.500	0.302
4340.000	10.000	1826.172	0.279
4350.000	10.000	1826.172	0.279
4360.000	10.000	1826.172	0.279
4370.000	10.000	1849.609	0.267
4380.000	10.000	1849.609	0.267
4390.000	10.000	1849.609	0.267
4400.000	10.000	1875.000	0.309
4410.000	10.000	1875.000	0.309
4420.000	10.000	1875.000	0.309
4430.000	10.000	1871.094	0.324
4440.000	10.000	1871.094	0.324
4450.000	10.000	1871.094	0.324
4460.000	10.000	1906.250	0.295
4470.000	10.000	1906.250	0.295
4480.000	10.000	1906.250	0.295
4490.000	10.000	1933.594	0.308
4500.000	10.000	1933.594	0.308
4510.000	10.000	1933.594	0.308
4520.000	10.000	1919.922	0.280
4530.000	10.000	1919.922	0.280
4540.000	10.000	1919.922	0.280
4550.000	10.000	1966.797	0.290
4560.000	10.000	1966.797	0.290
4570.000	10.000	1966.797	0.290
4580.000	10.000	1966.797	0.294
4590.000	10.000	1966.797	0.294
4600.000	10.000	1966.797	0.294
4610.000	10.000	1998.047	0.289
4620.000	10.000	1998.047	0.289
4630.000	10.000	1998.047	0.289
4640.000	10.000	1994.141	0.289
4650.000	10.000	1994.141	0.289
4660.000	10.000	1994.141	0.289
4670.000	10.000	1998.047	0.296
4680.000	10.000	1998.047	0.296
4690.000	10.000	1998.047	0.296
4700.000	10.000	2044.922	0.288
4710.000	10.000	2044.922	0.288
4720.000	10.000	2044.922	0.288
4730.000	10.000	2039.062	0.276
4740.000	10.000	2039.062	0.276
4750.000	10.000	2039.062	0.276
4760.000	10.000	2021.484	0.290
4770.000	10.000	2021.484	0.290
4780.000	10.000	2021.484	0.290
4790.000	10.000	2048.828	0.306
4800.000	10.000	2048.828	0.306
4810.000	10.000	2048.828	0.306
4820.000	10.000	2066.406	0.297
4830.000	10.000	2066.406	0.297
4840.000	10.000	2066.406	0.297
4850.000	10.000	2072.266	0.268
4860.000	10.000	2072.266	0.268
4870.000	10.000	2072.266	0.268
4880.000	10.000	2095.703	0.305
4890.000	10.000	2095.703	0.305
4900.000	10.000	2095.703	0.305
4910.000	10.000	2085.937	0.278
4920.000	10.000	2085.937	0.278
4930.000	10.000	2085.937	0.278
4940.000	10.000	2119.141	0.282
4950.000	10.000	2119.141	0.282
4960.000	10.000	2119.141	0.282
4970.000	10.000	2089.844	0.280
4980.000	10.000	2089.844	0.280
4990.000	10.000	2089.844	0.280
5000.000	10.000	2148.437	0.284
5010.000	10.000	2148.437	0.284
5020.000	10.000	2148.437	0.284
5030.000	10.000	2144.531	0.289
5040.000	10.000	2144.531	0.289
5050.000	10.000	2144.531	0.289
5060.000	10.000	2191.406	0.299
5070.000	10.000	2191.406	0.299
5080.000	10.000	2191.406	0.299
5090.000	10.000	2162.109	0.276
5100.000	10.000	2162.109	0.276
5110.000	10.000	2162.109	0.276
5120.000	10.000	2222.656	0.313
5130.000	10.000	2222.656	0.313
5140.000	10.000	2222.656	0.313
5150.000	10.000	2169.922	0.284
5160.000	10.000	2169.922	0.284
5170.000	10.000	2169.922	0.284
5180.000	10.000	2236.328	0.295
5190.000	10.000	2236.328	0.295
5200.000	10.000	2236.328	0.295
5210.000	10.000	2259.766	0.300
5220.000	10.000	2259.766	0.300
5230.000	10.000	2259.766	0.300
5240.000	10.000	2263.672	0.307
5250.000	10.000	2263.672	0.307
5260.000	10.000	2263.672	0.307
5270.000	10.000	2251.953	0.298
5280.000	10.000	2251.953	0.298
5290.000	10.000	2251.953	0.298
5300.000	10.000	2306.641	0.310
5310.000	10.000	2306.641	0.310
5320.000	10.000	2306.641	0.310
5330.000	10.000	2318.359	0.305
5340.000	10.000	2318.359	0.305
5350.000	10.000	2318.359	0.305
5360.000	10.000	2287.109	0.291
5370.000	10.000	2287.109	0.291
5380.000	10.000	2287.109	0.291
5390.000	10.000	2302.734	0.304
5400.000	10.000	2302.734	0.304
5410.000	10.000	2302.734	0.304
5420.000	10.000	2347.656	0.279
5430.000	10.000	2347.656	0.279
5440.000	10.000	2347.656	0.279
5450.000	10.000	2378.906	0.294
5460.000	10.000	2378.906	0.294
5470.000	10.000	2378.906	0.294
5480.000	10.000	2394.531	0.290
5490.000	10.000	2394.531	0.290
5500.000	10.000	2394.531	0.290
5510.000	10.000	2363.281	0.280
5520.000	10.000	2363.281	0.280
5530.000	10.000	2363.281	0.280
5540.000	10.000	2410.156	0.300
5550.000	10.000	2410.156	0.300
5560.000	10.000	2410.156	0.300
5570.000	10.000	2378.906	0.294
5580.000	10.000	2378.906	0.294
5590.000	10.000	2378.906	0.294
5600.000	10.000	2367.187	0.291
5610.000	10.000	2367.187	0.291
5620.000	10.000	2367.187	0.291
5630.000	10.000	2419.922	0.290
5640.000	10.000	2419.922	0.290
5650.000	10.000	2419.922	0.290
5660.000	10.000	2443.359	0.280
5670.000	10.000	2443.359	0.280
5680.000	10.000	2443.359	0.280
5690.000	10.000	2480.469	0.301
5700.000	10.000	2480.469	0.301
5710.000	10.000	2480.469	0.301
5720.000	10.000	2466.797	0.289
5730.000	10.000	2466.797	0.289
5740.000	10.000	2466.797	0.289
5750.000	10.000	2478.516	0.308
5760.000	10.000	2478.516	0.308
5770.000	10.000	2478.516	0.308
5780.000	10.000	2449.219	0.280
5790.000	10.000	2449.219	0.280
5800.000	10.000	2449.219	0.280
5810.000	10.000	2519.531	0.293
5820.000	10.000	2519.531	0.293
5830.000	10.000	2519.531	0.293
5840.000	10.000	2511.719	0.294
5850.000	10.000	2511.719	0.294
5860.000	10.000	2511.719	0.294
5870.000	10.000	2531.250	0.290
5880.000	10.000	2531.250	0.290
5890.000	10.000	2531.250	0.290
5900.000	10.000	2523.437	0.281
5910.000	10.000	2523.437	0.281
5920.000	10.000	2523.437	0.281
5930.000	10.000	2554.687	0.308
5940.000	10.000	2554.687	0.308
5950.000	10.000	2554.687	0.308
5960.000	10.000	2564.453	0.282
5970.000	10.000	2564.453	0.282
5980.000	10.000	2564.453	0.282
5990.000	10.000	2599.609	0.290
6000.000	10.000	2599.609	0.290
6010.000	10.000	2599.609	0.290
6020.000	10.000	2578.125	0.288
6030.000	10.000	2578.125	0.288
6040.000	10.000	2578.125	0.288
6050.000	10.000	2617.187	0.304
6060.000	10.000	2617.187	0.304
6070.000	10.000	2617.187	0.304
6080.000	10.000	2623.047	0.305
6090.000	10.000	2623.047	0.305
6100.000	10.000	2623.047	0.305
6110.000	10.000	2642.578	0.142
6120.000	10.000	2642.578	0.142
6130.000	10.000	2642.578	0.142
6140.000	10.000	2580.078	0.057
6150.000	10.000	2580.078	0.057
6160.000	10.000	2580.078	0.057
6170.000	10.000	2591.797	-0.007
6180.000	10.000	2591.797	-0.007
6190.000	10.000	2591.797	-0.007
6200.000	10.000	2558.594	0.009
6210.000	10.000	2558.594	0.009
6220.000	10.000	2558.594	0.009
6230.000	10.000	2587.891	0.008
6240.000	10.000	2587.891	0.008
6250.000	10.000	2587.891	0.008
6260.000	10.000	2564.453	0.017
6270.000	10.000	2564.453	0.017
6280.000	10.000	2564.453	0.017
6290.000	10.000	2548.828	-0.005
6300.000	10.000	2548.828	-0.005
6310.000	10.000	2548.828	-0.005
6320.000	10.000	2546.875	-0.004
6330.000	10.000	2546.875	-0.004
6340.000	10.000	2546.875	-0.004
6350.000	10.000	2548.828	-0.003
6360.000	10.000	2548.828	-0.003
6370.000	10.000	2548.828	-0.003
6380.000	10.000	2533.203	-0.002
6390.000	10.000	2533.203	-0.002
6400.000	10.000	2533.203	-0.002
6410.000	10.000	2494.141	-0.017
6420.000	10.000	2494.141	-0.017
6430.000	10.000	2494.141	-0.017
6440.000	10.000	2482.422	0.014
6450.000	10.000	2482.422	0.014
6460.000	10.000	2482.422	0.014
6470.000	10.000	2478.516	0.012
6480.000	10.000	2478.516	0.012
6490.000	10.000	2478.516	0.012
6500.000	10.000	2466.797	-0.005
6510.000	10.000	2466.797	-0.005
6520.000	10.000	2466.797	-0.005
6530.000	10.000	2419.922	-0.003
6540.000	10.000	2419.922	-0.003
6550.000	10.000	2419.922	-0.003
6560.000	10.000	2431.641	-0.020
6570.000	10.000	2431.641	-0.020
6580.000	10.000	2431.641	-0.020
6590.000	10.000	2412.109	-0.016
6600.000	10.000	2412.109	-0.016
6610.000	10.000	2412.109	-0.016
6620.000	10.000	2390.625	-0.026
6630.000	10.000	2390.625	-0.026
6640.000	10.000	2390.625	-0.026
6650.000	10.000	2373.047	0.005
6660.000	10.000	2373.047	0.005
6670.000	10.000	2373.047	0.005
6680.000	10.000	2373.047	-0.030
6690.000	10.000	2373.047	-0.030
6700.000	10.000	2373.047	-0.030
6710.000	10.000	2357.422	-0.010
6720.000	10.000	2357.422	-0.010
6730.000	10.000	2357.422	-0.010
6740.000	10.000	2375.000	0.004
6750.000	10.000	2375.000	0.004
6760.000	10.000	2375.000	0.004
6770.000	10.000	2300.781	-0.016
6780.000	10.000	2300.781	-0.016
6790.000	10.000	2300.781	-0.016
6800.000	10.000	2335.937	0.017
6810.000	10.000	2335.937	0.017
6820.000	10.000	2335.937	0.017
6830.000	10.000	2337.891	-0.002
6840.000	10.000	2337.891	-0.002
6850.000	10.000	2337.891	-0.002
6860.000	10.000	2292.969	0.006
6870.000	10.000	2292.969	0.006
6880.000	10.000	2292.969	0.006
6890.000	10.000	2308.594	0.010
6900.000	10.000	2308.594	0.010
6910.000	10.000	2308.594	0.010
6920.000	10.000	2261.719	-0.012
6930.000	10.000	2261.719	-0.012
6940.000	10.000	2261.719	-0.012
6950.000	10.000	2250.000	-0.021
6960.000	10.000	2250.000	-0.021
6970.000	10.000	2250.000	-0.021
6980.000	10.000	2240.234	-0.023
6990.000	10.000	2240.234	-0.023
7000.000	10.000	2240.234	-0.023
7010.000	10.000	2255.859	0.001
