%Time [ms]	Commanded Torque [mNm]	Angular Velocity [RPM]	Actual Current [Amp]	%9/1/20201:57 PM
0.000	0.000	0.000	0.000
20.000	12.000	37.109	0.009
30.000	12.000	37.109	0.009
40.000	12.000	25.391	0.013
50.000	12.000	25.391	0.013
60.000	12.000	25.391	0.013
70.000	12.000	9.766	0.007
80.000	12.000	9.766	0.007
90.000	12.000	9.766	0.007
100.000	12.000	17.578	-0.005
110.000	12.000	17.578	-0.005
120.000	12.000	17.578	-0.005
130.000	12.000	25.391	0.006
140.000	12.000	25.391	0.006
150.000	12.000	25.391	0.006
160.000	12.000	62.500	0.008
170.000	12.000	62.500	0.008
180.000	12.000	62.500	0.008
190.000	12.000	17.578	-0.008
200.000	12.000	17.578	-0.008
210.000	12.000	17.578	-0.008
220.000	12.000	46.875	0.014
230.000	12.000	46.875	0.014
240.000	12.000	46.875	0.014
250.000	12.000	0.000	-0.010
260.000	12.000	0.000	-0.010
270.000	12.000	0.000	-0.010
280.000	12.000	42.969	0.001
290.000	12.000	42.969	0.001
300.000	12.000	42.969	0.001
310.000	12.000	35.156	-0.022
320.000	12.000	35.156	-0.022
330.000	12.000	35.156	-0.022
340.000	12.000	41.016	0.021
350.000	12.000	41.016	0.021
360.000	12.000	41.016	0.021
370.000	12.000	35.156	-0.001
380.000	12.000	35.156	-0.001
390.000	12.000	35.156	-0.001
400.000	12.000	19.531	-0.005
410.000	12.000	19.531	-0.005
420.000	12.000	19.531	-0.005
430.000	12.000	50.781	0.003
440.000	12.000	50.781	0.003
450.000	12.000	50.781	0.003
460.000	12.000	42.969	0.023
470.000	12.000	42.969	0.023
480.000	12.000	42.969	0.023
490.000	12.000	44.922	0.007
500.000	12.000	44.922	0.007
510.000	12.000	44.922	0.007
520.000	12.000	54.687	0.006
530.000	12.000	54.687	0.006
540.000	12.000	54.687	0.006
550.000	12.000	17.578	-0.010
560.000	12.000	17.578	-0.010
570.000	12.000	17.578	-0.010
580.000	12.000	44.922	0.003
590.000	12.000	44.922	0.003
600.000	12.000	44.922	0.003
610.000	12.000	-1.953	0.010
620.000	12.000	-1.953	0.010
630.000	12.000	-1.953	0.010
640.000	12.000	-9.766	0.007
650.000	12.000	-9.766	0.007
660.000	12.000	-9.766	0.007
670.000	12.000	33.203	0.001
680.000	12.000	33.203	0.001
690.000	12.000	33.203	0.001
700.000	12.000	11.719	-0.002
710.000	12.000	11.719	-0.002
720.000	12.000	11.719	-0.002
730.000	12.000	5.859	-0.025
740.000	12.000	5.859	-0.025
750.000	12.000	5.859	-0.025
760.000	12.000	48.828	0.002
770.000	12.000	48.828	0.002
780.000	12.000	48.828	0.002
790.000	12.000	15.625	-0.008
800.000	12.000	15.625	-0.008
810.000	12.000	15.625	-0.008
820.000	12.000	52.734	0.010
830.000	12.000	52.734	0.010
840.000	12.000	52.734	0.010
850.000	12.000	15.625	-0.005
860.000	12.000	15.625	-0.005
870.000	12.000	15.625	-0.005
880.000	12.000	31.250	0.009
890.000	12.000	31.250	0.009
900.000	12.000	31.250	0.009
910.000	12.000	-5.859	-0.009
920.000	12.000	-5.859	-0.009
930.000	12.000	-5.859	-0.009
940.000	12.000	17.578	-0.018
950.000	12.000	17.578	-0.018
960.000	12.000	17.578	-0.018
970.000	12.000	42.969	0.013
980.000	12.000	42.969	0.013
990.000	12.000	42.969	0.013
1000.000	12.000	31.250	0.002
1010.000	12.000	31.250	0.002
1020.000	12.000	31.250	0.002
1030.000	12.000	11.719	-0.008
1040.000	12.000	11.719	-0.008
1050.000	12.000	11.719	-0.008
1060.000	12.000	35.156	-0.021
1070.000	12.000	35.156	-0.021
1080.000	12.000	35.156	-0.021
1090.000	12.000	27.344	0.184
1100.000	12.000	27.344	0.184
1110.000	12.000	27.344	0.184
1120.000	12.000	7.812	0.278
1130.000	12.000	7.812	0.278
1140.000	12.000	7.812	0.278
1150.000	12.000	29.297	0.340
1160.000	12.000	29.297	0.340
1170.000	12.000	29.297	0.340
1180.000	12.000	101.562	0.353
1190.000	12.000	101.562	0.353
1200.000	12.000	101.562	0.353
1210.000	12.000	82.031	0.344
1220.000	12.000	82.031	0.344
1230.000	12.000	82.031	0.344
1240.000	12.000	144.531	0.352
1250.000	12.000	144.531	0.352
1260.000	12.000	144.531	0.352
1270.000	12.000	146.484	0.348
1280.000	12.000	146.484	0.348
1290.000	12.000	146.484	0.348
1300.000	12.000	177.734	0.370
1310.000	12.000	177.734	0.370
1320.000	12.000	177.734	0.370
1330.000	12.000	218.750	0.344
1340.000	12.000	218.750	0.344
1350.000	12.000	218.750	0.344
1360.000	12.000	263.672	0.375
1370.000	12.000	263.672	0.375
1380.000	12.000	263.672	0.375
1390.000	12.000	275.391	0.386
1400.000	12.000	275.391	0.386
1410.000	12.000	275.391	0.386
1420.000	12.000	255.859	0.348
1430.000	12.000	255.859	0.348
1440.000	12.000	255.859	0.348
1450.000	12.000	318.359	0.370
1460.000	12.000	318.359	0.370
1470.000	12.000	318.359	0.370
1480.000	12.000	314.453	0.347
1490.000	12.000	314.453	0.347
1500.000	12.000	314.453	0.347
1510.000	12.000	349.609	0.358
1520.000	12.000	349.609	0.358
1530.000	12.000	349.609	0.358
1540.000	12.000	382.812	0.346
1550.000	12.000	382.812	0.346
1560.000	12.000	382.812	0.346
1570.000	12.000	421.875	0.352
1580.000	12.000	421.875	0.352
1590.000	12.000	421.875	0.352
1600.000	12.000	435.547	0.379
1610.000	12.000	435.547	0.379
1620.000	12.000	435.547	0.379
1630.000	12.000	464.844	0.372
1640.000	12.000	464.844	0.372
1650.000	12.000	464.844	0.372
1660.000	12.000	476.562	0.336
1670.000	12.000	476.562	0.336
1680.000	12.000	476.562	0.336
1690.000	12.000	496.094	0.350
1700.000	12.000	496.094	0.350
1710.000	12.000	496.094	0.350
1720.000	12.000	505.859	0.349
1730.000	12.000	505.859	0.349
1740.000	12.000	505.859	0.349
1750.000	12.000	568.359	0.359
1760.000	12.000	568.359	0.359
1770.000	12.000	568.359	0.359
1780.000	12.000	544.922	0.345
1790.000	12.000	544.922	0.345
1800.000	12.000	544.922	0.345
1810.000	12.000	603.516	0.363
1820.000	12.000	603.516	0.363
1830.000	12.000	603.516	0.363
1840.000	12.000	652.344	0.356
1850.000	12.000	652.344	0.356
1860.000	12.000	652.344	0.356
1870.000	12.000	650.391	0.367
1880.000	12.000	650.391	0.367
1890.000	12.000	650.391	0.367
1900.000	12.000	666.016	0.378
1910.000	12.000	666.016	0.378
1920.000	12.000	666.016	0.378
1930.000	12.000	703.125	0.355
1940.000	12.000	703.125	0.355
1950.000	12.000	703.125	0.355
1960.000	12.000	693.359	0.343
1970.000	12.000	693.359	0.343
1980.000	12.000	693.359	0.343
1990.000	12.000	736.328	0.353
2000.000	12.000	736.328	0.353
2010.000	12.000	736.328	0.353
2020.000	12.000	787.109	0.364
2030.000	12.000	787.109	0.364
2040.000	12.000	787.109	0.364
2050.000	12.000	800.781	0.367
2060.000	12.000	800.781	0.367
2070.000	12.000	800.781	0.367
2080.000	12.000	777.344	0.361
2090.000	12.000	777.344	0.361
2100.000	12.000	777.344	0.361
2110.000	12.000	837.891	0.354
2120.000	12.000	837.891	0.354
2130.000	12.000	837.891	0.354
2140.000	12.000	851.562	0.328
2150.000	12.000	851.562	0.328
2160.000	12.000	851.562	0.328
2170.000	12.000	908.203	0.357
2180.000	12.000	908.203	0.357
2190.000	12.000	908.203	0.357
2200.000	12.000	888.672	0.371
2210.000	12.000	888.672	0.371
2220.000	12.000	888.672	0.371
2230.000	12.000	900.391	0.341
2240.000	12.000	900.391	0.341
2250.000	12.000	900.391	0.341
2260.000	12.000	927.734	0.338
2270.000	12.000	927.734	0.338
2280.000	12.000	927.734	0.338
2290.000	12.000	988.281	0.354
2300.000	12.000	988.281	0.354
2310.000	12.000	988.281	0.354
2320.000	12.000	984.375	0.370
2330.000	12.000	984.375	0.370
2340.000	12.000	984.375	0.370
2350.000	12.000	988.281	0.328
2360.000	12.000	988.281	0.328
2370.000	12.000	988.281	0.328
2380.000	12.000	1027.344	0.361
2390.000	12.000	1027.344	0.361
2400.000	12.000	1027.344	0.361
2410.000	12.000	1031.250	0.356
2420.000	12.000	1031.250	0.356
2430.000	12.000	1031.250	0.356
2440.000	12.000	1072.266	0.360
2450.000	12.000	1072.266	0.360
2460.000	12.000	1072.266	0.360
2470.000	12.000	1099.609	0.363
2480.000	12.000	1099.609	0.363
2490.000	12.000	1099.609	0.363
2500.000	12.000	1119.141	0.360
2510.000	12.000	1119.141	0.360
2520.000	12.000	1119.141	0.360
2530.000	12.000	1117.187	0.339
2540.000	12.000	1117.187	0.339
2550.000	12.000	1117.187	0.339
2560.000	12.000	1177.734	0.361
2570.000	12.000	1177.734	0.361
2580.000	12.000	1177.734	0.361
2590.000	12.000	1197.266	0.368
2600.000	12.000	1197.266	0.368
2610.000	12.000	1197.266	0.368
2620.000	12.000	1222.656	0.354
2630.000	12.000	1222.656	0.354
2640.000	12.000	1222.656	0.354
2650.000	12.000	1222.656	0.350
2660.000	12.000	1222.656	0.350
2670.000	12.000	1222.656	0.350
2680.000	12.000	1240.234	0.350
2690.000	12.000	1240.234	0.350
2700.000	12.000	1240.234	0.350
2710.000	12.000	1238.281	0.331
2720.000	12.000	1238.281	0.331
2730.000	12.000	1238.281	0.331
2740.000	12.000	1251.953	0.352
2750.000	12.000	1251.953	0.352
2760.000	12.000	1251.953	0.352
2770.000	12.000	1324.219	0.359
2780.000	12.000	1324.219	0.359
2790.000	12.000	1324.219	0.359
2800.000	12.000	1335.937	0.363
2810.000	12.000	1335.937	0.363
2820.000	12.000	1335.937	0.363
2830.000	12.000	1337.891	0.344
2840.000	12.000	1337.891	0.344
2850.000	12.000	1337.891	0.344
2860.000	12.000	1359.375	0.334
2870.000	12.000	1359.375	0.334
2880.000	12.000	1359.375	0.334
2890.000	12.000	1380.859	0.342
2900.000	12.000	1380.859	0.342
2910.000	12.000	1380.859	0.342
2920.000	12.000	1425.781	0.368
2930.000	12.000	1425.781	0.368
2940.000	12.000	1425.781	0.368
2950.000	12.000	1447.266	0.364
2960.000	12.000	1447.266	0.364
2970.000	12.000	1447.266	0.364
2980.000	12.000	1419.922	0.359
2990.000	12.000	1419.922	0.359
3000.000	12.000	1419.922	0.359
3010.000	12.000	1478.516	0.359
3020.000	12.000	1478.516	0.359
3030.000	12.000	1478.516	0.359
3040.000	12.000	1492.187	0.362
3050.000	12.000	1492.187	0.362
3060.000	12.000	1492.187	0.362
3070.000	12.000	1517.578	0.350
3080.000	12.000	1517.578	0.350
3090.000	12.000	1517.578	0.350
3100.000	12.000	1539.062	0.340
3110.000	12.000	1539.062	0.340
3120.000	12.000	1539.062	0.340
3130.000	12.000	1546.875	0.346
3140.000	12.000	1546.875	0.346
3150.000	12.000	1546.875	0.346
3160.000	12.000	1621.094	0.334
3170.000	12.000	1621.094	0.334
3180.000	12.000	1621.094	0.334
3190.000	12.000	1607.422	0.375
3200.000	12.000	1607.422	0.375
3210.000	12.000	1607.422	0.375
3220.000	12.000	1613.281	0.373
3230.000	12.000	1613.281	0.373
3240.000	12.000	1613.281	0.373
3250.000	12.000	1605.469	0.353
3260.000	12.000	1605.469	0.353
3270.000	12.000	1605.469	0.353
3280.000	12.000	1654.297	0.369
3290.000	12.000	1654.297	0.369
3300.000	12.000	1654.297	0.369
3310.000	12.000	1658.203	0.352
3320.000	12.000	1658.203	0.352
3330.000	12.000	1658.203	0.352
3340.000	12.000	1730.469	0.370
3350.000	12.000	1730.469	0.370
3360.000	12.000	1730.469	0.370
3370.000	12.000	1726.562	0.335
3380.000	12.000	1726.562	0.335
3390.000	12.000	1726.562	0.335
3400.000	12.000	1736.328	0.364
3410.000	12.000	1736.328	0.364
3420.000	12.000	1736.328	0.364
3430.000	12.000	1757.812	0.378
3440.000	12.000	1757.812	0.378
3450.000	12.000	1757.812	0.378
3460.000	12.000	1794.922	0.355
3470.000	12.000	1794.922	0.355
3480.000	12.000	1794.922	0.355
3490.000	12.000	1759.766	0.353
3500.000	12.000	1759.766	0.353
3510.000	12.000	1759.766	0.353
3520.000	12.000	1828.125	0.352
3530.000	12.000	1828.125	0.352
3540.000	12.000	1828.125	0.352
3550.000	12.000	1816.406	0.328
3560.000	12.000	1816.406	0.328
3570.000	12.000	1816.406	0.328
3580.000	12.000	1869.141	0.358
3590.000	12.000	1869.141	0.358
3600.000	12.000	1869.141	0.358
3610.000	12.000	1865.234	0.361
3620.000	12.000	1865.234	0.361
3630.000	12.000	1865.234	0.361
3640.000	12.000	1869.141	0.343
3650.000	12.000	1869.141	0.343
3660.000	12.000	1869.141	0.343
3670.000	12.000	1906.250	0.363
3680.000	12.000	1906.250	0.363
3690.000	12.000	1906.250	0.363
3700.000	12.000	1962.891	0.356
3710.000	12.000	1962.891	0.356
3720.000	12.000	1962.891	0.356
3730.000	12.000	1939.453	0.371
3740.000	12.000	1939.453	0.371
3750.000	12.000	1939.453	0.371
3760.000	12.000	1998.047	0.350
3770.000	12.000	1998.047	0.350
3780.000	12.000	1998.047	0.350
3790.000	12.000	1988.281	0.366
3800.000	12.000	1988.281	0.366
3810.000	12.000	1988.281	0.366
3820.000	12.000	2005.859	0.358
3830.000	12.000	2005.859	0.358
3840.000	12.000	2005.859	0.358
3850.000	12.000	2015.625	0.370
3860.000	12.000	2015.625	0.370
3870.000	12.000	2015.625	0.370
3880.000	12.000	2046.875	0.372
3890.000	12.000	2046.875	0.372
3900.000	12.000	2046.875	0.372
3910.000	12.000	2078.125	0.363
3920.000	12.000	2078.125	0.363
3930.000	12.000	2078.125	0.363
3940.000	12.000	2052.734	0.355
3950.000	12.000	2052.734	0.355
3960.000	12.000	2052.734	0.355
3970.000	12.000	2064.453	0.352
3980.000	12.000	2064.453	0.352
3990.000	12.000	2064.453	0.352
4000.000	12.000	2125.000	0.362
4010.000	12.000	2125.000	0.362
4020.000	12.000	2125.000	0.362
4030.000	12.000	2140.625	0.343
4040.000	12.000	2140.625	0.343
4050.000	12.000	2140.625	0.343
4060.000	12.000	2115.234	0.342
4070.000	12.000	2115.234	0.342
4080.000	12.000	2115.234	0.342
4090.000	12.000	2195.312	0.364
4100.000	12.000	2195.312	0.364
4110.000	12.000	2195.312	0.364
4120.000	12.000	2207.031	0.333
4130.000	12.000	2207.031	0.333
4140.000	12.000	2207.031	0.333
4150.000	12.000	2189.453	0.332
4160.000	12.000	2189.453	0.332
4170.000	12.000	2189.453	0.332
4180.000	12.000	2226.562	0.354
4190.000	12.000	2226.562	0.354
4200.000	12.000	2226.562	0.354
4210.000	12.000	2201.172	0.344
4220.000	12.000	2201.172	0.344
4230.000	12.000	2201.172	0.344
4240.000	12.000	2271.484	0.354
4250.000	12.000	2271.484	0.354
4260.000	12.000	2271.484	0.354
4270.000	12.000	2283.203	0.324
4280.000	12.000	2283.203	0.324
4290.000	12.000	2283.203	0.324
4300.000	12.000	2281.250	0.351
4310.000	12.000	2281.250	0.351
4320.000	12.000	2281.250	0.351
4330.000	12.000	2294.922	0.352
4340.000	12.000	2294.922	0.352
4350.000	12.000	2294.922	0.352
4360.000	12.000	2316.406	0.345
4370.000	12.000	2316.406	0.345
4380.000	12.000	2316.406	0.345
4390.000	12.000	2337.891	0.345
4400.000	12.000	2337.891	0.345
4410.000	12.000	2337.891	0.345
4420.000	12.000	2376.953	0.349
4430.000	12.000	2376.953	0.349
4440.000	12.000	2376.953	0.349
4450.000	12.000	2408.203	0.376
4460.000	12.000	2408.203	0.376
4470.000	12.000	2408.203	0.376
4480.000	12.000	2402.344	0.334
4490.000	12.000	2402.344	0.334
4500.000	12.000	2402.344	0.334
4510.000	12.000	2408.203	0.340
4520.000	12.000	2408.203	0.340
4530.000	12.000	2408.203	0.340
4540.000	12.000	2453.125	0.341
4550.000	12.000	2453.125	0.341
4560.000	12.000	2453.125	0.341
4570.000	12.000	2458.984	0.350
4580.000	12.000	2458.984	0.350
4590.000	12.000	2458.984	0.350
4600.000	12.000	2451.172	0.350
4610.000	12.000	2451.172	0.350
4620.000	12.000	2451.172	0.350
4630.000	12.000	2515.625	0.344
4640.000	12.000	2515.625	0.344
4650.000	12.000	2515.625	0.344
4660.000	12.000	2525.391	0.368
4670.000	12.000	2525.391	0.368
4680.000	12.000	2525.391	0.368
4690.000	12.000	2523.437	0.368
4700.000	12.000	2523.437	0.368
4710.000	12.000	2523.437	0.368
4720.000	12.000	2527.344	0.352
4730.000	12.000	2527.344	0.352
4740.000	12.000	2527.344	0.352
4750.000	12.000	2578.125	0.371
4760.000	12.000	2578.125	0.371
4770.000	12.000	2578.125	0.371
4780.000	12.000	2572.266	0.343
4790.000	12.000	2572.266	0.343
4800.000	12.000	2572.266	0.343
4810.000	12.000	2599.609	0.355
4820.000	12.000	2599.609	0.355
4830.000	12.000	2599.609	0.355
4840.000	12.000	2644.531	0.333
4850.000	12.000	2644.531	0.333
4860.000	12.000	2644.531	0.333
4870.000	12.000	2634.766	0.362
4880.000	12.000	2634.766	0.362
4890.000	12.000	2634.766	0.362
4900.000	12.000	2677.734	0.343
4910.000	12.000	2677.734	0.343
4920.000	12.000	2677.734	0.343
4930.000	12.000	2652.344	0.339
4940.000	12.000	2652.344	0.339
4950.000	12.000	2652.344	0.339
4960.000	12.000	2660.156	0.343
4970.000	12.000	2660.156	0.343
4980.000	12.000	2660.156	0.343
4990.000	12.000	2726.562	0.349
5000.000	12.000	2726.562	0.349
5010.000	12.000	2726.562	0.349
5020.000	12.000	2732.422	0.334
5030.000	12.000	2732.422	0.334
5040.000	12.000	2732.422	0.334
5050.000	12.000	2767.578	0.355
5060.000	12.000	2767.578	0.355
5070.000	12.000	2767.578	0.355
5080.000	12.000	2736.328	0.356
5090.000	12.000	2736.328	0.356
5100.000	12.000	2736.328	0.356
5110.000	12.000	2808.594	0.351
5120.000	12.000	2808.594	0.351
5130.000	12.000	2808.594	0.351
5140.000	12.000	2822.266	0.352
5150.000	12.000	2822.266	0.352
5160.000	12.000	2822.266	0.352
5170.000	12.000	2824.219	0.342
5180.000	12.000	2824.219	0.342
5190.000	12.000	2824.219	0.342
5200.000	12.000	2828.125	0.313
5210.000	12.000	2828.125	0.313
5220.000	12.000	2828.125	0.313
5230.000	12.000	2871.094	0.328
5240.000	12.000	2871.094	0.328
5250.000	12.000	2871.094	0.328
5260.000	12.000	2828.125	0.333
5270.000	12.000	2828.125	0.333
5280.000	12.000	2828.125	0.333
5290.000	12.000	2894.531	0.362
5300.000	12.000	2894.531	0.362
5310.000	12.000	2894.531	0.362
5320.000	12.000	2927.734	0.362
5330.000	12.000	2927.734	0.362
5340.000	12.000	2927.734	0.362
5350.000	12.000	2914.062	0.342
5360.000	12.000	2914.062	0.342
5370.000	12.000	2914.062	0.342
5380.000	12.000	2935.547	0.346
5390.000	12.000	2935.547	0.346
5400.000	12.000	2935.547	0.346
5410.000	12.000	2980.469	0.351
5420.000	12.000	2980.469	0.351
5430.000	12.000	2980.469	0.351
5440.000	12.000	2962.891	0.342
5450.000	12.000	2962.891	0.342
5460.000	12.000	2962.891	0.342
5470.000	12.000	3001.953	0.366
5480.000	12.000	3001.953	0.366
5490.000	12.000	3001.953	0.366
5500.000	12.000	3005.859	0.324
5510.000	12.000	3005.859	0.324
5520.000	12.000	3005.859	0.324
5530.000	12.000	2998.047	0.370
5540.000	12.000	2998.047	0.370
5550.000	12.000	2998.047	0.370
5560.000	12.000	3001.953	0.359
5570.000	12.000	3001.953	0.359
5580.000	12.000	3001.953	0.359
5590.000	12.000	3068.359	0.343
5600.000	12.000	3068.359	0.343
5610.000	12.000	3068.359	0.343
5620.000	12.000	3052.734	0.373
5630.000	12.000	3052.734	0.373
5640.000	12.000	3052.734	0.373
5650.000	12.000	3117.187	0.349
5660.000	12.000	3117.187	0.349
5670.000	12.000	3117.187	0.349
5680.000	12.000	3140.625	0.340
5690.000	12.000	3140.625	0.340
5700.000	12.000	3140.625	0.340
5710.000	12.000	3134.766	0.356
5720.000	12.000	3134.766	0.356
5730.000	12.000	3134.766	0.356
5740.000	12.000	3115.234	0.368
5750.000	12.000	3115.234	0.368
5760.000	12.000	3115.234	0.368
5770.000	12.000	3121.094	0.347
5780.000	12.000	3121.094	0.347
5790.000	12.000	3121.094	0.347
5800.000	12.000	3175.781	0.351
5810.000	12.000	3175.781	0.351
5820.000	12.000	3175.781	0.351
5830.000	12.000	3183.594	0.346
5840.000	12.000	3183.594	0.346
5850.000	12.000	3183.594	0.346
5860.000	12.000	3171.875	0.354
5870.000	12.000	3171.875	0.354
5880.000	12.000	3171.875	0.354
5890.000	12.000	3236.328	0.365
5900.000	12.000	3236.328	0.365
5910.000	12.000	3236.328	0.365
5920.000	12.000	3224.609	0.355
5930.000	12.000	3224.609	0.355
5940.000	12.000	3224.609	0.355
5950.000	12.000	3224.609	0.344
5960.000	12.000	3224.609	0.344
5970.000	12.000	3224.609	0.344
5980.000	12.000	3236.328	0.354
5990.000	12.000	3236.328	0.354
6000.000	12.000	3236.328	0.354
6010.000	12.000	3255.859	0.357
6020.000	12.000	3255.859	0.357
6030.000	12.000	3255.859	0.357
6040.000	12.000	3308.594	0.355
6050.000	12.000	3308.594	0.355
6060.000	12.000	3308.594	0.355
6070.000	12.000	3281.250	0.355
6080.000	12.000	3281.250	0.355
6090.000	12.000	3281.250	0.355
6100.000	12.000	3291.016	0.154
6110.000	12.000	3291.016	0.154
6120.000	12.000	3291.016	0.154
6130.000	12.000	3291.016	0.071
6140.000	12.000	3291.016	0.071
6150.000	12.000	3291.016	0.071
6160.000	12.000	3285.156	0.011
6170.000	12.000	3285.156	0.011
6180.000	12.000	3285.156	0.011
6190.000	12.000	3275.391	-0.009
6200.000	12.000	3275.391	-0.009
6210.000	12.000	3275.391	-0.009
6220.000	12.000	3277.344	-0.019
6230.000	12.000	3277.344	-0.019
6240.000	12.000	3277.344	-0.019
6250.000	12.000	3269.531	-0.012
6260.000	12.000	3269.531	-0.012
6270.000	12.000	3269.531	-0.012
6280.000	12.000	3238.281	0.000
6290.000	12.000	3238.281	0.000
6300.000	12.000	3238.281	0.000
6310.000	12.000	3212.891	-0.016
6320.000	12.000	3212.891	-0.016
6330.000	12.000	3212.891	-0.016
6340.000	12.000	3226.562	-0.001
6350.000	12.000	3226.562	-0.001
6360.000	12.000	3226.562	-0.001
6370.000	12.000	3175.781	-0.015
6380.000	12.000	3175.781	-0.015
6390.000	12.000	3175.781	-0.015
6400.000	12.000	3201.172	-0.013
6410.000	12.000	3201.172	-0.013
6420.000	12.000	3201.172	-0.013
6430.000	12.000	3179.687	-0.017
6440.000	12.000	3179.687	-0.017
6450.000	12.000	3179.687	-0.017
6460.000	12.000	3113.281	-0.003
6470.000	12.000	3113.281	-0.003
6480.000	12.000	3113.281	-0.003
6490.000	12.000	3115.234	-0.011
6500.000	12.000	3115.234	-0.011
6510.000	12.000	3115.234	-0.011
6520.000	12.000	3119.141	-0.023
6530.000	12.000	3119.141	-0.023
6540.000	12.000	3119.141	-0.023
6550.000	12.000	3119.141	0.006
6560.000	12.000	3119.141	0.006
6570.000	12.000	3119.141	0.006
6580.000	12.000	3083.984	0.003
6590.000	12.000	3083.984	0.003
6600.000	12.000	3083.984	0.003
6610.000	12.000	3064.453	0.012
6620.000	12.000	3064.453	0.012
6630.000	12.000	3064.453	0.012
6640.000	12.000	3019.531	-0.017
6650.000	12.000	3019.531	-0.017
6660.000	12.000	3019.531	-0.017
6670.000	12.000	3048.828	0.005
6680.000	12.000	3048.828	0.005
6690.000	12.000	3048.828	0.005
6700.000	12.000	3050.781	-0.012
6710.000	12.000	3050.781	-0.012
6720.000	12.000	3050.781	-0.012
6730.000	12.000	3013.672	0.009
6740.000	12.000	3013.672	0.009
6750.000	12.000	3013.672	0.009
6760.000	12.000	3017.578	0.011
6770.000	12.000	3017.578	0.011
6780.000	12.000	3017.578	0.011
6790.000	12.000	2970.703	-0.011
6800.000	12.000	2970.703	-0.011
6810.000	12.000	2970.703	-0.011
6820.000	12.000	2974.609	0.006
6830.000	12.000	2974.609	0.006
6840.000	12.000	2974.609	0.006
6850.000	12.000	2962.891	0.009
6860.000	12.000	2962.891	0.009
6870.000	12.000	2962.891	0.009
6880.000	12.000	2917.969	-0.011
6890.000	12.000	2917.969	-0.011
6900.000	12.000	2917.969	-0.011
6910.000	12.000	2917.969	-0.003
6920.000	12.000	2917.969	-0.003
6930.000	12.000	2917.969	-0.003
6940.000	12.000	2873.047	0.000
6950.000	12.000	2873.047	0.000
6960.000	12.000	2873.047	0.000
6970.000	12.000	2894.531	0.012
6980.000	12.000	2894.531	0.012
6990.000	12.000	2894.531	0.012
7000.000	12.000	2896.484	0.002
7010.000	12.000	2896.484	0.002
7020.000	12.000	2896.484	0.002
