%Time [ms]	Commanded Torque [mNm]	Angular Velocity [RPM]	Actual Current [Amp]	%9/1/20201:54 PM
0.000	0.000	0.000	0.000
20.000	4.000	-15.625	0.000
30.000	4.000	35.156	0.020
40.000	4.000	35.156	0.020
50.000	4.000	35.156	0.020
60.000	4.000	11.719	-0.007
70.000	4.000	11.719	-0.007
80.000	4.000	11.719	-0.007
90.000	4.000	13.672	0.012
100.000	4.000	13.672	0.012
110.000	4.000	13.672	0.012
120.000	4.000	19.531	-0.013
130.000	4.000	19.531	-0.013
140.000	4.000	19.531	-0.013
150.000	4.000	21.484	-0.013
160.000	4.000	21.484	-0.013
170.000	4.000	21.484	-0.013
180.000	4.000	15.625	-0.009
190.000	4.000	15.625	-0.009
200.000	4.000	15.625	-0.009
210.000	4.000	-1.953	-0.011
220.000	4.000	-1.953	-0.011
230.000	4.000	-1.953	-0.011
240.000	4.000	3.906	-0.006
250.000	4.000	3.906	-0.006
260.000	4.000	3.906	-0.006
270.000	4.000	5.859	-0.012
280.000	4.000	5.859	-0.012
290.000	4.000	5.859	-0.012
300.000	4.000	-7.812	-0.006
310.000	4.000	-7.812	-0.006
320.000	4.000	-7.812	-0.006
330.000	4.000	7.812	-0.022
340.000	4.000	7.812	-0.022
350.000	4.000	7.812	-0.022
360.000	4.000	0.000	-0.008
370.000	4.000	0.000	-0.008
380.000	4.000	0.000	-0.008
390.000	4.000	11.719	-0.010
400.000	4.000	11.719	-0.010
410.000	4.000	11.719	-0.010
420.000	4.000	39.062	0.011
430.000	4.000	39.062	0.011
440.000	4.000	39.062	0.011
450.000	4.000	-23.437	-0.001
460.000	4.000	-23.437	-0.001
470.000	4.000	-23.437	-0.001
480.000	4.000	41.016	-0.007
490.000	4.000	41.016	-0.007
500.000	4.000	41.016	-0.007
510.000	4.000	39.062	0.016
520.000	4.000	39.062	0.016
530.000	4.000	39.062	0.016
540.000	4.000	15.625	-0.002
550.000	4.000	15.625	-0.002
560.000	4.000	15.625	-0.002
570.000	4.000	-19.531	0.004
580.000	4.000	-19.531	0.004
590.000	4.000	-19.531	0.004
600.000	4.000	27.344	0.007
610.000	4.000	27.344	0.007
620.000	4.000	27.344	0.007
630.000	4.000	-5.859	0.018
640.000	4.000	-5.859	0.018
650.000	4.000	-5.859	0.018
660.000	4.000	15.625	0.003
670.000	4.000	15.625	0.003
680.000	4.000	15.625	0.003
690.000	4.000	31.250	0.013
700.000	4.000	31.250	0.013
710.000	4.000	31.250	0.013
720.000	4.000	48.828	0.007
730.000	4.000	48.828	0.007
740.000	4.000	48.828	0.007
750.000	4.000	-5.859	0.018
760.000	4.000	-5.859	0.018
770.000	4.000	-5.859	0.018
780.000	4.000	15.625	-0.011
790.000	4.000	15.625	-0.011
800.000	4.000	15.625	-0.011
810.000	4.000	-23.437	-0.009
820.000	4.000	-23.437	-0.009
830.000	4.000	-23.437	-0.009
840.000	4.000	41.016	0.005
850.000	4.000	41.016	0.005
860.000	4.000	41.016	0.005
870.000	4.000	37.109	0.006
880.000	4.000	37.109	0.006
890.000	4.000	37.109	0.006
900.000	4.000	23.437	0.002
910.000	4.000	23.437	0.002
920.000	4.000	23.437	0.002
930.000	4.000	39.062	0.013
940.000	4.000	39.062	0.013
950.000	4.000	39.062	0.013
960.000	4.000	-21.484	-0.005
970.000	4.000	-21.484	-0.005
980.000	4.000	-21.484	-0.005
990.000	4.000	25.391	0.002
1000.000	4.000	25.391	0.002
1010.000	4.000	25.391	0.002
1020.000	4.000	35.156	0.007
1030.000	4.000	35.156	0.007
1040.000	4.000	35.156	0.007
1050.000	4.000	31.250	-0.006
1060.000	4.000	31.250	-0.006
1070.000	4.000	31.250	-0.006
1080.000	4.000	27.344	0.017
1090.000	4.000	27.344	0.017
1100.000	4.000	27.344	0.017
1110.000	4.000	33.203	0.051
1120.000	4.000	33.203	0.051
1130.000	4.000	33.203	0.051
1140.000	4.000	48.828	0.099
1150.000	4.000	48.828	0.099
1160.000	4.000	48.828	0.099
1170.000	4.000	-3.906	0.095
1180.000	4.000	-3.906	0.095
1190.000	4.000	-3.906	0.095
1200.000	4.000	13.672	0.128
1210.000	4.000	13.672	0.128
1220.000	4.000	13.672	0.128
1230.000	4.000	23.437	0.130
1240.000	4.000	23.437	0.130
1250.000	4.000	23.437	0.130
1260.000	4.000	35.156	0.122
1270.000	4.000	35.156	0.122
1280.000	4.000	35.156	0.122
1290.000	4.000	-11.719	0.114
1300.000	4.000	-11.719	0.114
1310.000	4.000	-11.719	0.114
1320.000	4.000	50.781	0.138
1330.000	4.000	50.781	0.138
1340.000	4.000	50.781	0.138
1350.000	4.000	17.578	0.108
1360.000	4.000	17.578	0.108
1370.000	4.000	17.578	0.108
1380.000	4.000	37.109	0.116
1390.000	4.000	37.109	0.116
1400.000	4.000	37.109	0.116
1410.000	4.000	52.734	0.105
1420.000	4.000	52.734	0.105
1430.000	4.000	52.734	0.105
1440.000	4.000	87.891	0.133
1450.000	4.000	87.891	0.133
1460.000	4.000	87.891	0.133
1470.000	4.000	64.453	0.110
1480.000	4.000	64.453	0.110
1490.000	4.000	64.453	0.110
1500.000	4.000	64.453	0.132
1510.000	4.000	64.453	0.132
1520.000	4.000	64.453	0.132
1530.000	4.000	74.219	0.107
1540.000	4.000	74.219	0.107
1550.000	4.000	74.219	0.107
1560.000	4.000	78.125	0.128
1570.000	4.000	78.125	0.128
1580.000	4.000	78.125	0.128
1590.000	4.000	72.266	0.097
1600.000	4.000	72.266	0.097
1610.000	4.000	72.266	0.097
1620.000	4.000	76.172	0.118
1630.000	4.000	76.172	0.118
1640.000	4.000	76.172	0.118
1650.000	4.000	97.656	0.127
1660.000	4.000	97.656	0.127
1670.000	4.000	97.656	0.127
1680.000	4.000	117.187	0.132
1690.000	4.000	117.187	0.132
1700.000	4.000	117.187	0.132
1710.000	4.000	99.609	0.141
1720.000	4.000	99.609	0.141
1730.000	4.000	99.609	0.141
1740.000	4.000	107.422	0.095
1750.000	4.000	107.422	0.095
1760.000	4.000	107.422	0.095
1770.000	4.000	111.328	0.107
1780.000	4.000	111.328	0.107
1790.000	4.000	111.328	0.107
1800.000	4.000	132.812	0.123
1810.000	4.000	132.812	0.123
1820.000	4.000	132.812	0.123
1830.000	4.000	130.859	0.131
1840.000	4.000	130.859	0.131
1850.000	4.000	130.859	0.131
1860.000	4.000	132.812	0.132
1870.000	4.000	132.812	0.132
1880.000	4.000	132.812	0.132
1890.000	4.000	130.859	0.134
1900.000	4.000	130.859	0.134
1910.000	4.000	130.859	0.134
1920.000	4.000	158.203	0.114
1930.000	4.000	158.203	0.114
1940.000	4.000	158.203	0.114
1950.000	4.000	89.844	0.110
1960.000	4.000	89.844	0.110
1970.000	4.000	89.844	0.110
1980.000	4.000	99.609	0.110
1990.000	4.000	99.609	0.110
2000.000	4.000	99.609	0.110
2010.000	4.000	107.422	0.107
2020.000	4.000	107.422	0.107
2030.000	4.000	107.422	0.107
2040.000	4.000	128.906	0.121
2050.000	4.000	128.906	0.121
2060.000	4.000	128.906	0.121
2070.000	4.000	150.391	0.110
2080.000	4.000	150.391	0.110
2090.000	4.000	150.391	0.110
2100.000	4.000	167.969	0.141
2110.000	4.000	167.969	0.141
2120.000	4.000	167.969	0.141
2130.000	4.000	175.781	0.130
2140.000	4.000	175.781	0.130
2150.000	4.000	175.781	0.130
2160.000	4.000	138.672	0.114
2170.000	4.000	138.672	0.114
2180.000	4.000	138.672	0.114
2190.000	4.000	177.734	0.123
2200.000	4.000	177.734	0.123
2210.000	4.000	177.734	0.123
2220.000	4.000	162.109	0.129
2230.000	4.000	162.109	0.129
2240.000	4.000	162.109	0.129
2250.000	4.000	185.547	0.106
2260.000	4.000	185.547	0.106
2270.000	4.000	185.547	0.106
2280.000	4.000	173.828	0.119
2290.000	4.000	173.828	0.119
2300.000	4.000	173.828	0.119
2310.000	4.000	175.781	0.122
2320.000	4.000	175.781	0.122
2330.000	4.000	175.781	0.122
2340.000	4.000	201.172	0.136
2350.000	4.000	201.172	0.136
2360.000	4.000	201.172	0.136
2370.000	4.000	183.594	0.114
2380.000	4.000	183.594	0.114
2390.000	4.000	183.594	0.114
2400.000	4.000	199.219	0.126
2410.000	4.000	199.219	0.126
2420.000	4.000	199.219	0.126
2430.000	4.000	144.531	0.130
2440.000	4.000	144.531	0.130
2450.000	4.000	144.531	0.130
2460.000	4.000	191.406	0.135
2470.000	4.000	191.406	0.135
2480.000	4.000	191.406	0.135
2490.000	4.000	189.453	0.129
2500.000	4.000	189.453	0.129
2510.000	4.000	189.453	0.129
2520.000	4.000	173.828	0.122
2530.000	4.000	173.828	0.122
2540.000	4.000	173.828	0.122
2550.000	4.000	216.797	0.134
2560.000	4.000	216.797	0.134
2570.000	4.000	216.797	0.134
2580.000	4.000	218.750	0.108
2590.000	4.000	218.750	0.108
2600.000	4.000	218.750	0.108
2610.000	4.000	214.844	0.136
2620.000	4.000	214.844	0.136
2630.000	4.000	214.844	0.136
2640.000	4.000	208.984	0.122
2650.000	4.000	208.984	0.122
2660.000	4.000	208.984	0.122
2670.000	4.000	222.656	0.127
2680.000	4.000	222.656	0.127
2690.000	4.000	222.656	0.127
2700.000	4.000	236.328	0.136
2710.000	4.000	236.328	0.136
2720.000	4.000	236.328	0.136
2730.000	4.000	230.469	0.120
2740.000	4.000	230.469	0.120
2750.000	4.000	230.469	0.120
2760.000	4.000	251.953	0.128
2770.000	4.000	251.953	0.128
2780.000	4.000	251.953	0.128
2790.000	4.000	222.656	0.114
2800.000	4.000	222.656	0.114
2810.000	4.000	222.656	0.114
2820.000	4.000	208.984	0.095
2830.000	4.000	208.984	0.095
2840.000	4.000	208.984	0.095
2850.000	4.000	207.031	0.109
2860.000	4.000	207.031	0.109
2870.000	4.000	207.031	0.109
2880.000	4.000	232.422	0.099
2890.000	4.000	232.422	0.099
2900.000	4.000	232.422	0.099
2910.000	4.000	248.047	0.099
2920.000	4.000	248.047	0.099
2930.000	4.000	248.047	0.099
2940.000	4.000	263.672	0.121
2950.000	4.000	263.672	0.121
2960.000	4.000	263.672	0.121
2970.000	4.000	269.531	0.147
2980.000	4.000	269.531	0.147
2990.000	4.000	269.531	0.147
3000.000	4.000	257.812	0.119
3010.000	4.000	257.812	0.119
3020.000	4.000	257.812	0.119
3030.000	4.000	244.141	0.122
3040.000	4.000	244.141	0.122
3050.000	4.000	244.141	0.122
3060.000	4.000	234.375	0.112
3070.000	4.000	234.375	0.112
3080.000	4.000	234.375	0.112
3090.000	4.000	257.812	0.141
3100.000	4.000	257.812	0.141
3110.000	4.000	257.812	0.141
3120.000	4.000	271.484	0.125
3130.000	4.000	271.484	0.125
3140.000	4.000	271.484	0.125
3150.000	4.000	255.859	0.118
3160.000	4.000	255.859	0.118
3170.000	4.000	255.859	0.118
3180.000	4.000	259.766	0.117
3190.000	4.000	259.766	0.117
3200.000	4.000	259.766	0.117
3210.000	4.000	273.437	0.127
3220.000	4.000	273.437	0.127
3230.000	4.000	273.437	0.127
3240.000	4.000	275.391	0.114
3250.000	4.000	275.391	0.114
3260.000	4.000	275.391	0.114
3270.000	4.000	259.766	0.113
3280.000	4.000	259.766	0.113
3290.000	4.000	259.766	0.113
3300.000	4.000	296.875	0.136
3310.000	4.000	296.875	0.136
3320.000	4.000	296.875	0.136
3330.000	4.000	251.953	0.111
3340.000	4.000	251.953	0.111
3350.000	4.000	251.953	0.111
3360.000	4.000	271.484	0.117
3370.000	4.000	271.484	0.117
3380.000	4.000	271.484	0.117
3390.000	4.000	304.687	0.138
3400.000	4.000	304.687	0.138
3410.000	4.000	304.687	0.138
3420.000	4.000	298.828	0.130
3430.000	4.000	298.828	0.130
3440.000	4.000	298.828	0.130
3450.000	4.000	263.672	0.112
3460.000	4.000	263.672	0.112
3470.000	4.000	263.672	0.112
3480.000	4.000	283.203	0.115
3490.000	4.000	283.203	0.115
3500.000	4.000	283.203	0.115
3510.000	4.000	314.453	0.110
3520.000	4.000	314.453	0.110
3530.000	4.000	314.453	0.110
3540.000	4.000	333.984	0.122
3550.000	4.000	333.984	0.122
3560.000	4.000	333.984	0.122
3570.000	4.000	333.984	0.128
3580.000	4.000	333.984	0.128
3590.000	4.000	333.984	0.128
3600.000	4.000	298.828	0.142
3610.000	4.000	298.828	0.142
3620.000	4.000	298.828	0.142
3630.000	4.000	300.781	0.126
3640.000	4.000	300.781	0.126
3650.000	4.000	300.781	0.126
3660.000	4.000	339.844	0.137
3670.000	4.000	339.844	0.137
3680.000	4.000	339.844	0.137
3690.000	4.000	310.547	0.134
3700.000	4.000	310.547	0.134
3710.000	4.000	310.547	0.134
3720.000	4.000	335.937	0.127
3730.000	4.000	335.937	0.127
3740.000	4.000	335.937	0.127
3750.000	4.000	330.078	0.114
3760.000	4.000	330.078	0.114
3770.000	4.000	330.078	0.114
3780.000	4.000	330.078	0.131
3790.000	4.000	330.078	0.131
3800.000	4.000	330.078	0.131
3810.000	4.000	339.844	0.118
3820.000	4.000	339.844	0.118
3830.000	4.000	339.844	0.118
3840.000	4.000	324.219	0.121
3850.000	4.000	324.219	0.121
3860.000	4.000	324.219	0.121
3870.000	4.000	339.844	0.107
3880.000	4.000	339.844	0.107
3890.000	4.000	339.844	0.107
3900.000	4.000	310.547	0.116
3910.000	4.000	310.547	0.116
3920.000	4.000	310.547	0.116
3930.000	4.000	367.187	0.136
3940.000	4.000	367.187	0.136
3950.000	4.000	367.187	0.136
3960.000	4.000	353.516	0.134
3970.000	4.000	353.516	0.134
3980.000	4.000	353.516	0.134
3990.000	4.000	353.516	0.134
4000.000	4.000	353.516	0.134
4010.000	4.000	353.516	0.134
4020.000	4.000	328.125	0.125
4030.000	4.000	328.125	0.125
4040.000	4.000	328.125	0.125
4050.000	4.000	345.703	0.108
4060.000	4.000	345.703	0.108
4070.000	4.000	345.703	0.108
4080.000	4.000	376.953	0.130
4090.000	4.000	376.953	0.130
4100.000	4.000	376.953	0.130
4110.000	4.000	333.984	0.093
4120.000	4.000	333.984	0.093
4130.000	4.000	333.984	0.093
4140.000	4.000	337.891	0.122
4150.000	4.000	337.891	0.122
4160.000	4.000	337.891	0.122
4170.000	4.000	371.094	0.118
4180.000	4.000	371.094	0.118
4190.000	4.000	371.094	0.118
4200.000	4.000	351.562	0.100
4210.000	4.000	351.562	0.100
4220.000	4.000	351.562	0.100
4230.000	4.000	382.812	0.111
4240.000	4.000	382.812	0.111
4250.000	4.000	382.812	0.111
4260.000	4.000	373.047	0.132
4270.000	4.000	373.047	0.132
4280.000	4.000	373.047	0.132
4290.000	4.000	357.422	0.092
4300.000	4.000	357.422	0.092
4310.000	4.000	357.422	0.092
4320.000	4.000	359.375	0.114
4330.000	4.000	359.375	0.114
4340.000	4.000	359.375	0.114
4350.000	4.000	361.328	0.110
4360.000	4.000	361.328	0.110
4370.000	4.000	361.328	0.110
4380.000	4.000	396.484	0.133
4390.000	4.000	396.484	0.133
4400.000	4.000	396.484	0.133
4410.000	4.000	345.703	0.105
4420.000	4.000	345.703	0.105
4430.000	4.000	345.703	0.105
4440.000	4.000	335.937	0.116
4450.000	4.000	335.937	0.116
4460.000	4.000	335.937	0.116
4470.000	4.000	408.203	0.135
4480.000	4.000	408.203	0.135
4490.000	4.000	408.203	0.135
4500.000	4.000	412.109	0.133
4510.000	4.000	412.109	0.133
4520.000	4.000	412.109	0.133
4530.000	4.000	408.203	0.122
4540.000	4.000	408.203	0.122
4550.000	4.000	408.203	0.122
4560.000	4.000	404.297	0.131
4570.000	4.000	404.297	0.131
4580.000	4.000	404.297	0.131
4590.000	4.000	400.391	0.126
4600.000	4.000	400.391	0.126
4610.000	4.000	400.391	0.126
4620.000	4.000	406.250	0.116
4630.000	4.000	406.250	0.116
4640.000	4.000	406.250	0.116
4650.000	4.000	384.766	0.110
4660.000	4.000	384.766	0.110
4670.000	4.000	384.766	0.110
4680.000	4.000	388.672	0.120
4690.000	4.000	388.672	0.120
4700.000	4.000	388.672	0.120
4710.000	4.000	367.187	0.103
4720.000	4.000	367.187	0.103
4730.000	4.000	367.187	0.103
4740.000	4.000	419.922	0.114
4750.000	4.000	419.922	0.114
4760.000	4.000	419.922	0.114
4770.000	4.000	421.875	0.127
4780.000	4.000	421.875	0.127
4790.000	4.000	421.875	0.127
4800.000	4.000	449.219	0.126
4810.000	4.000	449.219	0.126
4820.000	4.000	449.219	0.126
4830.000	4.000	380.859	0.125
4840.000	4.000	380.859	0.125
4850.000	4.000	380.859	0.125
4860.000	4.000	423.828	0.103
4870.000	4.000	423.828	0.103
4880.000	4.000	423.828	0.103
4890.000	4.000	396.484	0.115
4900.000	4.000	396.484	0.115
4910.000	4.000	396.484	0.115
4920.000	4.000	439.453	0.135
4930.000	4.000	439.453	0.135
4940.000	4.000	439.453	0.135
4950.000	4.000	419.922	0.095
4960.000	4.000	419.922	0.095
4970.000	4.000	419.922	0.095
4980.000	4.000	441.406	0.131
4990.000	4.000	441.406	0.131
5000.000	4.000	441.406	0.131
5010.000	4.000	447.266	0.138
5020.000	4.000	447.266	0.138
5030.000	4.000	447.266	0.138
5040.000	4.000	435.547	0.112
5050.000	4.000	435.547	0.112
5060.000	4.000	435.547	0.112
5070.000	4.000	435.547	0.131
5080.000	4.000	435.547	0.131
5090.000	4.000	435.547	0.131
5100.000	4.000	457.031	0.129
5110.000	4.000	457.031	0.129
5120.000	4.000	457.031	0.129
5130.000	4.000	458.984	0.142
5140.000	4.000	458.984	0.142
5150.000	4.000	458.984	0.142
5160.000	4.000	447.266	0.127
5170.000	4.000	447.266	0.127
5180.000	4.000	447.266	0.127
5190.000	4.000	435.547	0.114
5200.000	4.000	435.547	0.114
5210.000	4.000	435.547	0.114
5220.000	4.000	478.516	0.115
5230.000	4.000	478.516	0.115
5240.000	4.000	478.516	0.115
5250.000	4.000	488.281	0.126
5260.000	4.000	488.281	0.126
5270.000	4.000	488.281	0.126
5280.000	4.000	429.687	0.122
5290.000	4.000	429.687	0.122
5300.000	4.000	429.687	0.122
5310.000	4.000	447.266	0.124
5320.000	4.000	447.266	0.124
5330.000	4.000	447.266	0.124
5340.000	4.000	482.422	0.132
5350.000	4.000	482.422	0.132
5360.000	4.000	482.422	0.132
5370.000	4.000	482.422	0.122
5380.000	4.000	482.422	0.122
5390.000	4.000	482.422	0.122
5400.000	4.000	478.516	0.118
5410.000	4.000	478.516	0.118
5420.000	4.000	478.516	0.118
5430.000	4.000	478.516	0.132
5440.000	4.000	478.516	0.132
5450.000	4.000	478.516	0.132
5460.000	4.000	458.984	0.113
5470.000	4.000	458.984	0.113
5480.000	4.000	458.984	0.113
5490.000	4.000	468.750	0.129
5500.000	4.000	468.750	0.129
5510.000	4.000	468.750	0.129
5520.000	4.000	464.844	0.129
5530.000	4.000	464.844	0.129
5540.000	4.000	464.844	0.129
5550.000	4.000	494.141	0.123
5560.000	4.000	494.141	0.123
5570.000	4.000	494.141	0.123
5580.000	4.000	462.891	0.119
5590.000	4.000	462.891	0.119
5600.000	4.000	462.891	0.119
5610.000	4.000	488.281	0.107
5620.000	4.000	488.281	0.107
5630.000	4.000	488.281	0.107
5640.000	4.000	470.703	0.128
5650.000	4.000	470.703	0.128
5660.000	4.000	470.703	0.128
5670.000	4.000	513.672	0.124
5680.000	4.000	513.672	0.124
5690.000	4.000	513.672	0.124
5700.000	4.000	470.703	0.115
5710.000	4.000	470.703	0.115
5720.000	4.000	470.703	0.115
5730.000	4.000	482.422	0.115
5740.000	4.000	482.422	0.115
5750.000	4.000	482.422	0.115
5760.000	4.000	492.187	0.134
5770.000	4.000	492.187	0.134
5780.000	4.000	492.187	0.134
5790.000	4.000	457.031	0.110
5800.000	4.000	457.031	0.110
5810.000	4.000	457.031	0.110
5820.000	4.000	509.766	0.118
5830.000	4.000	509.766	0.118
5840.000	4.000	509.766	0.118
5850.000	4.000	505.859	0.122
5860.000	4.000	505.859	0.122
5870.000	4.000	505.859	0.122
5880.000	4.000	507.812	0.105
5890.000	4.000	507.812	0.105
5900.000	4.000	507.812	0.105
5910.000	4.000	500.000	0.093
5920.000	4.000	500.000	0.093
5930.000	4.000	500.000	0.093
5940.000	4.000	515.625	0.125
5950.000	4.000	515.625	0.125
5960.000	4.000	515.625	0.125
5970.000	4.000	486.328	0.117
5980.000	4.000	486.328	0.117
5990.000	4.000	486.328	0.117
6000.000	4.000	513.672	0.119
6010.000	4.000	513.672	0.119
6020.000	4.000	513.672	0.119
6030.000	4.000	507.812	0.125
6040.000	4.000	507.812	0.125
6050.000	4.000	507.812	0.125
6060.000	4.000	486.328	0.106
6070.000	4.000	486.328	0.106
6080.000	4.000	486.328	0.106
6090.000	4.000	501.953	0.093
6100.000	4.000	501.953	0.093
6110.000	4.000	501.953	0.093
6120.000	4.000	503.906	0.049
6130.000	4.000	503.906	0.049
6140.000	4.000	503.906	0.049
6150.000	4.000	527.344	0.025
6160.000	4.000	527.344	0.025
6170.000	4.000	527.344	0.025
6180.000	4.000	525.391	0.011
6190.000	4.000	525.391	0.011
6200.000	4.000	525.391	0.011
6210.000	4.000	519.531	0.010
6220.000	4.000	519.531	0.010
6230.000	4.000	519.531	0.010
6240.000	4.000	507.812	0.017
6250.000	4.000	507.812	0.017
6260.000	4.000	507.812	0.017
6270.000	4.000	488.281	0.006
6280.000	4.000	488.281	0.006
6290.000	4.000	488.281	0.006
6300.000	4.000	501.953	0.008
6310.000	4.000	501.953	0.008
6320.000	4.000	501.953	0.008
6330.000	4.000	466.797	0.001
6340.000	4.000	466.797	0.001
6350.000	4.000	466.797	0.001
6360.000	4.000	466.797	0.011
6370.000	4.000	466.797	0.011
6380.000	4.000	466.797	0.011
6390.000	4.000	468.750	0.009
6400.000	4.000	468.750	0.009
6410.000	4.000	468.750	0.009
6420.000	4.000	427.734	0.005
6430.000	4.000	427.734	0.005
6440.000	4.000	427.734	0.005
6450.000	4.000	445.312	0.002
6460.000	4.000	445.312	0.002
6470.000	4.000	445.312	0.002
6480.000	4.000	402.344	-0.007
6490.000	4.000	402.344	-0.007
6500.000	4.000	402.344	-0.007
6510.000	4.000	408.203	0.003
6520.000	4.000	408.203	0.003
6530.000	4.000	408.203	0.003
6540.000	4.000	410.156	-0.014
6550.000	4.000	410.156	-0.014
6560.000	4.000	410.156	-0.014
6570.000	4.000	400.391	-0.012
6580.000	4.000	400.391	-0.012
6590.000	4.000	400.391	-0.012
6600.000	4.000	404.297	0.011
6610.000	4.000	404.297	0.011
6620.000	4.000	404.297	0.011
6630.000	4.000	367.187	-0.001
6640.000	4.000	367.187	-0.001
6650.000	4.000	367.187	-0.001
6660.000	4.000	396.484	0.007
6670.000	4.000	396.484	0.007
6680.000	4.000	396.484	0.007
6690.000	4.000	380.859	0.015
6700.000	4.000	380.859	0.015
6710.000	4.000	380.859	0.015
6720.000	4.000	357.422	-0.014
6730.000	4.000	357.422	-0.014
6740.000	4.000	357.422	-0.014
6750.000	4.000	316.406	0.004
6760.000	4.000	316.406	0.004
6770.000	4.000	316.406	0.004
6780.000	4.000	333.984	-0.011
6790.000	4.000	333.984	-0.011
6800.000	4.000	333.984	-0.011
6810.000	4.000	351.562	0.011
6820.000	4.000	351.562	0.011
6830.000	4.000	351.562	0.011
6840.000	4.000	302.734	-0.009
6850.000	4.000	302.734	-0.009
6860.000	4.000	302.734	-0.009
6870.000	4.000	312.500	-0.004
6880.000	4.000	312.500	-0.004
6890.000	4.000	312.500	-0.004
6900.000	4.000	337.891	-0.001
6910.000	4.000	337.891	-0.001
6920.000	4.000	337.891	-0.001
6930.000	4.000	275.391	0.012
6940.000	4.000	275.391	0.012
6950.000	4.000	275.391	0.012
6960.000	4.000	291.016	-0.001
6970.000	4.000	291.016	-0.001
6980.000	4.000	291.016	-0.001
6990.000	4.000	292.969	-0.013
7000.000	4.000	292.969	-0.013
7010.000	4.000	292.969	-0.013
7020.000	4.000	291.016	0.004
