%Time [ms]	Commanded Torque [mNm]	Angular Velocity [RPM]	Actual Current [Amp]	%9/1/20201:55 PM
0.000	0.000	0.000	0.000
20.000	6.000	-17.578	0.022
30.000	6.000	1.953	0.006
40.000	6.000	1.953	0.006
50.000	6.000	1.953	0.006
60.000	6.000	27.344	0.016
70.000	6.000	27.344	0.016
80.000	6.000	27.344	0.016
90.000	6.000	0.000	0.002
100.000	6.000	0.000	0.002
110.000	6.000	0.000	0.002
120.000	6.000	60.547	0.002
130.000	6.000	60.547	0.002
140.000	6.000	60.547	0.002
150.000	6.000	33.203	0.004
160.000	6.000	33.203	0.004
170.000	6.000	33.203	0.004
180.000	6.000	41.016	0.017
190.000	6.000	41.016	0.017
200.000	6.000	41.016	0.017
210.000	6.000	7.812	-0.007
220.000	6.000	7.812	-0.007
230.000	6.000	7.812	-0.007
240.000	6.000	33.203	0.017
250.000	6.000	33.203	0.017
260.000	6.000	33.203	0.017
270.000	6.000	33.203	0.012
280.000	6.000	33.203	0.012
290.000	6.000	33.203	0.012
300.000	6.000	41.016	0.001
310.000	6.000	41.016	0.001
320.000	6.000	41.016	0.001
330.000	6.000	27.344	0.000
340.000	6.000	27.344	0.000
350.000	6.000	27.344	0.000
360.000	6.000	27.344	0.005
370.000	6.000	27.344	0.005
380.000	6.000	27.344	0.005
390.000	6.000	15.625	-0.004
400.000	6.000	15.625	-0.004
410.000	6.000	15.625	-0.004
420.000	6.000	39.062	0.010
430.000	6.000	39.062	0.010
440.000	6.000	39.062	0.010
450.000	6.000	5.859	-0.001
460.000	6.000	5.859	-0.001
470.000	6.000	5.859	-0.001
480.000	6.000	48.828	0.002
490.000	6.000	48.828	0.002
500.000	6.000	48.828	0.002
510.000	6.000	23.437	-0.001
520.000	6.000	23.437	-0.001
530.000	6.000	23.437	-0.001
540.000	6.000	0.000	-0.005
550.000	6.000	0.000	-0.005
560.000	6.000	0.000	-0.005
570.000	6.000	5.859	-0.009
580.000	6.000	5.859	-0.009
590.000	6.000	5.859	-0.009
600.000	6.000	25.391	-0.008
610.000	6.000	25.391	-0.008
620.000	6.000	25.391	-0.008
630.000	6.000	23.437	-0.011
640.000	6.000	23.437	-0.011
650.000	6.000	23.437	-0.011
660.000	6.000	44.922	-0.012
670.000	6.000	44.922	-0.012
680.000	6.000	44.922	-0.012
690.000	6.000	37.109	0.021
700.000	6.000	37.109	0.021
710.000	6.000	37.109	0.021
720.000	6.000	48.828	0.008
730.000	6.000	48.828	0.008
740.000	6.000	48.828	0.008
750.000	6.000	27.344	-0.004
760.000	6.000	27.344	-0.004
770.000	6.000	27.344	-0.004
780.000	6.000	42.969	-0.009
790.000	6.000	42.969	-0.009
800.000	6.000	42.969	-0.009
810.000	6.000	-5.859	0.010
820.000	6.000	-5.859	0.010
830.000	6.000	-5.859	0.010
840.000	6.000	25.391	-0.010
850.000	6.000	25.391	-0.010
860.000	6.000	25.391	-0.010
870.000	6.000	23.437	0.003
880.000	6.000	23.437	0.003
890.000	6.000	23.437	0.003
900.000	6.000	7.812	-0.008
910.000	6.000	7.812	-0.008
920.000	6.000	7.812	-0.008
930.000	6.000	25.391	-0.006
940.000	6.000	25.391	-0.006
950.000	6.000	25.391	-0.006
960.000	6.000	37.109	0.004
970.000	6.000	37.109	0.004
980.000	6.000	37.109	0.004
990.000	6.000	-11.719	0.010
1000.000	6.000	-11.719	0.010
1010.000	6.000	-11.719	0.010
1020.000	6.000	41.016	0.009
1030.000	6.000	41.016	0.009
1040.000	6.000	41.016	0.009
1050.000	6.000	39.062	0.019
1060.000	6.000	39.062	0.019
1070.000	6.000	39.062	0.019
1080.000	6.000	9.766	0.016
1090.000	6.000	9.766	0.016
1100.000	6.000	9.766	0.016
1110.000	6.000	15.625	0.079
1120.000	6.000	15.625	0.079
1130.000	6.000	15.625	0.079
1140.000	6.000	56.641	0.150
1150.000	6.000	56.641	0.150
1160.000	6.000	56.641	0.150
1170.000	6.000	9.766	0.156
1180.000	6.000	9.766	0.156
1190.000	6.000	9.766	0.156
1200.000	6.000	25.391	0.183
1210.000	6.000	25.391	0.183
1220.000	6.000	25.391	0.183
1230.000	6.000	9.766	0.166
1240.000	6.000	9.766	0.166
1250.000	6.000	9.766	0.166
1260.000	6.000	68.359	0.180
1270.000	6.000	68.359	0.180
1280.000	6.000	68.359	0.180
1290.000	6.000	82.031	0.189
1300.000	6.000	82.031	0.189
1310.000	6.000	82.031	0.189
1320.000	6.000	54.687	0.173
1330.000	6.000	54.687	0.173
1340.000	6.000	54.687	0.173
1350.000	6.000	101.562	0.190
1360.000	6.000	101.562	0.190
1370.000	6.000	101.562	0.190
1380.000	6.000	72.266	0.165
1390.000	6.000	72.266	0.165
1400.000	6.000	72.266	0.165
1410.000	6.000	72.266	0.170
1420.000	6.000	72.266	0.170
1430.000	6.000	72.266	0.170
1440.000	6.000	117.187	0.181
1450.000	6.000	117.187	0.181
1460.000	6.000	117.187	0.181
1470.000	6.000	93.750	0.179
1480.000	6.000	93.750	0.179
1490.000	6.000	93.750	0.179
1500.000	6.000	158.203	0.162
1510.000	6.000	158.203	0.162
1520.000	6.000	158.203	0.162
1530.000	6.000	101.562	0.165
1540.000	6.000	101.562	0.165
1550.000	6.000	101.562	0.165
1560.000	6.000	126.953	0.173
1570.000	6.000	126.953	0.173
1580.000	6.000	126.953	0.173
1590.000	6.000	138.672	0.174
1600.000	6.000	138.672	0.174
1610.000	6.000	138.672	0.174
1620.000	6.000	179.687	0.189
1630.000	6.000	179.687	0.189
1640.000	6.000	179.687	0.189
1650.000	6.000	166.016	0.180
1660.000	6.000	166.016	0.180
1670.000	6.000	166.016	0.180
1680.000	6.000	179.687	0.193
1690.000	6.000	179.687	0.193
1700.000	6.000	179.687	0.193
1710.000	6.000	205.078	0.161
1720.000	6.000	205.078	0.161
1730.000	6.000	205.078	0.161
1740.000	6.000	216.797	0.188
1750.000	6.000	216.797	0.188
1760.000	6.000	216.797	0.188
1770.000	6.000	195.312	0.157
1780.000	6.000	195.312	0.157
1790.000	6.000	195.312	0.157
1800.000	6.000	224.609	0.161
1810.000	6.000	224.609	0.161
1820.000	6.000	224.609	0.161
1830.000	6.000	246.094	0.171
1840.000	6.000	246.094	0.171
1850.000	6.000	246.094	0.171
1860.000	6.000	218.750	0.171
1870.000	6.000	218.750	0.171
1880.000	6.000	218.750	0.171
1890.000	6.000	253.906	0.156
1900.000	6.000	253.906	0.156
1910.000	6.000	253.906	0.156
1920.000	6.000	232.422	0.154
1930.000	6.000	232.422	0.154
1940.000	6.000	232.422	0.154
1950.000	6.000	216.797	0.173
1960.000	6.000	216.797	0.173
1970.000	6.000	216.797	0.173
1980.000	6.000	273.437	0.195
1990.000	6.000	273.437	0.195
2000.000	6.000	273.437	0.195
2010.000	6.000	279.297	0.183
2020.000	6.000	279.297	0.183
2030.000	6.000	279.297	0.183
2040.000	6.000	277.344	0.173
2050.000	6.000	277.344	0.173
2060.000	6.000	277.344	0.173
2070.000	6.000	304.687	0.194
2080.000	6.000	304.687	0.194
2090.000	6.000	304.687	0.194
2100.000	6.000	285.156	0.148
2110.000	6.000	285.156	0.148
2120.000	6.000	285.156	0.148
2130.000	6.000	310.547	0.194
2140.000	6.000	310.547	0.194
2150.000	6.000	310.547	0.194
2160.000	6.000	330.078	0.174
2170.000	6.000	330.078	0.174
2180.000	6.000	330.078	0.174
2190.000	6.000	287.109	0.168
2200.000	6.000	287.109	0.168
2210.000	6.000	287.109	0.168
2220.000	6.000	343.750	0.188
2230.000	6.000	343.750	0.188
2240.000	6.000	343.750	0.188
2250.000	6.000	320.312	0.169
2260.000	6.000	320.312	0.169
2270.000	6.000	320.312	0.169
2280.000	6.000	365.234	0.184
2290.000	6.000	365.234	0.184
2300.000	6.000	365.234	0.184
2310.000	6.000	337.891	0.178
2320.000	6.000	337.891	0.178
2330.000	6.000	337.891	0.178
2340.000	6.000	349.609	0.193
2350.000	6.000	349.609	0.193
2360.000	6.000	349.609	0.193
2370.000	6.000	367.187	0.171
2380.000	6.000	367.187	0.171
2390.000	6.000	367.187	0.171
2400.000	6.000	384.766	0.188
2410.000	6.000	384.766	0.188
2420.000	6.000	384.766	0.188
2430.000	6.000	398.437	0.189
2440.000	6.000	398.437	0.189
2450.000	6.000	398.437	0.189
2460.000	6.000	382.812	0.156
2470.000	6.000	382.812	0.156
2480.000	6.000	382.812	0.156
2490.000	6.000	404.297	0.160
2500.000	6.000	404.297	0.160
2510.000	6.000	404.297	0.160
2520.000	6.000	416.016	0.191
2530.000	6.000	416.016	0.191
2540.000	6.000	416.016	0.191
2550.000	6.000	378.906	0.170
2560.000	6.000	378.906	0.170
2570.000	6.000	378.906	0.170
2580.000	6.000	402.344	0.172
2590.000	6.000	402.344	0.172
2600.000	6.000	402.344	0.172
2610.000	6.000	455.078	0.183
2620.000	6.000	455.078	0.183
2630.000	6.000	455.078	0.183
2640.000	6.000	425.781	0.187
2650.000	6.000	425.781	0.187
2660.000	6.000	425.781	0.187
2670.000	6.000	462.891	0.177
2680.000	6.000	462.891	0.177
2690.000	6.000	462.891	0.177
2700.000	6.000	453.125	0.181
2710.000	6.000	453.125	0.181
2720.000	6.000	453.125	0.181
2730.000	6.000	445.312	0.164
2740.000	6.000	445.312	0.164
2750.000	6.000	445.312	0.164
2760.000	6.000	484.375	0.184
2770.000	6.000	484.375	0.184
2780.000	6.000	484.375	0.184
2790.000	6.000	500.000	0.174
2800.000	6.000	500.000	0.174
2810.000	6.000	500.000	0.174
2820.000	6.000	451.172	0.170
2830.000	6.000	451.172	0.170
2840.000	6.000	451.172	0.170
2850.000	6.000	513.672	0.186
2860.000	6.000	513.672	0.186
2870.000	6.000	513.672	0.186
2880.000	6.000	482.422	0.194
2890.000	6.000	482.422	0.194
2900.000	6.000	482.422	0.194
2910.000	6.000	507.812	0.167
2920.000	6.000	507.812	0.167
2930.000	6.000	507.812	0.167
2940.000	6.000	474.609	0.170
2950.000	6.000	474.609	0.170
2960.000	6.000	474.609	0.170
2970.000	6.000	490.234	0.159
2980.000	6.000	490.234	0.159
2990.000	6.000	490.234	0.159
3000.000	6.000	500.000	0.172
3010.000	6.000	500.000	0.172
3020.000	6.000	500.000	0.172
3030.000	6.000	488.281	0.177
3040.000	6.000	488.281	0.177
3050.000	6.000	488.281	0.177
3060.000	6.000	505.859	0.163
3070.000	6.000	505.859	0.163
3080.000	6.000	505.859	0.163
3090.000	6.000	574.219	0.193
3100.000	6.000	574.219	0.193
3110.000	6.000	574.219	0.193
3120.000	6.000	517.578	0.177
3130.000	6.000	517.578	0.177
3140.000	6.000	517.578	0.177
3150.000	6.000	585.937	0.193
3160.000	6.000	585.937	0.193
3170.000	6.000	585.937	0.193
3180.000	6.000	560.547	0.169
3190.000	6.000	560.547	0.169
3200.000	6.000	560.547	0.169
3210.000	6.000	587.891	0.186
3220.000	6.000	587.891	0.186
3230.000	6.000	587.891	0.186
3240.000	6.000	570.312	0.160
3250.000	6.000	570.312	0.160
3260.000	6.000	570.312	0.160
3270.000	6.000	615.234	0.168
3280.000	6.000	615.234	0.168
3290.000	6.000	615.234	0.168
3300.000	6.000	589.844	0.175
3310.000	6.000	589.844	0.175
3320.000	6.000	589.844	0.175
3330.000	6.000	609.375	0.175
3340.000	6.000	609.375	0.175
3350.000	6.000	609.375	0.175
3360.000	6.000	607.422	0.193
3370.000	6.000	607.422	0.193
3380.000	6.000	607.422	0.193
3390.000	6.000	634.766	0.177
3400.000	6.000	634.766	0.177
3410.000	6.000	634.766	0.177
3420.000	6.000	621.094	0.170
3430.000	6.000	621.094	0.170
3440.000	6.000	621.094	0.170
3450.000	6.000	623.047	0.184
3460.000	6.000	623.047	0.184
3470.000	6.000	623.047	0.184
3480.000	6.000	601.562	0.166
3490.000	6.000	601.562	0.166
3500.000	6.000	601.562	0.166
3510.000	6.000	646.484	0.184
3520.000	6.000	646.484	0.184
3530.000	6.000	646.484	0.184
3540.000	6.000	667.969	0.162
3550.000	6.000	667.969	0.162
3560.000	6.000	667.969	0.162
3570.000	6.000	644.531	0.158
3580.000	6.000	644.531	0.158
3590.000	6.000	644.531	0.158
3600.000	6.000	671.875	0.166
3610.000	6.000	671.875	0.166
3620.000	6.000	671.875	0.166
3630.000	6.000	673.828	0.175
3640.000	6.000	673.828	0.175
3650.000	6.000	673.828	0.175
3660.000	6.000	675.781	0.164
3670.000	6.000	675.781	0.164
3680.000	6.000	675.781	0.164
3690.000	6.000	693.359	0.165
3700.000	6.000	693.359	0.165
3710.000	6.000	693.359	0.165
3720.000	6.000	675.781	0.174
3730.000	6.000	675.781	0.174
3740.000	6.000	675.781	0.174
3750.000	6.000	716.797	0.189
3760.000	6.000	716.797	0.189
3770.000	6.000	716.797	0.189
3780.000	6.000	703.125	0.183
3790.000	6.000	703.125	0.183
3800.000	6.000	703.125	0.183
3810.000	6.000	669.922	0.178
3820.000	6.000	669.922	0.178
3830.000	6.000	669.922	0.178
3840.000	6.000	710.937	0.172
3850.000	6.000	710.937	0.172
3860.000	6.000	710.937	0.172
3870.000	6.000	736.328	0.174
3880.000	6.000	736.328	0.174
3890.000	6.000	736.328	0.174
3900.000	6.000	740.234	0.181
3910.000	6.000	740.234	0.181
3920.000	6.000	740.234	0.181
3930.000	6.000	753.906	0.190
3940.000	6.000	753.906	0.190
3950.000	6.000	753.906	0.190
3960.000	6.000	722.656	0.179
3970.000	6.000	722.656	0.179
3980.000	6.000	722.656	0.179
3990.000	6.000	777.344	0.193
4000.000	6.000	777.344	0.193
4010.000	6.000	777.344	0.193
4020.000	6.000	757.812	0.189
4030.000	6.000	757.812	0.189
4040.000	6.000	757.812	0.189
4050.000	6.000	777.344	0.179
4060.000	6.000	777.344	0.179
4070.000	6.000	777.344	0.179
4080.000	6.000	783.203	0.189
4090.000	6.000	783.203	0.189
4100.000	6.000	783.203	0.189
4110.000	6.000	773.437	0.168
4120.000	6.000	773.437	0.168
4130.000	6.000	773.437	0.168
4140.000	6.000	816.406	0.187
4150.000	6.000	816.406	0.187
4160.000	6.000	816.406	0.187
4170.000	6.000	791.016	0.183
4180.000	6.000	791.016	0.183
4190.000	6.000	791.016	0.183
4200.000	6.000	820.312	0.178
4210.000	6.000	820.312	0.178
4220.000	6.000	820.312	0.178
4230.000	6.000	783.203	0.158
4240.000	6.000	783.203	0.158
4250.000	6.000	783.203	0.158
4260.000	6.000	796.875	0.165
4270.000	6.000	796.875	0.165
4280.000	6.000	796.875	0.165
4290.000	6.000	818.359	0.160
4300.000	6.000	818.359	0.160
4310.000	6.000	818.359	0.160
4320.000	6.000	806.641	0.165
4330.000	6.000	806.641	0.165
4340.000	6.000	806.641	0.165
4350.000	6.000	861.328	0.185
4360.000	6.000	861.328	0.185
4370.000	6.000	861.328	0.185
4380.000	6.000	785.156	0.165
4390.000	6.000	785.156	0.165
4400.000	6.000	785.156	0.165
4410.000	6.000	873.047	0.182
4420.000	6.000	873.047	0.182
4430.000	6.000	873.047	0.182
4440.000	6.000	818.359	0.166
4450.000	6.000	818.359	0.166
4460.000	6.000	818.359	0.166
4470.000	6.000	816.406	0.171
4480.000	6.000	816.406	0.171
4490.000	6.000	816.406	0.171
4500.000	6.000	847.656	0.169
4510.000	6.000	847.656	0.169
4520.000	6.000	847.656	0.169
4530.000	6.000	847.656	0.152
4540.000	6.000	847.656	0.152
4550.000	6.000	847.656	0.152
4560.000	6.000	908.203	0.195
4570.000	6.000	908.203	0.195
4580.000	6.000	908.203	0.195
4590.000	6.000	835.937	0.170
4600.000	6.000	835.937	0.170
4610.000	6.000	835.937	0.170
4620.000	6.000	869.141	0.169
4630.000	6.000	869.141	0.169
4640.000	6.000	869.141	0.169
4650.000	6.000	906.250	0.190
4660.000	6.000	906.250	0.190
4670.000	6.000	906.250	0.190
4680.000	6.000	900.391	0.168
4690.000	6.000	900.391	0.168
4700.000	6.000	900.391	0.168
4710.000	6.000	914.062	0.178
4720.000	6.000	914.062	0.178
4730.000	6.000	914.062	0.178
4740.000	6.000	912.109	0.175
4750.000	6.000	912.109	0.175
4760.000	6.000	912.109	0.175
4770.000	6.000	916.016	0.168
4780.000	6.000	916.016	0.168
4790.000	6.000	916.016	0.168
4800.000	6.000	953.125	0.189
4810.000	6.000	953.125	0.189
4820.000	6.000	953.125	0.189
4830.000	6.000	966.797	0.187
4840.000	6.000	966.797	0.187
4850.000	6.000	966.797	0.187
4860.000	6.000	937.500	0.154
4870.000	6.000	937.500	0.154
4880.000	6.000	937.500	0.154
4890.000	6.000	906.250	0.169
4900.000	6.000	906.250	0.169
4910.000	6.000	906.250	0.169
4920.000	6.000	919.922	0.166
4930.000	6.000	919.922	0.166
4940.000	6.000	919.922	0.166
4950.000	6.000	955.078	0.177
4960.000	6.000	955.078	0.177
4970.000	6.000	955.078	0.177
4980.000	6.000	970.703	0.179
4990.000	6.000	970.703	0.179
5000.000	6.000	970.703	0.179
5010.000	6.000	951.172	0.168
5020.000	6.000	951.172	0.168
5030.000	6.000	951.172	0.168
5040.000	6.000	1000.000	0.182
5050.000	6.000	1000.000	0.182
5060.000	6.000	1000.000	0.182
5070.000	6.000	988.281	0.186
5080.000	6.000	988.281	0.186
5090.000	6.000	988.281	0.186
5100.000	6.000	1000.000	0.172
5110.000	6.000	1000.000	0.172
5120.000	6.000	1000.000	0.172
5130.000	6.000	970.703	0.152
5140.000	6.000	970.703	0.152
5150.000	6.000	970.703	0.152
5160.000	6.000	1017.578	0.188
5170.000	6.000	1017.578	0.188
5180.000	6.000	1017.578	0.188
5190.000	6.000	974.609	0.177
5200.000	6.000	974.609	0.177
5210.000	6.000	974.609	0.177
5220.000	6.000	996.094	0.165
5230.000	6.000	996.094	0.165
5240.000	6.000	996.094	0.165
5250.000	6.000	994.141	0.169
5260.000	6.000	994.141	0.169
5270.000	6.000	994.141	0.169
5280.000	6.000	1031.250	0.183
5290.000	6.000	1031.250	0.183
5300.000	6.000	1031.250	0.183
5310.000	6.000	1007.812	0.152
5320.000	6.000	1007.812	0.152
5330.000	6.000	1007.812	0.152
5340.000	6.000	1023.437	0.174
5350.000	6.000	1023.437	0.174
5360.000	6.000	1023.437	0.174
5370.000	6.000	1029.297	0.174
5380.000	6.000	1029.297	0.174
5390.000	6.000	1029.297	0.174
5400.000	6.000	1058.594	0.188
5410.000	6.000	1058.594	0.188
5420.000	6.000	1058.594	0.188
5430.000	6.000	1064.453	0.180
5440.000	6.000	1064.453	0.180
5450.000	6.000	1064.453	0.180
5460.000	6.000	1017.578	0.174
5470.000	6.000	1017.578	0.174
5480.000	6.000	1017.578	0.174
5490.000	6.000	1054.687	0.164
5500.000	6.000	1054.687	0.164
5510.000	6.000	1054.687	0.164
5520.000	6.000	1060.547	0.197
5530.000	6.000	1060.547	0.197
5540.000	6.000	1060.547	0.197
5550.000	6.000	1050.781	0.187
5560.000	6.000	1050.781	0.187
5570.000	6.000	1050.781	0.187
5580.000	6.000	1044.922	0.181
5590.000	6.000	1044.922	0.181
5600.000	6.000	1044.922	0.181
5610.000	6.000	1082.031	0.164
5620.000	6.000	1082.031	0.164
5630.000	6.000	1082.031	0.164
5640.000	6.000	1091.797	0.187
5650.000	6.000	1091.797	0.187
5660.000	6.000	1091.797	0.187
5670.000	6.000	1074.219	0.167
5680.000	6.000	1074.219	0.167
5690.000	6.000	1074.219	0.167
5700.000	6.000	1083.984	0.158
5710.000	6.000	1083.984	0.158
5720.000	6.000	1083.984	0.158
5730.000	6.000	1091.797	0.168
5740.000	6.000	1091.797	0.168
5750.000	6.000	1091.797	0.168
5760.000	6.000	1101.562	0.168
5770.000	6.000	1101.562	0.168
5780.000	6.000	1101.562	0.168
5790.000	6.000	1123.047	0.187
5800.000	6.000	1123.047	0.187
5810.000	6.000	1123.047	0.187
5820.000	6.000	1123.047	0.182
5830.000	6.000	1123.047	0.182
5840.000	6.000	1123.047	0.182
5850.000	6.000	1121.094	0.176
5860.000	6.000	1121.094	0.176
5870.000	6.000	1121.094	0.176
5880.000	6.000	1136.719	0.192
5890.000	6.000	1136.719	0.192
5900.000	6.000	1136.719	0.192
5910.000	6.000	1138.672	0.183
5920.000	6.000	1138.672	0.183
5930.000	6.000	1138.672	0.183
5940.000	6.000	1140.625	0.171
5950.000	6.000	1140.625	0.171
5960.000	6.000	1140.625	0.171
5970.000	6.000	1148.437	0.183
5980.000	6.000	1148.437	0.183
5990.000	6.000	1148.437	0.183
6000.000	6.000	1173.828	0.187
6010.000	6.000	1173.828	0.187
6020.000	6.000	1173.828	0.187
6030.000	6.000	1140.625	0.182
6040.000	6.000	1140.625	0.182
6050.000	6.000	1140.625	0.182
6060.000	6.000	1162.109	0.174
6070.000	6.000	1162.109	0.174
6080.000	6.000	1162.109	0.174
6090.000	6.000	1158.203	0.183
6100.000	6.000	1158.203	0.183
6110.000	6.000	1158.203	0.183
6120.000	6.000	1191.406	0.093
6130.000	6.000	1191.406	0.093
6140.000	6.000	1191.406	0.093
6150.000	6.000	1123.047	0.029
6160.000	6.000	1123.047	0.029
6170.000	6.000	1123.047	0.029
6180.000	6.000	1142.578	0.001
6190.000	6.000	1142.578	0.001
6200.000	6.000	1142.578	0.001
6210.000	6.000	1177.734	0.008
6220.000	6.000	1177.734	0.008
6230.000	6.000	1177.734	0.008
6240.000	6.000	1130.859	0.008
6250.000	6.000	1130.859	0.008
6260.000	6.000	1130.859	0.008
6270.000	6.000	1111.328	0.003
6280.000	6.000	1111.328	0.003
6290.000	6.000	1111.328	0.003
6300.000	6.000	1121.094	0.014
6310.000	6.000	1121.094	0.014
6320.000	6.000	1121.094	0.014
6330.000	6.000	1062.500	-0.011
6340.000	6.000	1062.500	-0.011
6350.000	6.000	1062.500	-0.011
6360.000	6.000	1113.281	0.002
6370.000	6.000	1113.281	0.002
6380.000	6.000	1113.281	0.002
6390.000	6.000	1076.172	0.001
6400.000	6.000	1076.172	0.001
6410.000	6.000	1076.172	0.001
6420.000	6.000	1048.828	-0.006
6430.000	6.000	1048.828	-0.006
6440.000	6.000	1048.828	-0.006
6450.000	6.000	1068.359	0.006
6460.000	6.000	1068.359	0.006
6470.000	6.000	1068.359	0.006
6480.000	6.000	1064.453	0.015
6490.000	6.000	1064.453	0.015
6500.000	6.000	1064.453	0.015
6510.000	6.000	1052.734	0.013
6520.000	6.000	1052.734	0.013
6530.000	6.000	1052.734	0.013
6540.000	6.000	1048.828	0.006
6550.000	6.000	1048.828	0.006
6560.000	6.000	1048.828	0.006
6570.000	6.000	1015.625	0.007
6580.000	6.000	1015.625	0.007
6590.000	6.000	1015.625	0.007
6600.000	6.000	1003.906	0.000
6610.000	6.000	1003.906	0.000
6620.000	6.000	1003.906	0.000
6630.000	6.000	1003.906	0.006
6640.000	6.000	1003.906	0.006
6650.000	6.000	1003.906	0.006
6660.000	6.000	994.141	0.013
6670.000	6.000	994.141	0.013
6680.000	6.000	994.141	0.013
6690.000	6.000	992.187	0.005
6700.000	6.000	992.187	0.005
6710.000	6.000	992.187	0.005
6720.000	6.000	960.937	-0.012
6730.000	6.000	960.937	-0.012
6740.000	6.000	960.937	-0.012
6750.000	6.000	986.328	0.008
6760.000	6.000	986.328	0.008
6770.000	6.000	986.328	0.008
6780.000	6.000	962.891	0.013
6790.000	6.000	962.891	0.013
6800.000	6.000	962.891	0.013
6810.000	6.000	927.734	0.011
6820.000	6.000	927.734	0.011
6830.000	6.000	927.734	0.011
6840.000	6.000	933.594	0.013
6850.000	6.000	933.594	0.013
6860.000	6.000	933.594	0.013
6870.000	6.000	900.391	0.000
6880.000	6.000	900.391	0.000
6890.000	6.000	900.391	0.000
6900.000	6.000	912.109	-0.005
6910.000	6.000	912.109	-0.005
6920.000	6.000	912.109	-0.005
6930.000	6.000	902.344	0.005
6940.000	6.000	902.344	0.005
6950.000	6.000	902.344	0.005
6960.000	6.000	888.672	-0.006
6970.000	6.000	888.672	-0.006
6980.000	6.000	888.672	-0.006
6990.000	6.000	916.016	0.005
7000.000	6.000	916.016	0.005
7010.000	6.000	916.016	0.005
7020.000	6.000	904.297	0.012
