%Time [ms]	Commanded Torque [mNm]	Angular Velocity [RPM]	Actual Current [Amp]	%9/1/20201:56 PM
0.000	0.000	0.000	0.000
20.000	8.000	44.922	0.012
30.000	8.000	44.922	0.012
40.000	8.000	44.922	0.012
50.000	8.000	44.922	0.020
60.000	8.000	44.922	0.020
70.000	8.000	44.922	0.020
80.000	8.000	-13.672	0.025
90.000	8.000	-13.672	0.025
100.000	8.000	-13.672	0.025
110.000	8.000	25.391	0.016
120.000	8.000	25.391	0.016
130.000	8.000	25.391	0.016
140.000	8.000	42.969	0.006
150.000	8.000	42.969	0.006
160.000	8.000	42.969	0.006
170.000	8.000	39.062	-0.003
180.000	8.000	39.062	-0.003
190.000	8.000	39.062	-0.003
200.000	8.000	27.344	0.007
210.000	8.000	27.344	0.007
220.000	8.000	27.344	0.007
230.000	8.000	1.953	-0.011
240.000	8.000	1.953	-0.011
250.000	8.000	1.953	-0.011
260.000	8.000	31.250	0.009
270.000	8.000	31.250	0.009
280.000	8.000	31.250	0.009
290.000	8.000	19.531	0.001
300.000	8.000	19.531	0.001
310.000	8.000	19.531	0.001
320.000	8.000	3.906	0.009
330.000	8.000	3.906	0.009
340.000	8.000	3.906	0.009
350.000	8.000	9.766	0.000
360.000	8.000	9.766	0.000
370.000	8.000	9.766	0.000
380.000	8.000	19.531	0.007
390.000	8.000	19.531	0.007
400.000	8.000	19.531	0.007
410.000	8.000	0.000	-0.007
420.000	8.000	0.000	-0.007
430.000	8.000	0.000	-0.007
440.000	8.000	50.781	-0.002
450.000	8.000	50.781	-0.002
460.000	8.000	50.781	-0.002
470.000	8.000	41.016	0.013
480.000	8.000	41.016	0.013
490.000	8.000	41.016	0.013
500.000	8.000	11.719	-0.008
510.000	8.000	11.719	-0.008
520.000	8.000	11.719	-0.008
530.000	8.000	-9.766	-0.003
540.000	8.000	-9.766	-0.003
550.000	8.000	-9.766	-0.003
560.000	8.000	50.781	0.009
570.000	8.000	50.781	0.009
580.000	8.000	50.781	0.009
590.000	8.000	25.391	0.016
600.000	8.000	25.391	0.016
610.000	8.000	25.391	0.016
620.000	8.000	19.531	-0.018
630.000	8.000	19.531	-0.018
640.000	8.000	19.531	-0.018
650.000	8.000	33.203	-0.007
660.000	8.000	33.203	-0.007
670.000	8.000	33.203	-0.007
680.000	8.000	29.297	-0.001
690.000	8.000	29.297	-0.001
700.000	8.000	29.297	-0.001
710.000	8.000	9.766	-0.012
720.000	8.000	9.766	-0.012
730.000	8.000	9.766	-0.012
740.000	8.000	56.641	0.021
750.000	8.000	56.641	0.021
760.000	8.000	56.641	0.021
770.000	8.000	37.109	-0.012
780.000	8.000	37.109	-0.012
790.000	8.000	37.109	-0.012
800.000	8.000	56.641	0.016
810.000	8.000	56.641	0.016
820.000	8.000	56.641	0.016
830.000	8.000	44.922	0.002
840.000	8.000	44.922	0.002
850.000	8.000	44.922	0.002
860.000	8.000	35.156	-0.006
870.000	8.000	35.156	-0.006
880.000	8.000	35.156	-0.006
890.000	8.000	41.016	0.006
900.000	8.000	41.016	0.006
910.000	8.000	41.016	0.006
920.000	8.000	11.719	0.012
930.000	8.000	11.719	0.012
940.000	8.000	11.719	0.012
950.000	8.000	23.437	-0.022
960.000	8.000	23.437	-0.022
970.000	8.000	23.437	-0.022
980.000	8.000	5.859	-0.009
990.000	8.000	5.859	-0.009
1000.000	8.000	5.859	-0.009
1010.000	8.000	41.016	0.017
1020.000	8.000	41.016	0.017
1030.000	8.000	41.016	0.017
1040.000	8.000	31.250	0.000
1050.000	8.000	31.250	0.000
1060.000	8.000	31.250	0.000
1070.000	8.000	-11.719	0.010
1080.000	8.000	-11.719	0.010
1090.000	8.000	-11.719	0.010
1100.000	8.000	50.781	0.136
1110.000	8.000	50.781	0.136
1120.000	8.000	50.781	0.136
1130.000	8.000	44.922	0.202
1140.000	8.000	44.922	0.202
1150.000	8.000	44.922	0.202
1160.000	8.000	-1.953	0.238
1170.000	8.000	-1.953	0.238
1180.000	8.000	-1.953	0.238
1190.000	8.000	33.203	0.249
1200.000	8.000	33.203	0.249
1210.000	8.000	33.203	0.249
1220.000	8.000	74.219	0.241
1230.000	8.000	74.219	0.241
1240.000	8.000	74.219	0.241
1250.000	8.000	109.375	0.231
1260.000	8.000	109.375	0.231
1270.000	8.000	109.375	0.231
1280.000	8.000	93.750	0.236
1290.000	8.000	93.750	0.236
1300.000	8.000	93.750	0.236
1310.000	8.000	136.719	0.228
1320.000	8.000	136.719	0.228
1330.000	8.000	136.719	0.228
1340.000	8.000	154.297	0.247
1350.000	8.000	154.297	0.247
1360.000	8.000	154.297	0.247
1370.000	8.000	144.531	0.239
1380.000	8.000	144.531	0.239
1390.000	8.000	144.531	0.239
1400.000	8.000	142.578	0.221
1410.000	8.000	142.578	0.221
1420.000	8.000	142.578	0.221
1430.000	8.000	150.391	0.259
1440.000	8.000	150.391	0.259
1450.000	8.000	150.391	0.259
1460.000	8.000	205.078	0.244
1470.000	8.000	205.078	0.244
1480.000	8.000	205.078	0.244
1490.000	8.000	195.312	0.214
1500.000	8.000	195.312	0.214
1510.000	8.000	195.312	0.214
1520.000	8.000	224.609	0.242
1530.000	8.000	224.609	0.242
1540.000	8.000	224.609	0.242
1550.000	8.000	201.172	0.239
1560.000	8.000	201.172	0.239
1570.000	8.000	201.172	0.239
1580.000	8.000	265.625	0.231
1590.000	8.000	265.625	0.231
1600.000	8.000	265.625	0.231
1610.000	8.000	279.297	0.237
1620.000	8.000	279.297	0.237
1630.000	8.000	279.297	0.237
1640.000	8.000	271.484	0.230
1650.000	8.000	271.484	0.230
1660.000	8.000	271.484	0.230
1670.000	8.000	281.250	0.230
1680.000	8.000	281.250	0.230
1690.000	8.000	281.250	0.230
1700.000	8.000	306.641	0.228
1710.000	8.000	306.641	0.228
1720.000	8.000	306.641	0.228
1730.000	8.000	349.609	0.267
1740.000	8.000	349.609	0.267
1750.000	8.000	349.609	0.267
1760.000	8.000	339.844	0.229
1770.000	8.000	339.844	0.229
1780.000	8.000	339.844	0.229
1790.000	8.000	324.219	0.213
1800.000	8.000	324.219	0.213
1810.000	8.000	324.219	0.213
1820.000	8.000	378.906	0.232
1830.000	8.000	378.906	0.232
1840.000	8.000	378.906	0.232
1850.000	8.000	384.766	0.248
1860.000	8.000	384.766	0.248
1870.000	8.000	384.766	0.248
1880.000	8.000	363.281	0.260
1890.000	8.000	363.281	0.260
1900.000	8.000	363.281	0.260
1910.000	8.000	384.766	0.229
1920.000	8.000	384.766	0.229
1930.000	8.000	384.766	0.229
1940.000	8.000	414.062	0.235
1950.000	8.000	414.062	0.235
1960.000	8.000	414.062	0.235
1970.000	8.000	414.062	0.241
1980.000	8.000	414.062	0.241
1990.000	8.000	414.062	0.241
2000.000	8.000	412.109	0.231
2010.000	8.000	412.109	0.231
2020.000	8.000	412.109	0.231
2030.000	8.000	462.891	0.255
2040.000	8.000	462.891	0.255
2050.000	8.000	462.891	0.255
2060.000	8.000	490.234	0.262
2070.000	8.000	490.234	0.262
2080.000	8.000	490.234	0.262
2090.000	8.000	453.125	0.216
2100.000	8.000	453.125	0.216
2110.000	8.000	453.125	0.216
2120.000	8.000	476.562	0.246
2130.000	8.000	476.562	0.246
2140.000	8.000	476.562	0.246
2150.000	8.000	511.719	0.214
2160.000	8.000	511.719	0.214
2170.000	8.000	511.719	0.214
2180.000	8.000	525.391	0.244
2190.000	8.000	525.391	0.244
2200.000	8.000	525.391	0.244
2210.000	8.000	541.016	0.243
2220.000	8.000	541.016	0.243
2230.000	8.000	541.016	0.243
2240.000	8.000	490.234	0.224
2250.000	8.000	490.234	0.224
2260.000	8.000	490.234	0.224
2270.000	8.000	580.078	0.253
2280.000	8.000	580.078	0.253
2290.000	8.000	580.078	0.253
2300.000	8.000	542.969	0.248
2310.000	8.000	542.969	0.248
2320.000	8.000	542.969	0.248
2330.000	8.000	580.078	0.236
2340.000	8.000	580.078	0.236
2350.000	8.000	580.078	0.236
2360.000	8.000	576.172	0.232
2370.000	8.000	576.172	0.232
2380.000	8.000	576.172	0.232
2390.000	8.000	621.094	0.229
2400.000	8.000	621.094	0.229
2410.000	8.000	621.094	0.229
2420.000	8.000	607.422	0.234
2430.000	8.000	607.422	0.234
2440.000	8.000	607.422	0.234
2450.000	8.000	658.203	0.228
2460.000	8.000	658.203	0.228
2470.000	8.000	658.203	0.228
2480.000	8.000	664.062	0.246
2490.000	8.000	664.062	0.246
2500.000	8.000	664.062	0.246
2510.000	8.000	660.156	0.248
2520.000	8.000	660.156	0.248
2530.000	8.000	660.156	0.248
2540.000	8.000	630.859	0.225
2550.000	8.000	630.859	0.225
2560.000	8.000	630.859	0.225
2570.000	8.000	673.828	0.232
2580.000	8.000	673.828	0.232
2590.000	8.000	673.828	0.232
2600.000	8.000	685.547	0.231
2610.000	8.000	685.547	0.231
2620.000	8.000	685.547	0.231
2630.000	8.000	683.594	0.219
2640.000	8.000	683.594	0.219
2650.000	8.000	683.594	0.219
2660.000	8.000	726.562	0.254
2670.000	8.000	726.562	0.254
2680.000	8.000	726.562	0.254
2690.000	8.000	708.984	0.216
2700.000	8.000	708.984	0.216
2710.000	8.000	708.984	0.216
2720.000	8.000	779.297	0.247
2730.000	8.000	779.297	0.247
2740.000	8.000	779.297	0.247
2750.000	8.000	771.484	0.262
2760.000	8.000	771.484	0.262
2770.000	8.000	771.484	0.262
2780.000	8.000	765.625	0.223
2790.000	8.000	765.625	0.223
2800.000	8.000	765.625	0.223
2810.000	8.000	783.203	0.233
2820.000	8.000	783.203	0.233
2830.000	8.000	783.203	0.233
2840.000	8.000	779.297	0.232
2850.000	8.000	779.297	0.232
2860.000	8.000	779.297	0.232
2870.000	8.000	787.109	0.223
2880.000	8.000	787.109	0.223
2890.000	8.000	787.109	0.223
2900.000	8.000	828.125	0.219
2910.000	8.000	828.125	0.219
2920.000	8.000	828.125	0.219
2930.000	8.000	820.312	0.241
2940.000	8.000	820.312	0.241
2950.000	8.000	820.312	0.241
2960.000	8.000	853.516	0.249
2970.000	8.000	853.516	0.249
2980.000	8.000	853.516	0.249
2990.000	8.000	843.750	0.238
3000.000	8.000	843.750	0.238
3010.000	8.000	843.750	0.238
3020.000	8.000	880.859	0.239
3030.000	8.000	880.859	0.239
3040.000	8.000	880.859	0.239
3050.000	8.000	878.906	0.232
3060.000	8.000	878.906	0.232
3070.000	8.000	878.906	0.232
3080.000	8.000	892.578	0.255
3090.000	8.000	892.578	0.255
3100.000	8.000	892.578	0.255
3110.000	8.000	875.000	0.237
3120.000	8.000	875.000	0.237
3130.000	8.000	875.000	0.237
3140.000	8.000	898.437	0.236
3150.000	8.000	898.437	0.236
3160.000	8.000	898.437	0.236
3170.000	8.000	910.156	0.238
3180.000	8.000	910.156	0.238
3190.000	8.000	910.156	0.238
3200.000	8.000	949.219	0.247
3210.000	8.000	949.219	0.247
3220.000	8.000	949.219	0.247
3230.000	8.000	917.969	0.229
3240.000	8.000	917.969	0.229
3250.000	8.000	917.969	0.229
3260.000	8.000	945.312	0.232
3270.000	8.000	945.312	0.232
3280.000	8.000	945.312	0.232
3290.000	8.000	935.547	0.232
3300.000	8.000	935.547	0.232
3310.000	8.000	935.547	0.232
3320.000	8.000	937.500	0.244
3330.000	8.000	937.500	0.244
3340.000	8.000	937.500	0.244
3350.000	8.000	1001.953	0.243
3360.000	8.000	1001.953	0.243
3370.000	8.000	1001.953	0.243
3380.000	8.000	1011.719	0.239
3390.000	8.000	1011.719	0.239
3400.000	8.000	1011.719	0.239
3410.000	8.000	1007.812	0.253
3420.000	8.000	1007.812	0.253
3430.000	8.000	1007.812	0.253
3440.000	8.000	990.234	0.225
3450.000	8.000	990.234	0.225
3460.000	8.000	990.234	0.225
3470.000	8.000	1019.531	0.216
3480.000	8.000	1019.531	0.216
3490.000	8.000	1019.531	0.216
3500.000	8.000	1060.547	0.256
3510.000	8.000	1060.547	0.256
3520.000	8.000	1060.547	0.256
3530.000	8.000	1072.266	0.229
3540.000	8.000	1072.266	0.229
3550.000	8.000	1072.266	0.229
3560.000	8.000	1078.125	0.216
3570.000	8.000	1078.125	0.216
3580.000	8.000	1078.125	0.216
3590.000	8.000	1101.562	0.245
3600.000	8.000	1101.562	0.245
3610.000	8.000	1101.562	0.245
3620.000	8.000	1056.641	0.229
3630.000	8.000	1056.641	0.229
3640.000	8.000	1056.641	0.229
3650.000	8.000	1085.937	0.213
3660.000	8.000	1085.937	0.213
3670.000	8.000	1085.937	0.213
3680.000	8.000	1126.953	0.259
3690.000	8.000	1126.953	0.259
3700.000	8.000	1126.953	0.259
3710.000	8.000	1130.859	0.243
3720.000	8.000	1130.859	0.243
3730.000	8.000	1130.859	0.243
3740.000	8.000	1169.922	0.246
3750.000	8.000	1169.922	0.246
3760.000	8.000	1169.922	0.246
3770.000	8.000	1152.344	0.249
3780.000	8.000	1152.344	0.249
3790.000	8.000	1152.344	0.249
3800.000	8.000	1175.781	0.237
3810.000	8.000	1175.781	0.237
3820.000	8.000	1175.781	0.237
3830.000	8.000	1183.594	0.241
3840.000	8.000	1183.594	0.241
3850.000	8.000	1183.594	0.241
3860.000	8.000	1208.984	0.242
3870.000	8.000	1208.984	0.242
3880.000	8.000	1208.984	0.242
3890.000	8.000	1207.031	0.243
3900.000	8.000	1207.031	0.243
3910.000	8.000	1207.031	0.243
3920.000	8.000	1218.750	0.248
3930.000	8.000	1218.750	0.248
3940.000	8.000	1218.750	0.248
3950.000	8.000	1236.328	0.247
3960.000	8.000	1236.328	0.247
3970.000	8.000	1236.328	0.247
3980.000	8.000	1230.469	0.220
3990.000	8.000	1230.469	0.220
4000.000	8.000	1230.469	0.220
4010.000	8.000	1255.859	0.240
4020.000	8.000	1255.859	0.240
4030.000	8.000	1255.859	0.240
4040.000	8.000	1265.625	0.236
4050.000	8.000	1265.625	0.236
4060.000	8.000	1265.625	0.236
4070.000	8.000	1216.797	0.224
4080.000	8.000	1216.797	0.224
4090.000	8.000	1216.797	0.224
4100.000	8.000	1234.375	0.231
4110.000	8.000	1234.375	0.231
4120.000	8.000	1234.375	0.231
4130.000	8.000	1304.687	0.248
4140.000	8.000	1304.687	0.248
4150.000	8.000	1304.687	0.248
4160.000	8.000	1302.734	0.238
4170.000	8.000	1302.734	0.238
4180.000	8.000	1302.734	0.238
4190.000	8.000	1322.266	0.263
4200.000	8.000	1322.266	0.263
4210.000	8.000	1322.266	0.263
4220.000	8.000	1302.734	0.239
4230.000	8.000	1302.734	0.239
4240.000	8.000	1302.734	0.239
4250.000	8.000	1308.594	0.231
4260.000	8.000	1308.594	0.231
4270.000	8.000	1308.594	0.231
4280.000	8.000	1333.984	0.224
4290.000	8.000	1333.984	0.224
4300.000	8.000	1333.984	0.224
4310.000	8.000	1345.703	0.247
4320.000	8.000	1345.703	0.247
4330.000	8.000	1345.703	0.247
4340.000	8.000	1332.031	0.225
4350.000	8.000	1332.031	0.225
4360.000	8.000	1332.031	0.225
4370.000	8.000	1373.047	0.221
4380.000	8.000	1373.047	0.221
4390.000	8.000	1373.047	0.221
4400.000	8.000	1388.672	0.233
4410.000	8.000	1388.672	0.233
4420.000	8.000	1388.672	0.233
4430.000	8.000	1361.328	0.220
4440.000	8.000	1361.328	0.220
4450.000	8.000	1361.328	0.220
4460.000	8.000	1417.969	0.255
4470.000	8.000	1417.969	0.255
4480.000	8.000	1417.969	0.255
4490.000	8.000	1394.531	0.218
4500.000	8.000	1394.531	0.218
4510.000	8.000	1394.531	0.218
4520.000	8.000	1410.156	0.223
4530.000	8.000	1410.156	0.223
4540.000	8.000	1410.156	0.223
4550.000	8.000	1431.641	0.249
4560.000	8.000	1431.641	0.249
4570.000	8.000	1431.641	0.249
4580.000	8.000	1416.016	0.240
4590.000	8.000	1416.016	0.240
4600.000	8.000	1416.016	0.240
4610.000	8.000	1451.172	0.231
4620.000	8.000	1451.172	0.231
4630.000	8.000	1451.172	0.231
4640.000	8.000	1421.875	0.232
4650.000	8.000	1421.875	0.232
4660.000	8.000	1421.875	0.232
4670.000	8.000	1460.937	0.240
4680.000	8.000	1460.937	0.240
4690.000	8.000	1460.937	0.240
4700.000	8.000	1494.141	0.249
4710.000	8.000	1494.141	0.249
4720.000	8.000	1494.141	0.249
4730.000	8.000	1449.219	0.240
4740.000	8.000	1449.219	0.240
4750.000	8.000	1449.219	0.240
4760.000	8.000	1466.797	0.224
4770.000	8.000	1466.797	0.224
4780.000	8.000	1466.797	0.224
4790.000	8.000	1500.000	0.220
4800.000	8.000	1500.000	0.220
4810.000	8.000	1500.000	0.220
4820.000	8.000	1537.109	0.222
4830.000	8.000	1537.109	0.222
4840.000	8.000	1537.109	0.222
4850.000	8.000	1519.531	0.234
4860.000	8.000	1519.531	0.234
4870.000	8.000	1519.531	0.234
4880.000	8.000	1525.391	0.225
4890.000	8.000	1525.391	0.225
4900.000	8.000	1525.391	0.225
4910.000	8.000	1525.391	0.240
4920.000	8.000	1525.391	0.240
4930.000	8.000	1525.391	0.240
4940.000	8.000	1582.031	0.228
4950.000	8.000	1582.031	0.228
4960.000	8.000	1582.031	0.228
4970.000	8.000	1597.656	0.254
4980.000	8.000	1597.656	0.254
4990.000	8.000	1597.656	0.254
5000.000	8.000	1570.312	0.234
5010.000	8.000	1570.312	0.234
5020.000	8.000	1570.312	0.234
5030.000	8.000	1566.406	0.211
5040.000	8.000	1566.406	0.211
5050.000	8.000	1566.406	0.211
5060.000	8.000	1595.703	0.220
5070.000	8.000	1595.703	0.220
5080.000	8.000	1595.703	0.220
5090.000	8.000	1623.047	0.228
5100.000	8.000	1623.047	0.228
5110.000	8.000	1623.047	0.228
5120.000	8.000	1605.469	0.241
5130.000	8.000	1605.469	0.241
5140.000	8.000	1605.469	0.241
5150.000	8.000	1595.703	0.235
5160.000	8.000	1595.703	0.235
5170.000	8.000	1595.703	0.235
5180.000	8.000	1617.187	0.211
5190.000	8.000	1617.187	0.211
5200.000	8.000	1617.187	0.211
5210.000	8.000	1623.047	0.258
5220.000	8.000	1623.047	0.258
5230.000	8.000	1623.047	0.258
5240.000	8.000	1660.156	0.249
5250.000	8.000	1660.156	0.249
5260.000	8.000	1660.156	0.249
5270.000	8.000	1681.641	0.244
5280.000	8.000	1681.641	0.244
5290.000	8.000	1681.641	0.244
5300.000	8.000	1683.594	0.250
5310.000	8.000	1683.594	0.250
5320.000	8.000	1683.594	0.250
5330.000	8.000	1701.172	0.238
5340.000	8.000	1701.172	0.238
5350.000	8.000	1701.172	0.238
5360.000	8.000	1695.312	0.248
5370.000	8.000	1695.312	0.248
5380.000	8.000	1695.312	0.248
5390.000	8.000	1691.406	0.220
5400.000	8.000	1691.406	0.220
5410.000	8.000	1691.406	0.220
5420.000	8.000	1708.984	0.221
5430.000	8.000	1708.984	0.221
5440.000	8.000	1708.984	0.221
5450.000	8.000	1751.953	0.249
5460.000	8.000	1751.953	0.249
5470.000	8.000	1751.953	0.249
5480.000	8.000	1744.141	0.218
5490.000	8.000	1744.141	0.218
5500.000	8.000	1744.141	0.218
5510.000	8.000	1738.281	0.227
5520.000	8.000	1738.281	0.227
5530.000	8.000	1738.281	0.227
5540.000	8.000	1740.234	0.234
5550.000	8.000	1740.234	0.234
5560.000	8.000	1740.234	0.234
5570.000	8.000	1751.953	0.239
5580.000	8.000	1751.953	0.239
5590.000	8.000	1751.953	0.239
5600.000	8.000	1787.109	0.231
5610.000	8.000	1787.109	0.231
5620.000	8.000	1787.109	0.231
5630.000	8.000	1748.047	0.231
5640.000	8.000	1748.047	0.231
5650.000	8.000	1748.047	0.231
5660.000	8.000	1781.250	0.221
5670.000	8.000	1781.250	0.221
5680.000	8.000	1781.250	0.221
5690.000	8.000	1792.969	0.231
5700.000	8.000	1792.969	0.231
5710.000	8.000	1792.969	0.231
5720.000	8.000	1816.406	0.244
5730.000	8.000	1816.406	0.244
5740.000	8.000	1816.406	0.244
5750.000	8.000	1814.453	0.254
5760.000	8.000	1814.453	0.254
5770.000	8.000	1814.453	0.254
5780.000	8.000	1833.984	0.241
5790.000	8.000	1833.984	0.241
5800.000	8.000	1833.984	0.241
5810.000	8.000	1859.375	0.218
5820.000	8.000	1859.375	0.218
5830.000	8.000	1859.375	0.218
5840.000	8.000	1859.375	0.235
5850.000	8.000	1859.375	0.235
5860.000	8.000	1859.375	0.235
5870.000	8.000	1888.672	0.222
5880.000	8.000	1888.672	0.222
5890.000	8.000	1888.672	0.222
5900.000	8.000	1863.281	0.236
5910.000	8.000	1863.281	0.236
5920.000	8.000	1863.281	0.236
5930.000	8.000	1841.797	0.236
5940.000	8.000	1841.797	0.236
5950.000	8.000	1841.797	0.236
5960.000	8.000	1873.047	0.222
5970.000	8.000	1873.047	0.222
5980.000	8.000	1873.047	0.222
5990.000	8.000	1876.953	0.249
6000.000	8.000	1876.953	0.249
6010.000	8.000	1876.953	0.249
6020.000	8.000	1896.484	0.240
6030.000	8.000	1896.484	0.240
6040.000	8.000	1896.484	0.240
6050.000	8.000	1892.578	0.226
6060.000	8.000	1892.578	0.226
6070.000	8.000	1892.578	0.226
6080.000	8.000	1919.922	0.244
6090.000	8.000	1919.922	0.244
6100.000	8.000	1919.922	0.244
6110.000	8.000	1955.078	0.104
6120.000	8.000	1955.078	0.104
6130.000	8.000	1955.078	0.104
6140.000	8.000	1939.453	0.027
6150.000	8.000	1939.453	0.027
6160.000	8.000	1939.453	0.027
6170.000	8.000	1904.297	0.006
6180.000	8.000	1904.297	0.006
6190.000	8.000	1904.297	0.006
6200.000	8.000	1894.531	0.026
6210.000	8.000	1894.531	0.026
6220.000	8.000	1894.531	0.026
6230.000	8.000	1894.531	0.011
6240.000	8.000	1894.531	0.011
6250.000	8.000	1894.531	0.011
6260.000	8.000	1884.766	0.018
6270.000	8.000	1884.766	0.018
6280.000	8.000	1884.766	0.018
6290.000	8.000	1876.953	0.013
6300.000	8.000	1876.953	0.013
6310.000	8.000	1876.953	0.013
6320.000	8.000	1861.328	-0.001
6330.000	8.000	1861.328	-0.001
6340.000	8.000	1861.328	-0.001
6350.000	8.000	1839.844	-0.011
6360.000	8.000	1839.844	-0.011
6370.000	8.000	1839.844	-0.011
6380.000	8.000	1849.609	-0.006
6390.000	8.000	1849.609	-0.006
6400.000	8.000	1849.609	-0.006
6410.000	8.000	1787.109	0.010
6420.000	8.000	1787.109	0.010
6430.000	8.000	1787.109	0.010
6440.000	8.000	1765.625	-0.004
6450.000	8.000	1765.625	-0.004
6460.000	8.000	1765.625	-0.004
6470.000	8.000	1761.719	0.015
6480.000	8.000	1761.719	0.015
6490.000	8.000	1761.719	0.015
6500.000	8.000	1757.812	-0.015
6510.000	8.000	1757.812	-0.015
6520.000	8.000	1757.812	-0.015
6530.000	8.000	1750.000	0.021
6540.000	8.000	1750.000	0.021
6550.000	8.000	1750.000	0.021
6560.000	8.000	1771.484	0.017
6570.000	8.000	1771.484	0.017
6580.000	8.000	1771.484	0.017
6590.000	8.000	1738.281	-0.007
6600.000	8.000	1738.281	-0.007
6610.000	8.000	1738.281	-0.007
6620.000	8.000	1732.422	0.009
6630.000	8.000	1732.422	0.009
6640.000	8.000	1732.422	0.009
6650.000	8.000	1728.516	-0.019
6660.000	8.000	1728.516	-0.019
6670.000	8.000	1728.516	-0.019
6680.000	8.000	1734.375	0.008
6690.000	8.000	1734.375	0.008
6700.000	8.000	1734.375	0.008
6710.000	8.000	1667.969	-0.015
6720.000	8.000	1667.969	-0.015
6730.000	8.000	1667.969	-0.015
6740.000	8.000	1662.109	0.012
6750.000	8.000	1662.109	0.012
6760.000	8.000	1662.109	0.012
6770.000	8.000	1683.594	0.015
6780.000	8.000	1683.594	0.015
6790.000	8.000	1683.594	0.015
6800.000	8.000	1660.156	-0.009
6810.000	8.000	1660.156	-0.009
6820.000	8.000	1660.156	-0.009
6830.000	8.000	1644.531	-0.004
6840.000	8.000	1644.531	-0.004
6850.000	8.000	1644.531	-0.004
6860.000	8.000	1648.437	-0.011
6870.000	8.000	1648.437	-0.011
6880.000	8.000	1648.437	-0.011
6890.000	8.000	1589.844	0.000
6900.000	8.000	1589.844	0.000
6910.000	8.000	1589.844	0.000
6920.000	8.000	1626.953	-0.002
6930.000	8.000	1626.953	-0.002
6940.000	8.000	1626.953	-0.002
6950.000	8.000	1601.562	-0.019
6960.000	8.000	1601.562	-0.019
6970.000	8.000	1601.562	-0.019
6980.000	8.000	1613.281	0.007
6990.000	8.000	1613.281	0.007
7000.000	8.000	1613.281	0.007
7010.000	8.000	1597.656	-0.005
7020.000	8.000	1597.656	-0.005
